Date/Time	Green Algae	Bluegreen	Diatoms	Cryptophyta	#5	#6	#7	Yellow substances	Total conc.	Transmission	Depth	Temp. Sample	Green Algae	Bluegreen	Diatoms	Cryptophyta	#5	#6	#7	Yellow substances	Total cell count	Trans. 700 nm	LED 3 [525 nm]	LED 4 [570 nm]	LED 5 [610 nm]	LED 6 [370 nm]	LED 7 [590 nm]	LED 8 [470 nm]	Pressure	Temp. LEDs	Temp. Sensor
date	µg/l	µg/l	µg/l	µg/l	µg/l	µg/l	µg/l	r.u.	µg/l	%	m	°C	cells/ml	cells/ml	cells/ml	cells/ml	cells/ml	cells/ml	cells/ml	r.u.	cells/ml	digits	digits	digits	digits	digits	digits	digits	bar	°C	°C
7/1/2024 12:51:45 PM	1.23	59.20	0.00	0.00	0.00	0.00	0.00	1.32	60.43	60.40	0.24	26.83	653	59201	0	0	0	0	0	0	59854	110.19	38.64	35.98	223.24	72.22	199.39	28.50	1.02	22.27	24.44
7/1/2024 12:51:48 PM	2.69	61.68	0.00	0.00	0.00	0.00	0.00	1.35	64.37	64.00	0.43	26.89	1428	61678	0	0	0	0	0	0	63105	116.75	40.45	36.80	233.53	78.18	209.11	34.14	1.04	22.29	24.36
7/1/2024 12:51:50 PM	3.31	62.41	0.00	0.00	0.00	0.00	0.00	1.53	65.72	63.57	0.67	26.91	1754	62406	0	0	0	0	0	0	64160	115.97	44.00	38.23	236.50	82.40	211.89	37.54	1.07	22.33	24.41
7/1/2024 12:51:53 PM	4.39	63.02	0.00	0.00	0.00	0.00	0.00	1.56	67.41	65.14	0.83	26.81	2326	63019	0	0	0	0	0	0	65345	118.82	45.43	39.18	239.83	85.89	214.49	41.47	1.08	22.38	24.44
7/1/2024 12:51:56 PM	3.52	62.45	0.00	0.00	0.00	0.00	0.00	1.58	65.96	62.19	0.89	26.77	1863	62447	0	0	0	0	0	0	64310	113.45	42.52	39.51	239.35	83.96	209.60	38.60	1.09	22.44	24.49
7/1/2024 12:51:59 PM	3.21	61.17	0.00	0.00	0.00	0.00	0.00	1.60	64.38	56.07	1.03	26.72	1699	61171	0	0	0	0	0	0	62870	102.28	41.05	38.43	234.63	82.50	205.04	37.40	1.10	22.47	24.47
7/1/2024 12:52:02 PM	2.55	61.23	0.00	0.00	0.00	0.00	0.00	1.64	63.79	56.38	1.13	26.65	1354	61234	0	0	0	0	0	0	62588	102.84	40.52	38.51	234.64	81.70	204.46	35.59	1.11	22.52	24.46
7/1/2024 12:52:04 PM	2.07	62.25	0.00	0.00	0.00	0.00	0.00	1.71	64.32	56.54	1.17	26.62	1097	62254	0	0	0	0	0	0	63351	103.14	41.15	38.73	238.41	82.39	207.11	34.73	1.11	22.57	24.52
7/1/2024 12:52:07 PM	1.66	62.65	0.00	0.00	0.00	0.00	0.00	1.80	64.31	55.95	1.20	26.56	880	62647	0	0	0	0	0	0	63527	102.07	41.09	38.61	239.61	83.00	208.18	34.10	1.12	22.61	24.50
7/1/2024 12:52:10 PM	1.78	63.07	0.00	0.00	0.00	0.00	0.00	1.85	64.86	56.38	1.20	26.52	946	63072	0	0	0	0	0	0	64018	102.84	41.46	38.73	241.81	84.43	209.22	34.98	1.12	22.68	24.55
7/1/2024 12:52:13 PM	2.01	61.20	0.00	0.00	0.00	0.00	0.00	1.78	63.21	56.73	1.30	26.37	1064	61198	0	0	0	0	0	0	62262	103.49	40.89	37.66	233.85	82.25	204.34	34.73	1.13	22.69	24.49
7/1/2024 12:52:15 PM	0.00	38.44	0.00	0.00	0.00	0.00	0.00	2.21	38.44	66.80	1.48	25.22	0	38440	0	0	0	0	0	0	38440	121.85	28.21	24.55	145.99	64.03	130.02	25.09	1.15	22.75	24.57
7/1/2024 12:52:18 PM	0.00	13.55	0.00	0.00	0.00	0.00	0.00	1.87	13.55	87.37	1.76	24.19	0	13555	0	0	0	0	0	0	13555	159.35	13.59	9.19	51.86	38.42	49.74	15.49	1.17	22.78	24.60
7/1/2024 12:52:21 PM	0.00	15.09	0.00	0.00	0.00	0.00	0.00	1.93	15.09	86.64	1.90	24.76	0	15089	0	0	0	0	0	0	15089	158.02	14.58	10.40	57.69	40.66	54.66	16.23	1.19	22.83	24.57
7/1/2024 12:52:23 PM	0.00	13.85	0.00	0.00	0.00	0.00	0.00	1.85	13.85	86.79	2.02	24.00	0	13846	0	0	0	0	0	0	13846	158.30	13.10	9.67	53.47	38.74	50.14	14.95	1.20	22.87	24.62
7/1/2024 12:52:27 PM	0.00	4.94	0.00	0.00	0.00	0.00	0.00	1.49	4.94	89.28	2.24	21.96	0	4936	0	0	0	0	0	0	4936	162.84	7.18	3.89	20.16	25.96	20.81	10.59	1.22	22.91	24.62
7/1/2024 12:52:29 PM	0.00	2.10	0.00	0.00	0.00	0.00	0.00	1.23	2.10	89.90	2.45	22.42	0	2102	0	0	0	0	0	0	2102	163.96	4.51	2.24	9.77	19.59	11.16	8.66	1.24	22.94	24.65
7/1/2024 12:52:32 PM	0.00	1.66	0.00	0.00	0.00	0.00	0.00	1.14	1.66	90.11	2.55	22.57	0	1659	0	0	0	0	0	0	1659	164.35	3.96	2.08	8.27	18.10	9.45	7.87	1.25	22.98	24.62
7/1/2024 12:52:35 PM	0.33	1.61	0.00	0.57	0.00	0.00	0.00	1.01	2.51	89.17	2.74	21.47	174	1614	0	17	0	0	0	0	1806	162.64	5.62	2.70	9.47	18.21	11.77	10.70	1.27	22.99	24.60
7/1/2024 12:52:37 PM	1.13	1.38	0.00	0.76	0.00	0.00	0.00	0.89	3.27	88.83	2.95	19.44	600	1380	0	23	0	0	0	0	2004	162.02	6.34	3.07	9.92	18.74	11.93	13.18	1.29	23.04	24.67
7/1/2024 12:52:40 PM	2.33	1.35	0.00	0.53	0.00	0.00	0.00	0.79	4.21	88.73	3.20	17.81	1236	1349	0	16	0	0	0	0	2601	161.83	6.10	2.94	10.30	19.53	11.79	15.50	1.31	23.07	24.70
7/1/2024 12:52:43 PM	2.88	1.19	0.00	0.35	0.00	0.00	0.00	0.82	4.42	88.89	3.34	16.68	1524	1194	0	11	0	0	0	0	2728	162.12	5.78	2.37	9.62	20.59	11.33	16.75	1.33	23.09	24.60
7/1/2024 12:52:46 PM	2.61	0.97	0.00	0.31	0.00	0.00	0.00	0.77	3.89	88.94	3.51	15.95	1384	965	0	9	0	0	0	0	2359	162.22	5.21	2.14	8.42	19.02	10.23	15.34	1.34	23.12	24.76
7/1/2024 12:52:48 PM	2.74	0.82	0.00	0.24	0.00	0.00	0.00	0.81	3.81	88.48	3.74	15.41	1452	824	0	7	0	0	0	0	2283	161.38	5.07	2.00	7.87	19.65	9.65	15.77	1.37	23.13	24.60
7/1/2024 12:52:51 PM	2.41	1.00	0.27	0.00	0.00	0.00	0.00	0.37	3.68	77.49	4.05	15.16	1276	998	122	0	0	0	0	0	2396	141.34	4.08	1.58	7.96	13.01	8.82	11.81	1.40	23.20	24.71
7/1/2024 12:52:54 PM	2.14	1.16	0.53	0.00	0.00	0.00	0.00	0.23	3.83	73.12	4.29	13.18	1137	1157	237	0	0	0	0	0	2530	133.37	4.27	1.90	8.60	11.12	9.16	10.97	1.42	23.17	24.78
7/1/2024 12:52:57 PM	1.50	1.00	0.39	0.00	0.00	0.00	0.00	0.24	2.90	73.47	4.51	12.47	798	1003	178	0	0	0	0	0	1978	134.02	3.55	1.63	7.36	9.31	8.04	8.38	1.44	23.22	24.71
7/1/2024 12:52:59 PM	1.22	0.95	0.16	0.00	0.00	0.00	0.00	0.26	2.32	73.19	4.80	11.77	648	945	71	0	0	0	0	0	1664	133.50	2.90	1.51	6.73	8.37	7.37	6.67	1.47	23.21	24.83
7/1/2024 12:53:02 PM	1.20	0.99	0.14	0.00	0.00	0.00	0.00	0.25	2.33	72.51	5.13	11.65	634	993	62	0	0	0	0	0	1689	132.26	2.86	1.53	6.87	8.15	7.47	6.45	1.50	23.21	24.78
7/1/2024 12:53:05 PM	1.29	1.01	0.00	0.00	0.00	0.00	0.00	0.26	2.30	71.80	5.44	11.55	686	1006	0	0	0	0	0	0	1692	130.96	2.60	1.42	6.92	8.15	7.43	6.26	1.53	23.23	24.78
7/1/2024 12:53:08 PM	1.33	0.98	0.03	0.00	0.00	0.00	0.00	0.25	2.33	71.71	5.69	11.57	704	976	12	0	0	0	0	0	1692	130.81	2.68	1.46	6.81	8.16	7.41	6.42	1.56	23.23	24.75
7/1/2024 12:53:10 PM	1.25	1.05	0.02	0.00	0.00	0.00	0.00	0.25	2.33	71.55	5.98	11.48	663	1050	11	0	0	0	0	0	1724	130.52	2.69	1.45	7.05	8.06	7.57	6.19	1.59	23.23	24.78
