Date/Time	Green Algae	Bluegreen	Diatoms	Cryptophyta	#5	#6	#7	Yellow substances	Total conc.	Transmission	Depth	Temp. Sample	Green Algae	Bluegreen	Diatoms	Cryptophyta	#5	#6	#7	Yellow substances	Total cell count	Trans. 700 nm	LED 3 [525 nm]	LED 4 [570 nm]	LED 5 [610 nm]	LED 6 [370 nm]	LED 7 [590 nm]	LED 8 [470 nm]	Pressure	Temp. LEDs	Temp. Sensor
date	µg/l	µg/l	µg/l	µg/l	µg/l	µg/l	µg/l	r.u.	µg/l	%	m	°C	cells/ml	cells/ml	cells/ml	cells/ml	cells/ml	cells/ml	cells/ml	r.u.	cells/ml	digits	digits	digits	digits	digits	digits	digits	bar	°C	°C
7/21/2025 9:33:06 AM	5.65	1.98	14.80	1.73	0.00	0.00	0.00	0.00	24.16	69.40	0.09	26.38	2996	1983	6659	52	0	0	0	0	11689	126.59	41.06	10.20	32.78	52.30	35.07	88.12	1.01	22.37	22.45
7/21/2025 9:33:09 AM	6.15	2.05	15.46	1.45	0.00	0.00	0.00	0.00	25.11	70.26	0.24	26.33	3261	2051	6955	43	0	0	0	0	12311	128.16	42.05	9.53	33.15	54.66	35.69	91.21	1.02	22.42	22.50
7/21/2025 9:33:11 AM	7.20	1.24	13.75	2.75	0.00	0.00	0.00	0.00	24.94	69.99	0.33	26.23	3814	1243	6188	82	0	0	0	0	11328	127.67	42.31	9.75	32.29	55.49	37.12	92.53	1.03	22.46	22.51
7/21/2025 9:33:14 AM	8.42	1.22	12.15	3.27	0.00	0.00	0.00	0.00	25.07	70.08	0.38	26.21	4465	1222	5468	98	0	0	0	0	11253	127.82	41.03	10.35	33.09	55.55	38.15	92.25	1.04	22.52	22.59
7/21/2025 9:33:17 AM	6.35	1.88	15.57	2.22	0.00	0.00	0.00	0.00	26.02	69.84	0.43	26.28	3366	1876	7007	67	0	0	0	0	12316	127.39	44.59	9.98	34.41	57.07	38.48	95.33	1.04	22.54	22.54
7/21/2025 9:33:20 AM	7.41	1.54	13.83	3.12	0.00	0.00	0.00	0.00	25.90	70.04	0.48	26.10	3925	1541	6223	94	0	0	0	0	11783	127.75	43.84	11.68	34.86	57.43	39.07	94.99	1.05	22.58	22.58
7/21/2025 9:33:23 AM	8.11	0.85	12.66	3.92	0.00	0.00	0.00	0.00	25.54	70.35	0.53	26.09	4298	852	5695	118	0	0	0	0	10964	128.32	43.43	11.57	33.76	56.78	39.23	96.03	1.05	22.63	22.62
7/21/2025 9:33:25 AM	6.82	1.47	13.88	3.44	0.00	0.00	0.00	0.00	25.61	70.16	0.56	26.25	3617	1466	6248	103	0	0	0	0	11433	127.97	44.67	11.13	34.48	57.29	40.05	94.22	1.05	22.67	22.61
7/21/2025 9:33:28 AM	6.62	1.78	14.59	3.16	0.00	0.00	0.00	0.00	26.15	70.35	0.65	26.17	3508	1777	6566	95	0	0	0	0	11947	128.32	45.09	11.49	35.96	56.61	40.41	96.48	1.06	22.70	22.62
7/21/2025 9:33:31 AM	7.08	1.62	14.41	3.40	0.00	0.00	0.00	0.00	26.51	70.42	0.69	26.13	3751	1623	6483	102	0	0	0	0	11960	128.44	45.64	11.23	35.93	57.94	41.23	97.96	1.07	22.76	22.70
7/21/2025 9:33:34 AM	6.27	1.76	14.26	2.95	0.00	0.00	0.00	0.00	25.23	69.66	0.71	26.28	3321	1765	6415	88	0	0	0	0	11589	127.06	43.80	10.95	34.50	55.50	39.06	92.38	1.07	22.79	22.66
7/21/2025 9:33:37 AM	7.20	1.50	13.40	3.50	0.00	0.00	0.00	0.00	25.60	70.14	0.75	26.30	3817	1501	6028	105	0	0	0	0	11452	127.95	43.85	11.72	34.98	56.53	39.86	94.20	1.07	22.82	22.69
7/21/2025 9:33:39 AM	6.76	1.79	14.36	2.90	0.00	0.00	0.00	0.00	25.81	69.94	0.82	26.23	3581	1789	6464	87	0	0	0	0	11920	127.58	44.13	10.34	34.85	56.46	39.82	94.50	1.08	22.85	22.72
7/21/2025 9:33:42 AM	6.26	2.01	15.78	4.22	0.00	0.00	0.00	0.00	28.26	69.78	0.91	26.21	3315	2010	7099	126	0	0	0	0	12551	127.28	51.14	13.15	39.48	63.19	46.11	102.94	1.09	22.90	22.75
7/21/2025 9:33:45 AM	10.88	4.61	20.97	6.76	0.00	0.00	0.00	0.00	43.22	69.03	0.96	26.07	5765	4607	9438	203	0	0	0	0	20014	125.92	74.68	21.71	63.22	97.76	72.46	147.82	1.09	22.95	22.74
7/21/2025 9:33:48 AM	17.55	14.11	56.39	1.17	0.00	0.00	0.00	1.26	89.23	66.16	1.03	25.95	9303	14113	25376	35	0	0	0	0	48827	120.68	147.63	35.68	124.17	215.00	124.80	300.51	1.10	22.98	22.72
7/21/2025 9:33:50 AM	20.86	10.79	50.61	3.27	0.00	0.00	0.00	0.14	85.53	66.66	1.09	25.61	11056	10788	22777	98	0	0	0	0	44719	121.59	138.58	33.43	113.55	195.23	117.89	287.63	1.11	23.02	22.67
7/21/2025 9:33:53 AM	26.46	18.80	78.77	0.00	0.00	0.00	0.00	1.04	124.03	64.85	1.14	25.02	14022	18799	35448	0	0	0	0	0	68269	118.29	200.22	46.10	168.20	289.85	163.97	414.58	1.11	23.05	22.80
7/21/2025 9:33:56 AM	18.27	9.93	61.23	5.22	0.00	0.00	0.00	0.45	94.65	65.38	1.18	25.08	9681	9934	27554	157	0	0	0	0	47326	119.26	166.08	35.48	121.62	223.87	132.71	331.00	1.12	23.12	22.91
7/21/2025 9:33:59 AM	20.67	12.98	71.45	3.59	0.00	0.00	0.00	0.58	108.69	64.71	1.22	25.39	10954	12978	32154	108	0	0	0	0	56193	118.04	186.89	40.56	140.96	255.38	148.49	375.27	1.12	23.12	22.82
7/21/2025 9:34:02 AM	21.51	17.85	81.62	0.00	0.00	0.00	0.00	0.87	120.98	63.60	1.24	24.78	11399	17850	36730	0	0	0	0	0	65980	116.02	202.52	45.31	162.10	282.11	160.84	408.30	1.12	23.17	22.91
7/21/2025 9:34:04 AM	21.73	17.92	82.05	0.00	0.00	0.00	0.00	0.85	121.70	63.21	1.26	24.12	11515	17923	36924	0	0	0	0	0	66362	115.30	203.68	44.91	163.42	283.42	161.25	410.56	1.12	23.20	22.87
7/21/2025 9:34:07 AM	19.17	16.28	74.60	0.00	0.00	0.00	0.00	1.01	110.05	63.39	1.31	23.96	10159	16280	33572	0	0	0	0	0	60012	115.64	185.42	40.04	147.38	259.65	147.68	373.05	1.13	23.25	22.93
7/21/2025 9:34:10 AM	19.88	16.47	73.20	0.00	0.00	0.00	0.00	0.93	109.56	62.93	1.36	23.79	10537	16474	32940	0	0	0	0	0	59951	114.79	182.75	39.82	147.29	256.94	147.48	369.29	1.13	23.28	22.90
7/21/2025 9:34:13 AM	17.86	14.86	63.03	1.02	0.00	0.00	0.00	0.50	96.78	62.97	1.41	23.44	9465	14865	28365	31	0	0	0	0	52726	114.87	160.64	36.70	132.19	221.99	133.96	322.44	1.14	23.30	22.91
7/21/2025 9:34:15 AM	16.06	13.40	45.25	7.72	0.00	0.00	0.00	0.00	82.42	63.57	1.45	23.25	8511	13400	20362	231	0	0	0	0	42505	115.95	138.91	38.67	124.18	181.28	133.49	267.31	1.14	23.33	22.93
7/21/2025 9:34:18 AM	13.47	13.64	35.01	12.84	0.00	0.00	0.00	0.07	74.96	63.71	1.47	23.26	7138	13638	15754	385	0	0	0	0	36916	116.21	130.95	42.04	125.06	163.75	140.52	237.77	1.14	23.40	23.01
7/21/2025 9:34:21 AM	14.77	14.50	41.92	9.51	0.00	0.00	0.00	0.32	80.70	63.51	1.49	23.37	7826	14500	18866	285	0	0	0	0	41476	115.84	137.79	41.22	128.33	179.95	139.18	258.85	1.15	23.42	22.99
7/21/2025 9:34:24 AM	15.16	14.60	41.75	8.74	0.00	0.00	0.00	0.35	80.25	63.31	1.53	23.44	8035	14599	18787	262	0	0	0	0	41683	115.49	135.51	40.44	127.18	179.15	136.81	256.79	1.15	23.46	23.03
7/21/2025 9:34:26 AM	13.77	13.77	33.62	13.62	0.00	0.00	0.00	0.30	74.79	63.53	1.56	23.08	7299	13773	15130	409	0	0	0	0	36611	115.89	131.01	42.64	126.33	166.11	142.87	237.78	1.15	23.47	23.03
7/21/2025 9:34:29 AM	13.95	16.02	34.75	12.61	0.00	0.00	0.00	0.31	77.33	63.32	1.59	22.82	7396	16017	15637	378	0	0	0	0	39427	115.51	132.05	44.28	133.69	168.96	147.44	239.70	1.16	23.50	23.09
7/21/2025 9:34:32 AM	14.81	16.39	34.17	13.01	0.00	0.00	0.00	0.16	78.38	63.32	1.62	22.88	7851	16387	15377	390	0	0	0	0	40005	115.51	132.41	44.68	135.98	168.69	150.30	240.77	1.16	23.52	23.06
7/21/2025 9:34:34 AM	13.98	20.69	33.33	12.65	0.00	0.00	0.00	0.00	80.65	63.04	1.64	22.87	7408	20692	14997	379	0	0	0	0	43477	115.00	131.60	47.50	149.46	165.04	161.38	233.35	1.16	23.54	23.09
7/21/2025 9:34:37 AM	12.36	37.00	24.17	15.52	0.00	0.00	0.00	0.00	89.05	61.92	1.66	22.91	6548	37004	10875	466	0	0	0	0	54892	112.94	129.98	59.71	205.96	156.30	215.68	208.41	1.16	23.60	23.15
7/21/2025 9:34:40 AM	12.46	48.19	19.61	13.95	0.00	0.00	0.00	0.00	94.20	60.89	1.70	22.51	6605	48192	8822	418	0	0	0	0	64037	111.07	122.86	64.20	239.16	149.18	242.72	188.35	1.17	23.63	23.15
7/21/2025 9:34:43 AM	13.94	48.50	15.72	14.09	0.00	0.00	0.00	0.00	92.25	60.64	1.72	22.10	7390	48503	7072	423	0	0	0	0	63388	110.62	116.17	62.34	237.67	144.19	242.21	177.83	1.17	23.63	23.15
7/21/2025 9:34:45 AM	14.93	48.86	11.68	13.56	0.00	0.00	0.00	0.00	89.03	60.75	1.77	21.92	7913	48858	5257	407	0	0	0	0	62434	110.82	106.89	60.00	234.42	136.07	238.60	162.54	1.17	23.68	23.20
7/21/2025 9:34:48 AM	10.94	54.56	17.06	5.58	0.00	0.00	0.00	0.00	88.14	60.74	1.79	21.51	5799	54561	7678	167	0	0	0	0	68205	110.80	96.36	56.47	239.20	124.80	229.93	142.16	1.18	23.71	23.22
7/21/2025 9:34:51 AM	11.29	54.53	17.20	2.97	0.00	0.00	0.00	0.00	85.99	60.86	1.85	21.26	5985	54531	7739	89	0	0	0	0	68344	111.01	88.98	52.90	233.61	118.95	220.83	134.23	1.18	23.73	23.24
7/21/2025 9:34:54 AM	14.73	43.44	7.02	10.15	0.00	0.00	0.00	0.00	75.33	62.09	1.91	21.12	7806	43441	3159	304	0	0	0	0	54710	113.26	83.34	48.16	201.52	112.21	204.36	127.92	1.19	23.74	23.27
7/21/2025 9:34:56 AM	13.22	46.56	7.81	8.17	0.00	0.00	0.00	0.00	75.76	61.07	1.95	20.94	7009	46557	3516	245	0	0	0	0	57326	111.40	80.58	48.63	207.89	108.96	206.74	118.95	1.19	23.78	23.28
7/21/2025 9:34:59 AM	13.23	44.00	7.67	6.50	0.00	0.00	0.00	0.00	71.40	60.85	1.99	21.04	7010	43997	3453	195	0	0	0	0	54655	111.01	73.72	43.76	194.33	102.65	192.46	111.17	1.19	23.79	23.32
7/21/2025 9:35:02 AM	13.47	44.50	8.62	6.02	0.00	0.00	0.00	0.00	72.61	60.73	2.03	20.97	7138	44501	3880	181	0	0	0	0	55699	110.78	74.46	44.26	196.65	103.43	193.26	115.04	1.20	23.79	23.32
7/21/2025 9:35:04 AM	13.16	48.06	12.27	0.60	0.00	0.00	0.00	0.00	74.08	60.88	2.05	20.36	6973	48055	5519	18	0	0	0	0	60565	111.06	68.29	42.67	201.06	100.92	187.79	109.11	1.20	23.85	23.36
7/21/2025 9:35:07 AM	14.81	41.86	8.91	0.00	0.00	0.00	0.00	0.00	65.59	60.77	2.12	19.84	7852	41860	4011	0	0	0	0	0	53722	110.86	56.37	36.14	175.45	91.23	162.65	96.25	1.21	23.84	23.32
7/21/2025 9:35:10 AM	16.30	36.64	6.23	0.90	0.00	0.00	0.00	0.00	60.07	60.62	2.17	19.43	8638	36636	2805	27	0	0	0	0	48106	110.58	50.72	31.45	156.19	86.57	148.28	92.04	1.21	23.84	23.38
7/21/2025 9:35:13 AM	16.18	38.17	7.57	0.00	0.00	0.00	0.00	0.00	61.92	60.32	2.21	19.37	8575	38171	3407	0	0	0	0	0	50152	110.03	51.91	32.81	161.20	88.90	150.79	93.82	1.22	23.86	23.36
7/21/2025 9:35:15 AM	16.47	37.93	7.22	0.00	0.00	0.00	0.00	0.00	61.62	60.21	2.24	20.03	8731	37926	3251	0	0	0	0	0	49908	109.83	51.21	31.89	160.26	88.43	149.96	93.39	1.22	23.89	23.44
7/21/2025 9:35:18 AM	16.79	34.50	6.55	0.00	0.00	0.00	0.00	0.12	57.84	59.55	2.30	20.07	8898	34503	2949	0	0	0	0	0	46350	108.63	47.99	29.96	147.61	87.08	137.82	91.20	1.23	23.90	23.48
7/21/2025 9:35:21 AM	17.54	35.96	5.89	0.00	0.00	0.00	0.00	0.00	59.40	59.75	2.35	19.76	9297	35965	2652	0	0	0	0	0	47914	109.00	47.85	30.70	154.42	86.60	140.96	90.63	1.23	23.89	23.43
7/21/2025 9:35:24 AM	17.72	33.68	5.80	0.21	0.00	0.00	0.00	0.13	57.42	59.65	2.42	19.44	9393	33679	2612	6	0	0	0	0	45691	108.82	46.92	29.60	144.93	87.30	136.12	91.91	1.24	23.91	23.48
7/21/2025 9:35:27 AM	19.23	29.15	4.29	1.80	0.00	0.00	0.00	0.53	54.47	59.05	2.46	19.45	10192	29153	1931	54	0	0	0	0	41330	107.72	47.02	27.55	131.93	92.83	127.12	98.56	1.24	23.94	23.51
7/21/2025 9:35:29 AM	19.07	29.17	5.08	0.90	0.00	0.00	0.00	0.58	54.23	58.87	2.52	19.63	10109	29174	2287	27	0	0	0	0	41597	107.39	46.10	26.95	130.69	92.95	124.47	98.13	1.25	23.94	23.49
7/21/2025 9:35:32 AM	18.99	25.93	4.34	1.73	0.00	0.00	0.00	0.83	50.99	58.64	2.59	19.09	10066	25929	1954	52	0	0	0	0	38001	106.97	45.22	25.17	120.04	93.60	116.18	98.92	1.25	23.96	23.52
7/21/2025 9:35:35 AM	18.58	27.00	5.44	1.35	0.00	0.00	0.00	0.83	52.37	58.19	2.65	18.24	9850	27002	2448	40	0	0	0	0	39340	106.16	46.93	26.35	123.94	95.39	118.81	100.81	1.26	23.94	23.54
7/21/2025 9:35:38 AM	18.08	23.84	4.52	2.32	0.00	0.00	0.00	1.01	48.77	57.95	2.70	17.76	9584	23842	2034	70	0	0	0	0	35530	105.70	45.79	24.87	113.46	94.14	110.71	99.65	1.26	23.97	23.57
7/21/2025 9:35:40 AM	18.62	28.11	6.86	0.00	0.00	0.00	0.00	0.90	53.58	57.92	2.75	17.67	9866	28112	3085	0	0	0	0	0	41063	105.66	46.92	27.10	127.49	97.58	117.56	102.16	1.27	23.98	23.52
7/21/2025 9:35:43 AM	18.89	28.28	7.01	0.00	0.00	0.00	0.00	0.98	54.18	57.75	2.78	17.68	10013	28280	3154	0	0	0	0	0	41447	105.35	47.74	26.87	128.38	99.96	118.77	104.33	1.27	23.98	23.59
7/21/2025 9:35:46 AM	18.64	27.30	7.16	0.00	0.00	0.00	0.00	1.00	53.10	57.53	2.84	17.63	9878	27302	3221	0	0	0	0	0	40402	104.95	47.23	26.67	124.61	99.20	115.55	104.00	1.28	23.97	23.64
7/21/2025 9:35:49 AM	18.07	21.72	3.20	3.54	0.00	0.00	0.00	1.24	46.53	57.32	2.92	17.95	9575	21723	1442	106	0	0	0	0	32847	104.56	45.63	24.06	107.23	95.25	107.16	100.06	1.29	23.98	23.64
7/21/2025 9:35:51 AM	16.97	21.90	4.91	2.07	0.00	0.00	0.00	1.22	45.84	57.07	2.97	17.41	8995	21895	2209	62	0	0	0	0	33161	104.12	44.38	23.31	105.37	93.20	102.86	97.56	1.29	23.95	23.60
7/21/2025 9:35:54 AM	17.18	21.29	4.68	1.55	0.00	0.00	0.00	1.16	44.70	56.91	3.07	16.73	9106	21288	2106	46	0	0	0	0	32546	103.81	41.91	22.18	101.94	90.53	98.79	94.77	1.30	23.95	23.64
7/21/2025 9:35:57 AM	16.38	19.99	4.31	1.86	0.00	0.00	0.00	1.22	42.54	55.94	3.12	16.21	8681	19990	1941	56	0	0	0	0	30668	102.05	40.86	21.11	96.83	88.23	94.81	91.93	1.31	23.96	23.65
7/21/2025 9:35:59 AM	15.93	20.75	5.04	0.73	0.00	0.00	0.00	1.24	42.46	55.64	3.21	15.83	8444	20753	2270	22	0	0	0	0	31488	101.50	39.35	21.14	97.60	87.08	93.21	89.36	1.31	23.98	23.69
7/21/2025 9:36:02 AM	15.41	19.98	4.55	1.03	0.00	0.00	0.00	1.32	40.97	55.85	3.27	15.52	8169	19976	2048	31	0	0	0	0	30224	101.88	38.59	20.06	94.37	85.92	91.25	87.24	1.32	23.94	23.64
7/21/2025 9:36:05 AM	15.35	20.48	5.19	0.03	0.00	0.00	0.00	1.23	41.05	55.85	3.32	15.79	8134	20477	2337	1	0	0	0	0	30950	101.89	37.09	19.78	94.58	84.05	89.55	85.25	1.33	23.93	23.67
7/21/2025 9:36:08 AM	15.24	20.02	4.45	0.37	0.00	0.00	0.00	1.25	40.08	55.74	3.39	15.68	8079	20023	2000	11	0	0	0	0	30113	101.68	36.19	19.52	92.89	82.71	88.53	83.26	1.33	23.93	23.70
7/21/2025 9:36:10 AM	14.90	18.81	3.98	0.45	0.00	0.00	0.00	1.29	38.15	55.33	3.43	15.35	7896	18814	1792	14	0	0	0	0	28516	100.94	34.51	18.10	87.83	80.37	84.33	80.50	1.34	23.94	23.67
7/21/2025 9:36:13 AM	14.09	18.26	3.55	0.23	0.00	0.00	0.00	1.30	36.13	54.69	3.47	15.25	7467	18257	1597	7	0	0	0	0	27328	99.76	32.11	17.31	84.28	76.54	80.51	75.19	1.34	23.93	23.69
7/21/2025 9:36:16 AM	13.86	18.44	3.30	0.32	0.00	0.00	0.00	1.35	35.92	54.32	3.52	15.62	7344	18443	1484	10	0	0	0	0	27281	99.09	31.96	17.21	84.66	76.46	81.19	74.17	1.35	23.89	23.70
7/21/2025 9:36:19 AM	12.88	18.63	2.79	0.00	0.00	0.00	0.00	1.33	34.30	53.35	3.59	15.10	6826	18630	1254	0	0	0	0	0	26711	97.33	29.50	16.79	84.00	71.97	78.53	67.56	1.35	23.88	23.69
7/21/2025 9:36:21 AM	12.32	18.50	2.73	0.00	0.00	0.00	0.00	1.31	33.55	52.98	3.68	14.47	6531	18496	1230	0	0	0	0	0	26256	96.65	28.98	16.33	83.12	70.14	77.47	65.33	1.36	23.84	23.67
7/21/2025 9:36:24 AM	12.22	18.53	2.67	0.00	0.00	0.00	0.00	1.35	33.41	53.06	3.77	14.44	6474	18529	1200	0	0	0	0	0	26203	96.79	28.88	16.47	83.16	70.32	77.37	65.00	1.37	23.85	23.69
7/21/2025 9:36:26 AM	11.11	17.38	2.59	0.00	0.00	0.00	0.00	1.43	31.08	52.67	3.87	14.82	5889	17381	1164	0	0	0	0	0	24435	96.09	27.45	15.14	77.40	67.66	73.38	61.34	1.38	23.84	23.75
7/21/2025 9:36:29 AM	10.62	17.19	2.27	0.00	0.00	0.00	0.00	1.50	30.08	53.09	3.96	14.67	5630	17190	1022	0	0	0	0	0	23842	96.85	26.53	14.97	76.16	66.55	71.91	58.91	1.39	23.84	23.80
7/21/2025 9:36:32 AM	9.98	16.95	2.08	0.00	0.00	0.00	0.00	1.58	29.01	53.37	4.03	14.45	5289	16953	937	0	0	0	0	0	23178	97.36	25.78	14.58	74.77	65.38	70.31	56.47	1.39	23.79	23.67
7/21/2025 9:36:35 AM	10.05	16.64	1.87	0.00	0.00	0.00	0.00	1.59	28.57	53.38	4.11	14.72	5328	16640	842	0	0	0	0	0	22811	97.38	25.15	14.29	73.15	64.93	69.52	55.89	1.40	23.79	23.77
7/21/2025 9:36:38 AM	9.55	16.12	1.55	0.00	0.00	0.00	0.00	1.61	27.23	53.68	4.22	14.11	5060	16125	699	0	0	0	0	0	21884	97.93	23.94	13.80	71.33	62.76	66.24	52.91	1.41	23.77	23.77
7/21/2025 9:36:40 AM	8.46	15.67	1.84	0.00	0.00	0.00	0.00	1.69	25.97	54.40	4.28	13.49	4485	15671	829	0	0	0	0	0	20985	99.24	23.76	13.26	68.29	61.64	65.10	50.96	1.42	23.74	23.72
7/21/2025 9:36:43 AM	8.54	15.97	1.45	0.00	0.00	0.00	0.00	1.70	25.96	55.08	4.37	13.43	4524	15967	653	0	0	0	0	0	21145	100.49	23.32	13.30	70.28	61.30	64.45	49.78	1.43	23.72	23.73
7/21/2025 9:36:46 AM	8.34	16.10	1.51	0.00	0.00	0.00	0.00	1.71	25.95	55.83	4.44	13.79	4418	16104	679	0	0	0	0	0	21201	101.84	23.35	13.52	69.87	61.20	65.66	49.47	1.43	23.68	23.80
7/21/2025 9:36:49 AM	7.89	14.92	1.63	0.13	0.00	0.00	0.00	1.75	24.56	55.68	4.49	14.41	4179	14917	734	4	0	0	0	0	19834	101.58	22.97	12.48	64.78	60.29	62.93	48.96	1.44	23.67	23.73
7/21/2025 9:36:51 AM	8.37	16.58	1.29	0.00	0.00	0.00	0.00	1.74	26.24	56.10	4.53	14.87	4436	16576	582	0	0	0	0	0	21593	102.34	23.33	13.78	71.88	61.52	66.56	49.01	1.44	23.63	23.75
7/21/2025 9:36:54 AM	8.01	15.54	1.39	0.00	0.00	0.00	0.00	1.76	24.94	56.12	4.57	15.05	4245	15541	624	0	0	0	0	0	20410	102.38	22.61	13.01	67.17	60.37	63.75	48.13	1.45	23.61	23.72
7/21/2025 9:36:57 AM	7.51	14.99	1.49	0.00	0.00	0.00	0.00	1.75	23.98	56.48	4.60	15.09	3980	14986	669	0	0	0	0	0	19635	103.04	22.18	12.43	65.14	58.76	61.27	46.62	1.45	23.60	23.77
7/21/2025 9:37:00 AM	7.41	15.02	1.12	0.46	0.00	0.00	0.00	1.81	24.01	56.23	4.62	15.01	3930	15016	505	14	0	0	0	0	19465	102.58	22.78	13.09	65.16	59.71	63.43	47.12	1.45	23.54	23.77
7/21/2025 9:37:02 AM	8.00	16.47	1.19	0.00	0.00	0.00	0.00	1.73	25.67	56.51	4.64	14.96	4240	16475	536	0	0	0	0	0	21251	103.09	22.89	13.21	71.37	60.20	65.60	47.30	1.45	23.54	23.75
7/21/2025 9:37:05 AM	8.51	17.55	0.90	0.00	0.00	0.00	0.00	1.72	26.95	55.92	4.66	14.98	4511	17547	403	0	0	0	0	0	22461	102.02	23.25	14.35	75.70	61.50	68.90	48.03	1.46	23.51	23.69
7/21/2025 9:37:08 AM	8.39	17.09	1.04	0.00	0.00	0.00	0.00	1.72	26.51	56.02	4.68	14.96	4447	17085	467	0	0	0	0	0	21999	102.20	23.13	13.97	73.56	61.18	67.96	48.10	1.46	23.50	23.73
7/21/2025 9:37:10 AM	8.39	17.78	0.85	0.00	0.00	0.00	0.00	1.68	27.02	56.47	4.69	14.80	4447	17783	382	0	0	0	0	0	22611	103.02	23.24	14.63	77.44	60.71	68.34	47.17	1.46	23.49	23.75
7/21/2025 9:37:13 AM	8.51	18.06	0.66	0.00	0.00	0.00	0.00	1.68	27.23	56.72	4.71	14.79	4510	18063	297	0	0	0	0	0	22871	103.46	23.11	14.74	78.59	60.73	68.97	46.87	1.46	23.43	23.70
7/21/2025 9:37:16 AM	8.57	18.35	0.59	0.00	0.00	0.00	0.00	1.65	27.51	56.71	4.72	14.93	4544	18351	264	0	0	0	0	0	23159	103.45	23.21	14.94	80.36	60.62	69.06	46.66	1.46	23.42	23.72
7/21/2025 9:37:19 AM	8.04	17.47	0.91	0.00	0.00	0.00	0.00	1.74	26.42	56.86	4.73	14.84	4261	17468	409	0	0	0	0	0	22138	103.72	22.88	14.42	74.08	60.52	69.29	46.64	1.46	23.38	23.73
7/21/2025 9:37:22 AM	7.81	16.41	1.01	0.00	0.00	0.00	0.00	1.75	25.22	57.01	4.75	14.67	4137	16409	454	0	0	0	0	0	20999	103.99	22.29	13.06	69.65	59.58	66.32	46.13	1.46	23.37	23.70
7/21/2025 9:37:24 AM	7.72	17.20	1.00	0.00	0.00	0.00	0.00	1.75	25.92	57.12	4.77	14.60	4090	17203	450	0	0	0	0	0	21743	104.20	22.77	13.73	72.78	59.89	68.50	45.93	1.47	23.34	23.69
7/21/2025 9:37:27 AM	7.86	17.38	0.89	0.00	0.00	0.00	0.00	1.75	26.13	57.52	4.80	14.59	4168	17375	400	0	0	0	0	0	21944	104.93	22.78	13.62	73.66	60.13	68.87	46.02	1.47	23.29	23.70
7/21/2025 9:37:30 AM	8.27	19.30	0.60	0.00	0.00	0.00	0.00	1.69	28.17	57.76	4.82	14.77	4382	19296	270	0	0	0	0	0	23949	105.37	23.67	14.59	81.31	61.20	74.64	46.28	1.47	23.28	23.70
7/21/2025 9:37:33 AM	8.56	22.25	0.37	0.00	0.00	0.00	0.00	1.68	31.18	58.65	4.84	14.91	4537	22247	166	0	0	0	0	0	26950	106.98	25.33	17.06	92.30	63.67	84.12	47.02	1.47	23.24	23.65
7/21/2025 9:37:35 AM	8.83	22.69	0.21	0.00	0.00	0.00	0.00	1.66	31.73	58.49	4.85	14.88	4681	22688	96	0	0	0	0	0	27465	106.70	25.52	17.39	95.23	64.03	84.27	47.23	1.47	23.18	23.65
7/21/2025 9:37:38 AM	8.54	20.46	0.08	0.00	0.00	0.00	0.00	1.63	29.09	58.90	4.90	14.38	4527	20463	37	0	0	0	0	0	25027	107.44	23.49	15.55	86.65	60.74	76.64	44.95	1.48	23.19	23.64
7/21/2025 9:37:41 AM	8.29	21.89	0.40	0.00	0.00	0.00	0.00	1.64	30.57	58.88	4.99	14.00	4391	21889	179	0	0	0	0	0	26460	107.41	24.96	16.55	91.18	62.18	82.32	45.81	1.49	23.13	23.70
7/21/2025 9:37:44 AM	7.51	21.83	1.02	0.00	0.00	0.00	0.00	1.67	30.36	59.01	5.07	13.65	3978	21832	460	0	0	0	0	0	26270	107.64	25.67	17.11	89.26	62.19	83.86	45.97	1.50	23.13	23.62
7/21/2025 9:37:46 AM	7.38	21.39	1.00	0.00	0.00	0.00	0.00	1.66	29.76	58.91	5.14	13.44	3910	21387	449	0	0	0	0	0	25746	107.46	25.33	16.51	88.26	61.40	81.48	45.28	1.50	23.09	23.62
7/21/2025 9:37:49 AM	8.30	23.31	0.41	0.00	0.00	0.00	0.00	1.63	32.02	59.30	5.23	13.53	4397	23309	186	0	0	0	0	0	27892	108.18	25.90	17.68	96.02	63.28	87.41	46.21	1.51	23.04	23.60
7/21/2025 9:37:52 AM	7.77	22.86	0.59	0.00	0.00	0.00	0.00	1.64	31.23	59.53	5.31	13.44	4118	22863	267	0	0	0	0	0	27248	108.59	25.71	17.20	93.85	62.32	86.02	45.20	1.52	23.03	23.65
7/21/2025 9:37:55 AM	7.83	23.19	0.33	0.00	0.00	0.00	0.00	1.64	31.35	59.18	5.39	13.41	4150	23186	149	0	0	0	0	0	27485	107.95	25.39	17.33	94.76	62.03	86.96	44.41	1.53	22.97	23.60
7/21/2025 9:37:58 AM	7.84	24.15	0.30	0.00	0.00	0.00	0.00	1.62	32.28	58.84	5.46	13.33	4156	24145	133	0	0	0	0	0	28434	107.34	25.90	18.22	98.27	62.42	90.01	44.38	1.53	22.93	23.60
7/21/2025 9:38:00 AM	7.95	24.13	0.11	0.00	0.00	0.00	0.00	1.63	32.19	59.30	5.53	13.01	4215	24127	48	0	0	0	0	0	28390	108.17	25.68	17.64	98.55	62.44	89.49	44.08	1.54	22.91	23.59
7/21/2025 9:38:03 AM	7.56	23.70	0.41	0.00	0.00	0.00	0.00	1.61	31.67	59.63	5.61	13.13	4008	23696	184	0	0	0	0	0	27888	108.77	25.70	18.12	97.03	61.54	87.79	43.72	1.55	22.89	23.56
7/21/2025 9:38:06 AM	7.32	24.03	0.48	0.00	0.00	0.00	0.00	1.65	31.83	59.40	5.70	13.38	3880	24025	218	0	0	0	0	0	28123	108.36	25.92	18.04	96.52	62.05	90.58	43.67	1.56	22.88	23.59
7/21/2025 9:38:09 AM	8.01	25.91	0.14	0.00	0.00	0.00	0.00	1.59	34.06	59.35	5.78	13.35	4243	25913	65	0	0	0	0	0	30221	108.26	26.88	19.02	104.83	63.52	95.77	44.56	1.57	22.80	23.56
7/21/2025 9:38:11 AM	7.70	25.58	0.10	0.00	0.00	0.00	0.00	1.63	33.38	59.23	5.87	13.57	4082	25578	44	0	0	0	0	0	29704	108.05	26.50	18.55	103.45	62.99	94.29	43.58	1.57	22.80	23.54
7/21/2025 9:38:14 AM	8.58	31.54	0.43	0.00	0.00	0.00	0.00	1.53	40.56	59.05	5.98	13.57	4550	31542	194	0	0	0	0	0	36286	107.72	31.47	22.98	124.96	69.46	116.40	48.69	1.59	22.76	23.54
7/21/2025 9:38:17 AM	9.25	33.63	0.19	0.00	0.00	0.00	0.00	1.50	43.07	58.53	6.04	12.81	4903	33627	84	0	0	0	0	0	38615	106.78	32.73	23.84	132.81	71.71	123.77	50.22	1.59	22.71	23.49
7/21/2025 9:38:19 AM	9.15	37.30	0.58	0.00	0.00	0.00	0.00	1.52	47.03	57.68	6.06	12.66	4848	37305	259	0	0	0	0	0	42412	105.22	36.10	26.60	146.59	75.83	136.18	52.54	1.59	22.69	23.52
7/21/2025 9:38:22 AM	9.58	36.78	0.20	0.00	0.00	0.00	0.00	1.44	46.56	57.59	6.11	13.02	5080	36778	89	0	0	0	0	0	41947	105.06	35.06	26.96	146.18	74.42	132.56	51.74	1.60	22.66	23.46
7/21/2025 9:38:25 AM	8.84	37.06	0.70	0.00	0.00	0.00	0.00	1.54	46.60	57.60	6.12	13.54	4685	37064	313	0	0	0	0	0	42061	105.07	35.95	26.95	145.13	75.40	135.66	52.07	1.60	22.65	23.51
7/21/2025 9:38:27 AM	8.57	35.01	0.60	0.00	0.00	0.00	0.00	1.56	44.18	58.27	6.13	13.60	4544	35006	270	0	0	0	0	0	39819	106.30	34.18	25.19	136.57	73.13	129.41	50.46	1.60	22.58	23.51
