Date/Time	Green Algae	Bluegreen	Diatoms	Cryptophyta	#5	#6	#7	Yellow substances	Total conc.	Transmission	Depth	Temp. Sample	Green Algae	Bluegreen	Diatoms	Cryptophyta	#5	#6	#7	Yellow substances	Total cell count	Trans. 700 nm	LED 3 [525 nm]	LED 4 [570 nm]	LED 5 [610 nm]	LED 6 [370 nm]	LED 7 [590 nm]	LED 8 [470 nm]	Pressure	Temp. LEDs	Temp. Sensor
date	µg/l	µg/l	µg/l	µg/l	µg/l	µg/l	µg/l	r.u.	µg/l	%	m	°C	cells/ml	cells/ml	cells/ml	cells/ml	cells/ml	cells/ml	cells/ml	r.u.	cells/ml	digits	digits	digits	digits	digits	digits	digits	bar	°C	°C
6/23/2025 12:13:24 PM	4.51	4.85	0.00	1.66	0.00	0.00	0.00	0.00	11.02	58.71	0.10	27.35	2391	4845	0	50	0	0	0	0	7286	107.10	10.89	8.62	27.32	19.24	28.35	22.58	1.01	22.52	24.30
6/23/2025 12:13:27 PM	4.97	7.34	0.00	0.00	0.00	0.00	0.00	0.52	12.31	63.70	0.13	27.20	2633	7341	0	0	0	0	0	0	9974	116.20	7.92	5.34	35.18	25.96	29.91	21.77	1.01	22.62	24.39
6/23/2025 12:13:30 PM	6.66	7.96	0.46	0.00	0.00	0.00	0.00	0.18	15.08	62.53	0.15	27.45	3531	7960	209	0	0	0	0	0	11699	114.06	11.20	9.95	39.59	26.72	32.09	26.98	1.01	22.69	24.36
6/23/2025 12:13:33 PM	7.40	8.30	0.22	0.00	0.00	0.00	0.00	0.00	15.92	62.76	0.17	27.62	3920	8301	99	0	0	0	0	0	12320	114.48	9.72	10.88	40.78	21.46	34.75	30.20	1.02	22.73	24.44
6/23/2025 12:13:35 PM	3.87	6.69	4.34	0.00	0.00	0.00	0.00	0.05	14.90	66.19	0.20	27.35	2052	6693	1952	0	0	0	0	0	10697	120.74	17.35	2.16	33.33	26.85	33.91	32.07	1.02	22.82	24.44
6/23/2025 12:13:38 PM	2.53	8.55	2.69	0.26	0.00	0.00	0.00	0.41	14.04	66.28	0.22	27.23	1342	8550	1211	8	0	0	0	0	11112	120.90	15.61	4.67	36.97	26.73	39.61	25.11	1.02	22.89	24.50
6/23/2025 12:13:41 PM	0.00	8.74	6.50	0.41	0.00	0.00	0.00	0.00	15.65	70.15	0.26	27.25	0	8736	2925	12	0	0	0	0	11673	127.95	21.55	7.90	40.48	23.16	41.06	31.15	1.03	22.93	24.42
6/23/2025 12:13:43 PM	4.83	7.38	2.57	0.00	0.00	0.00	0.00	0.00	14.78	67.12	0.29	27.14	2562	7376	1156	0	0	0	0	0	11094	122.44	13.65	5.48	36.05	22.51	33.90	29.49	1.03	23.01	24.42
6/23/2025 12:13:46 PM	5.47	6.98	3.31	1.14	0.00	0.00	0.00	0.00	16.90	71.16	0.32	27.07	2900	6979	1489	34	0	0	0	0	11402	129.80	18.33	8.05	37.93	27.48	38.60	39.46	1.03	23.05	24.52
6/23/2025 12:13:48 PM	4.92	8.51	3.22	0.00	0.00	0.00	0.00	0.00	16.65	71.21	0.32	26.90	2608	8510	1449	0	0	0	0	0	12567	129.90	16.31	8.64	43.78	26.69	34.50	31.66	1.03	23.10	24.42
6/23/2025 12:13:51 PM	9.31	8.30	0.00	0.00	0.00	0.00	0.00	0.00	17.61	74.20	0.37	26.88	4934	8297	0	0	0	0	0	0	13231	135.34	9.32	8.59	40.75	24.80	38.35	36.18	1.04	23.17	24.47
6/23/2025 12:13:54 PM	6.39	9.23	2.06	0.29	0.00	0.00	0.00	0.21	17.96	73.07	0.41	26.90	3385	9231	925	9	0	0	0	0	13550	133.29	16.07	11.60	44.23	32.13	40.86	34.12	1.04	23.21	24.44
6/23/2025 12:13:57 PM	7.59	7.02	0.00	2.17	0.00	0.00	0.00	0.00	16.77	74.25	0.48	26.84	4020	7020	0	65	0	0	0	0	11105	135.43	15.45	10.39	38.40	29.62	40.66	35.17	1.05	23.27	24.55
6/23/2025 12:14:00 PM	6.23	7.67	3.08	0.00	0.00	0.00	0.00	0.00	16.98	73.18	0.43	26.64	3300	7671	1386	0	0	0	0	0	12358	133.48	15.73	5.90	39.06	27.16	36.26	36.31	1.04	23.32	24.57
6/23/2025 12:14:02 PM	5.54	7.63	1.82	1.60	0.00	0.00	0.00	0.00	16.58	73.07	0.56	26.53	2937	7625	817	48	0	0	0	0	11427	133.28	16.81	12.94	41.33	26.26	38.59	35.17	1.05	23.36	24.59
6/23/2025 12:14:05 PM	8.53	8.00	0.00	1.17	0.00	0.00	0.00	0.00	17.69	72.87	0.61	26.46	4519	7997	0	35	0	0	0	0	12551	132.92	13.09	7.39	40.67	26.43	42.15	37.31	1.06	23.43	24.79
6/23/2025 12:14:08 PM	9.89	7.55	0.00	2.30	0.00	0.00	0.00	0.00	19.74	73.07	0.68	25.77	5240	7548	0	69	0	0	0	0	12857	133.28	17.30	10.74	42.53	35.05	45.08	43.95	1.07	23.44	24.59
6/23/2025 12:14:11 PM	7.83	10.01	5.19	0.00	0.00	0.00	0.00	0.00	23.03	71.90	0.72	25.22	4148	10010	2337	0	0	0	0	0	16495	131.15	22.63	7.17	50.13	37.36	48.67	51.20	1.07	23.47	24.59
6/23/2025 12:14:14 PM	11.94	7.54	0.72	2.15	0.00	0.00	0.00	0.00	22.36	71.58	0.73	25.08	6327	7544	324	65	0	0	0	0	14260	130.56	19.77	9.03	45.06	39.22	47.13	54.41	1.07	23.58	24.63
6/23/2025 12:14:16 PM	10.06	10.05	3.59	0.00	0.00	0.00	0.00	0.00	23.70	73.80	0.77	25.00	5334	10051	1614	0	0	0	0	0	17000	134.62	20.85	7.26	49.58	40.75	49.59	50.71	1.08	23.64	24.67
6/23/2025 12:14:19 PM	10.71	9.56	2.72	0.00	0.00	0.00	0.00	0.00	22.99	73.22	0.83	24.86	5675	9559	1226	0	0	0	0	0	16460	133.56	18.34	7.08	49.88	36.41	45.80	51.52	1.08	23.68	24.65
6/23/2025 12:14:22 PM	9.68	8.43	1.35	2.16	0.00	0.00	0.00	0.00	21.63	72.06	0.88	24.64	5130	8435	608	65	0	0	0	0	14238	131.44	20.47	10.45	47.27	36.32	48.48	49.69	1.09	23.68	24.76
6/23/2025 12:14:25 PM	10.16	9.73	2.37	0.67	0.00	0.00	0.00	0.00	22.93	72.30	0.92	24.71	5387	9732	1066	20	0	0	0	0	16204	131.88	19.70	9.25	49.44	38.51	49.15	49.22	1.09	23.74	24.75
6/23/2025 12:14:27 PM	9.73	8.73	2.65	1.49	0.00	0.00	0.00	0.00	22.59	71.83	0.96	24.50	5155	8726	1191	45	0	0	0	0	15116	131.02	21.07	9.23	48.20	36.20	48.82	53.95	1.09	23.78	24.78
6/23/2025 12:14:30 PM	10.08	10.09	4.70	0.00	0.00	0.00	0.00	0.00	24.87	70.91	0.99	24.09	5341	10095	2116	0	0	0	0	0	17552	129.34	22.93	10.27	52.48	42.64	48.82	55.90	1.10	23.84	24.76
6/23/2025 12:14:33 PM	11.23	9.64	3.74	0.81	0.00	0.00	0.00	0.00	25.42	71.64	1.03	23.85	5951	9639	1685	24	0	0	0	0	17299	130.68	23.28	10.45	52.09	43.45	51.27	59.64	1.10	23.87	24.78
6/23/2025 12:14:36 PM	11.23	11.22	4.06	0.00	0.00	0.00	0.00	0.00	26.51	72.12	1.07	23.48	5950	11222	1828	0	0	0	0	0	19000	131.55	23.03	11.80	57.89	44.90	51.64	57.26	1.10	23.92	24.87
6/23/2025 12:14:38 PM	12.63	10.22	2.33	1.28	0.00	0.00	0.00	0.00	26.46	72.16	1.09	23.31	6694	10217	1049	38	0	0	0	0	17998	131.62	22.82	10.57	54.93	44.78	54.96	60.60	1.11	23.95	24.79
6/23/2025 12:14:41 PM	13.21	9.72	2.55	1.21	0.00	0.00	0.00	0.00	26.69	72.31	1.12	23.44	7002	9715	1148	36	0	0	0	0	17902	131.89	23.59	10.47	53.11	48.44	53.66	61.36	1.11	23.98	24.81
6/23/2025 12:14:44 PM	13.00	13.36	2.91	0.00	0.00	0.00	0.00	0.00	29.27	71.30	1.16	23.37	6890	13361	1310	0	0	0	0	0	21561	130.06	23.00	11.65	64.22	48.08	61.28	58.98	1.11	24.02	24.84
6/23/2025 12:14:46 PM	13.97	15.59	2.01	0.00	0.00	0.00	0.00	0.00	31.56	69.51	1.19	23.22	7403	15587	903	0	0	0	0	0	23892	126.79	22.98	12.87	74.81	48.46	66.22	60.14	1.12	24.07	24.89
6/23/2025 12:14:49 PM	11.93	16.64	3.87	0.00	0.00	0.00	0.00	0.00	32.44	69.66	1.22	22.79	6323	16641	1743	0	0	0	0	0	24707	127.06	26.88	13.73	79.03	50.02	69.41	60.59	1.12	24.09	24.94
6/23/2025 12:14:52 PM	15.18	20.97	1.31	0.00	0.00	0.00	0.00	0.00	37.46	69.04	1.26	22.75	8045	20965	592	0	0	0	0	0	29602	125.93	25.91	15.58	93.27	54.43	86.07	62.50	1.12	24.11	24.97
6/23/2025 12:14:55 PM	13.79	28.18	1.95	0.00	0.00	0.00	0.00	0.00	43.92	68.42	1.30	22.69	7309	28180	877	0	0	0	0	0	36367	124.81	31.41	21.89	119.93	58.62	108.34	62.42	1.13	24.14	24.95
6/23/2025 12:14:57 PM	13.26	29.58	2.27	0.00	0.00	0.00	0.00	0.00	45.10	68.99	1.35	22.45	7027	29578	1020	0	0	0	0	0	37624	125.84	32.47	23.16	125.61	58.08	112.33	63.15	1.13	24.20	24.95
6/23/2025 12:15:00 PM	14.82	35.72	2.93	0.00	0.00	0.00	0.00	0.00	53.46	67.94	1.39	22.24	7853	35718	1317	0	0	0	0	0	44888	123.92	39.08	26.92	149.33	68.71	135.38	72.39	1.14	24.25	24.97
6/23/2025 12:15:03 PM	13.11	32.81	5.14	0.00	0.00	0.00	0.00	0.00	51.06	69.36	1.42	20.84	6949	32808	2314	0	0	0	0	0	42071	126.52	40.72	25.85	138.20	67.69	127.78	74.98	1.14	24.25	25.08
6/23/2025 12:15:06 PM	15.04	27.50	4.28	0.75	0.00	0.00	0.00	0.00	47.57	68.72	1.48	19.75	7973	27496	1926	23	0	0	0	0	37418	125.36	38.91	22.59	119.71	69.48	114.96	78.04	1.14	24.26	25.05
6/23/2025 12:15:08 PM	14.13	30.12	4.76	0.00	0.00	0.00	0.00	0.00	49.02	69.51	1.53	19.56	7489	30120	2144	0	0	0	0	0	39753	126.80	38.51	25.44	128.56	67.17	119.35	75.98	1.15	24.29	25.07
6/23/2025 12:15:11 PM	13.93	30.90	5.05	0.00	0.00	0.00	0.00	0.00	49.89	68.91	1.58	19.26	7385	30897	2274	0	0	0	0	0	40556	125.70	39.60	23.58	131.52	67.24	122.67	77.24	1.16	24.32	25.13
6/23/2025 12:15:13 PM	14.49	23.27	3.18	2.37	0.00	0.00	0.00	0.00	43.31	69.80	1.62	19.10	7682	23268	1433	71	0	0	0	0	32454	127.33	37.77	22.20	107.24	64.68	104.62	77.80	1.16	24.33	25.12
6/23/2025 12:15:16 PM	16.46	15.22	2.84	3.71	0.00	0.00	0.00	0.00	38.23	71.83	1.66	19.47	8723	15224	1277	111	0	0	0	0	25335	131.03	36.82	19.27	82.50	66.28	83.43	85.13	1.16	24.37	25.20
6/23/2025 12:15:19 PM	15.29	14.32	4.33	3.08	0.00	0.00	0.00	0.00	37.03	71.86	1.71	20.04	8106	14319	1948	93	0	0	0	0	24466	131.08	36.86	17.36	78.02	64.55	79.10	84.90	1.17	24.39	25.07
6/23/2025 12:15:22 PM	15.88	15.31	4.66	2.01	0.00	0.00	0.00	0.00	37.85	72.09	1.74	20.10	8414	15313	2097	60	0	0	0	0	25884	131.50	35.41	18.05	80.27	65.37	78.64	83.96	1.17	24.40	25.13
6/23/2025 12:15:25 PM	15.89	14.63	4.32	2.74	0.00	0.00	0.00	0.00	37.57	72.12	1.76	20.11	8420	14629	1942	82	0	0	0	0	25073	131.56	36.28	18.14	79.21	65.22	78.84	85.66	1.17	24.44	25.20
6/23/2025 12:15:27 PM	15.35	15.38	4.47	2.66	0.00	0.00	0.00	0.00	37.86	72.14	1.81	19.73	8134	15382	2011	80	0	0	0	0	25607	131.58	36.47	18.31	81.48	64.24	80.89	84.72	1.18	24.44	25.23
6/23/2025 12:15:30 PM	15.12	15.44	5.70	2.21	0.00	0.00	0.00	0.00	38.46	71.81	1.89	19.28	8014	15438	2563	66	0	0	0	0	26081	130.98	37.89	19.47	81.75	66.95	79.77	86.30	1.19	24.46	25.21
6/23/2025 12:15:33 PM	17.33	14.36	2.99	3.34	0.00	0.00	0.00	0.00	38.02	72.65	1.94	19.23	9186	14356	1345	100	0	0	0	0	24987	132.52	35.89	17.87	79.30	66.77	80.27	87.18	1.19	24.48	25.26
6/23/2025 12:15:36 PM	16.56	12.49	3.18	5.21	0.00	0.00	0.00	0.00	37.45	72.25	1.96	19.04	8779	12492	1433	156	0	0	0	0	22860	131.79	39.99	19.71	76.72	68.06	80.00	92.41	1.19	24.49	25.21
6/23/2025 12:15:38 PM	18.22	9.77	2.32	6.79	0.00	0.00	0.00	0.00	37.10	72.77	1.98	19.00	9654	9766	1046	204	0	0	0	0	20670	132.74	41.85	19.31	70.94	71.22	77.36	99.91	1.19	24.49	25.28
6/23/2025 12:15:41 PM	18.89	8.70	3.08	6.92	0.00	0.00	0.00	0.00	37.58	72.91	2.01	19.23	10009	8696	1387	208	0	0	0	0	20299	132.98	43.41	19.24	68.76	73.81	75.42	105.58	1.20	24.50	25.26
6/23/2025 12:15:44 PM	18.86	9.44	2.89	6.60	0.00	0.00	0.00	0.00	37.79	72.83	2.05	19.36	9998	9439	1299	198	0	0	0	0	20934	132.84	42.62	19.38	70.46	73.46	76.49	103.44	1.20	24.51	25.28
6/23/2025 12:15:47 PM	17.95	10.35	4.81	5.43	0.00	0.00	0.00	0.00	38.54	72.70	2.09	19.37	9512	10348	2165	163	0	0	0	0	22189	132.60	43.50	18.98	72.02	74.29	76.50	103.68	1.21	24.53	25.29
6/23/2025 12:15:49 PM	18.38	10.55	4.08	5.59	0.00	0.00	0.00	0.00	38.61	72.30	2.14	19.50	9742	10549	1837	168	0	0	0	0	22297	131.88	42.69	19.29	72.95	73.70	77.29	103.12	1.21	24.51	25.24
6/23/2025 12:15:52 PM	18.66	9.77	3.83	6.10	0.00	0.00	0.00	0.00	38.36	72.60	2.18	19.48	9890	9770	1722	183	0	0	0	0	21564	132.43	43.20	20.21	71.60	74.29	76.04	104.79	1.21	24.52	25.28
6/23/2025 12:15:55 PM	19.74	8.35	2.31	7.49	0.00	0.00	0.00	0.00	37.89	72.98	2.21	19.51	10463	8350	1040	225	0	0	0	0	20077	133.13	43.80	19.41	68.63	75.49	76.38	107.08	1.22	24.55	25.26
6/23/2025 12:15:57 PM	19.22	5.80	2.47	7.69	0.00	0.00	0.00	0.00	35.17	73.64	2.26	19.25	10185	5798	1110	231	0	0	0	0	17323	134.32	42.72	18.04	59.57	73.19	68.22	105.96	1.22	24.56	25.37
6/23/2025 12:16:00 PM	19.89	4.85	2.55	7.34	0.00	0.00	0.00	0.00	34.63	74.33	2.31	18.39	10544	4850	1146	220	0	0	0	0	16760	135.58	41.77	17.55	55.91	74.28	64.13	106.26	1.23	24.53	25.31
6/23/2025 12:16:03 PM	17.80	3.45	2.10	5.48	0.00	0.00	0.00	0.00	28.83	74.66	2.36	17.98	9432	3450	944	165	0	0	0	0	13990	136.18	33.20	13.45	44.34	62.47	50.71	90.09	1.23	24.54	25.31
6/23/2025 12:16:06 PM	17.81	3.87	2.52	4.84	0.00	0.00	0.00	0.00	29.03	75.00	2.39	17.67	9438	3870	1133	145	0	0	0	0	14585	136.80	32.44	13.10	44.84	62.14	50.14	89.54	1.23	24.54	25.39
6/23/2025 12:16:09 PM	16.43	2.95	1.88	4.72	0.00	0.00	0.00	0.00	25.98	74.74	2.43	16.94	8708	2948	846	142	0	0	0	0	12643	136.33	29.33	11.85	39.48	56.22	44.94	81.79	1.24	24.54	25.37
6/23/2025 12:16:11 PM	15.93	1.85	1.39	4.62	0.00	0.00	0.00	0.00	23.79	75.22	2.45	16.76	8442	1848	625	139	0	0	0	0	11053	137.20	27.13	10.26	34.06	53.32	40.27	77.03	1.24	24.57	25.32
6/23/2025 12:16:14 PM	17.27	3.50	2.21	4.24	0.00	0.00	0.00	0.00	27.22	74.80	2.48	16.55	9151	3504	995	127	0	0	0	0	13777	136.43	29.49	12.55	41.60	58.57	45.67	84.02	1.24	24.54	25.36
6/23/2025 12:16:17 PM	16.32	2.45	1.64	5.32	0.00	0.00	0.00	0.00	25.73	74.62	2.51	16.95	8651	2447	739	160	0	0	0	0	11997	136.11	30.27	11.79	38.52	56.67	45.34	82.48	1.25	24.52	25.37
6/23/2025 12:16:19 PM	16.69	2.70	2.19	4.22	0.00	0.00	0.00	0.00	25.80	75.11	2.53	17.23	8845	2705	984	127	0	0	0	0	12660	137.00	28.44	11.26	38.03	56.01	42.75	82.00	1.25	24.51	25.34
6/23/2025 12:16:22 PM	16.92	2.74	1.96	4.35	0.00	0.00	0.00	0.00	25.97	74.80	2.56	17.08	8965	2745	882	130	0	0	0	0	12722	136.44	28.69	11.26	38.19	57.15	43.41	81.77	1.25	24.49	25.36
6/23/2025 12:16:25 PM	17.19	3.02	1.87	4.32	0.00	0.00	0.00	0.00	26.39	74.79	2.60	16.91	9110	3020	841	129	0	0	0	0	13100	136.42	28.60	11.64	39.47	57.18	44.20	82.63	1.25	24.54	25.34
6/23/2025 12:16:28 PM	16.96	2.43	1.80	3.63	0.00	0.00	0.00	0.00	24.82	75.04	2.64	17.49	8991	2429	810	109	0	0	0	0	12339	136.88	25.87	10.64	35.61	54.37	39.26	78.76	1.26	24.49	25.36
6/23/2025 12:16:31 PM	16.56	2.57	2.37	3.04	0.00	0.00	0.00	0.00	24.54	74.88	2.68	17.56	8776	2575	1066	91	0	0	0	0	12508	136.58	25.32	9.54	34.72	53.75	38.17	77.30	1.26	24.48	25.34
6/23/2025 12:16:33 PM	16.91	2.99	2.54	2.78	0.00	0.00	0.00	0.00	25.23	74.78	2.72	17.50	8964	2994	1145	83	0	0	0	0	13187	136.39	25.39	9.75	36.20	54.63	39.02	78.38	1.27	24.50	25.37
6/23/2025 12:16:36 PM	17.59	2.49	1.49	3.47	0.00	0.00	0.00	0.00	25.05	75.00	2.75	17.53	9325	2494	670	104	0	0	0	0	12594	136.80	25.28	10.64	35.64	55.41	39.04	78.58	1.27	24.49	25.40
6/23/2025 12:16:38 PM	16.98	2.80	2.42	2.86	0.00	0.00	0.00	0.00	25.06	74.75	2.80	17.56	8999	2800	1089	86	0	0	0	0	12974	136.34	25.29	9.93	35.67	54.68	38.47	78.26	1.27	24.49	25.42
6/23/2025 12:16:42 PM	16.99	2.36	1.76	3.34	0.00	0.00	0.00	0.00	24.45	74.85	2.83	17.52	9003	2362	793	100	0	0	0	0	12259	136.52	24.96	9.69	34.50	53.64	38.27	77.53	1.28	24.44	25.39
6/23/2025 12:16:44 PM	17.29	2.04	1.50	3.58	0.00	0.00	0.00	0.00	24.41	74.55	2.87	17.51	9163	2036	677	107	0	0	0	0	11984	135.97	25.00	9.97	34.00	53.89	37.89	78.40	1.28	24.45	25.40
6/23/2025 12:16:47 PM	17.10	2.13	1.82	3.00	0.00	0.00	0.00	0.00	24.05	74.83	2.90	17.17	9062	2126	820	90	0	0	0	0	12099	136.48	24.12	9.28	32.95	53.57	36.34	76.41	1.28	24.44	25.40
6/23/2025 12:16:50 PM	17.60	2.35	1.54	2.76	0.00	0.00	0.00	0.00	24.25	75.18	2.94	17.02	9327	2354	693	83	0	0	0	0	12457	137.13	23.24	8.78	33.28	53.60	36.50	76.08	1.29	24.42	25.40
6/23/2025 12:16:52 PM	17.91	2.11	1.22	3.21	0.00	0.00	0.00	0.00	24.46	74.95	2.97	17.22	9493	2114	550	96	0	0	0	0	12253	136.71	23.93	9.03	33.34	54.57	37.33	77.42	1.29	24.39	25.40
6/23/2025 12:16:55 PM	19.59	1.57	0.91	2.58	0.00	0.00	0.00	0.00	24.66	74.76	3.02	17.04	10385	1570	411	77	0	0	0	0	12444	136.37	22.04	8.21	31.04	56.22	34.11	78.84	1.30	24.39	25.39
6/23/2025 12:16:58 PM	20.21	1.36	1.25	1.63	0.00	0.00	0.00	0.10	24.44	74.98	3.04	16.50	10710	1359	561	49	0	0	0	0	12679	136.76	20.52	6.91	28.76	58.02	30.92	78.76	1.30	24.37	25.39
6/23/2025 12:17:01 PM	19.70	1.58	1.47	1.02	0.00	0.00	0.00	0.02	23.77	75.05	3.10	16.36	10441	1581	661	31	0	0	0	0	12712	136.90	18.87	6.53	28.02	54.93	29.05	75.12	1.30	24.34	25.39
6/23/2025 12:17:03 PM	19.51	1.44	1.12	1.19	0.00	0.00	0.00	0.09	23.26	75.05	3.13	16.49	10341	1435	504	36	0	0	0	0	12316	136.89	18.57	6.48	27.41	54.91	28.75	74.23	1.31	24.31	25.37
6/23/2025 12:17:06 PM	19.20	1.49	1.56	0.89	0.00	0.00	0.00	0.04	23.14	75.35	3.19	16.61	10176	1494	703	27	0	0	0	0	12399	137.43	18.41	5.95	26.96	53.93	28.15	73.49	1.31	24.31	25.36
6/23/2025 12:17:09 PM	18.64	1.61	1.88	0.58	0.00	0.00	0.00	0.10	22.71	74.81	3.24	16.61	9879	1610	847	17	0	0	0	0	12353	136.46	18.05	5.95	26.62	53.47	27.17	72.14	1.32	24.28	25.32
6/23/2025 12:17:12 PM	18.68	1.29	1.27	0.97	0.00	0.00	0.00	0.12	22.21	74.88	3.29	16.19	9903	1290	570	29	0	0	0	0	11792	136.58	17.76	5.78	25.74	53.02	27.12	71.39	1.32	24.26	25.36
6/23/2025 12:17:14 PM	18.07	1.30	1.26	0.80	0.00	0.00	0.00	0.14	21.43	75.17	3.35	15.82	9577	1299	568	24	0	0	0	0	11468	137.11	16.96	5.58	24.91	51.50	25.99	68.88	1.33	24.24	25.40
6/23/2025 12:17:17 PM	17.24	1.29	1.38	0.62	0.00	0.00	0.00	0.08	20.52	75.51	3.38	15.26	9139	1287	619	18	0	0	0	0	11064	137.72	16.05	5.32	23.85	48.49	24.66	65.46	1.33	24.23	25.37
6/23/2025 12:17:20 PM	16.45	1.22	1.35	0.60	0.00	0.00	0.00	0.17	19.61	75.43	3.42	14.39	8716	1220	605	18	0	0	0	0	10559	137.59	15.67	4.91	22.83	47.73	23.91	63.29	1.33	24.22	25.32
6/23/2025 12:17:23 PM	17.17	1.21	1.01	0.78	0.00	0.00	0.00	0.12	20.17	75.63	3.47	13.36	9100	1210	457	23	0	0	0	0	10790	137.96	15.73	5.41	23.58	48.26	24.56	64.63	1.34	24.17	25.28
6/23/2025 12:17:25 PM	16.24	0.83	0.85	0.89	0.00	0.00	0.00	0.06	18.81	76.49	3.50	13.24	8608	832	381	27	0	0	0	0	9848	139.52	14.83	4.80	21.41	44.79	22.93	60.83	1.34	24.13	25.32
6/23/2025 12:17:28 PM	15.57	1.02	1.00	0.67	0.00	0.00	0.00	0.09	18.26	76.48	3.53	13.26	8250	1023	451	20	0	0	0	0	9745	139.49	14.31	4.83	21.25	43.67	22.27	58.66	1.35	24.11	25.39
6/23/2025 12:17:31 PM	15.51	1.05	0.73	0.75	0.00	0.00	0.00	0.15	18.04	76.45	3.56	13.20	8221	1046	330	22	0	0	0	0	9619	139.45	14.10	4.71	21.19	43.90	22.46	58.13	1.35	24.08	25.23
6/23/2025 12:17:33 PM	15.23	0.90	0.69	0.81	0.00	0.00	0.00	0.12	17.63	76.38	3.59	13.29	8074	899	310	24	0	0	0	0	9307	139.32	13.84	4.70	20.53	42.68	21.85	56.98	1.35	24.09	25.26
6/23/2025 12:17:36 PM	15.63	1.01	0.67	0.80	0.00	0.00	0.00	0.16	18.11	76.18	3.61	13.27	8284	1010	303	24	0	0	0	0	9622	138.96	14.17	4.96	21.30	44.31	22.45	58.55	1.35	24.06	25.23
6/23/2025 12:17:39 PM	16.42	0.90	0.47	1.11	0.00	0.00	0.00	0.14	18.90	75.81	3.65	13.14	8701	904	210	33	0	0	0	0	9847	138.28	14.97	5.22	22.06	45.99	23.69	61.32	1.36	23.98	25.23
6/23/2025 12:17:42 PM	16.08	1.28	1.16	0.58	0.00	0.00	0.00	0.12	19.10	75.93	3.68	13.04	8522	1285	521	17	0	0	0	0	10345	138.50	14.93	4.96	22.57	45.74	23.46	60.94	1.36	23.95	25.20
6/23/2025 12:17:44 PM	15.99	0.94	0.68	0.94	0.00	0.00	0.00	0.11	18.56	76.15	3.71	13.00	8477	944	306	28	0	0	0	0	9755	138.90	14.68	4.95	21.62	44.80	23.13	59.98	1.36	23.93	25.23
6/23/2025 12:17:47 PM	15.92	1.02	0.85	0.84	0.00	0.00	0.00	0.13	18.63	76.36	3.71	13.14	8439	1020	384	25	0	0	0	0	9868	139.28	14.80	4.67	21.67	45.13	23.25	60.17	1.36	23.93	25.26
6/23/2025 12:17:50 PM	15.99	1.15	0.70	0.77	0.00	0.00	0.00	0.13	18.60	76.48	3.73	12.83	8472	1153	314	23	0	0	0	0	9962	139.50	14.37	4.89	21.99	44.85	23.19	59.53	1.37	23.85	25.36
6/23/2025 12:17:53 PM	15.67	1.29	0.98	0.52	0.00	0.00	0.00	0.14	18.45	76.54	3.77	12.47	8304	1286	441	16	0	0	0	0	10047	139.60	14.17	4.79	21.94	44.39	22.73	58.75	1.37	23.85	25.23
6/23/2025 12:17:55 PM	13.18	1.08	0.72	0.60	0.00	0.00	0.00	0.15	15.58	76.47	3.81	12.23	6986	1084	322	18	0	0	0	0	8410	139.48	12.35	4.28	19.04	38.02	20.15	49.83	1.37	23.80	25.39
6/23/2025 12:17:58 PM	11.26	1.01	0.84	0.48	0.00	0.00	0.00	0.09	13.58	76.12	3.84	12.47	5967	1008	377	14	0	0	0	0	7366	138.84	10.98	3.94	16.98	32.52	17.93	43.04	1.38	23.83	25.23
6/23/2025 12:18:01 PM	10.89	1.03	0.56	0.52	0.00	0.00	0.00	0.00	13.00	76.01	3.86	12.76	5769	1031	254	16	0	0	0	0	7069	138.65	10.09	3.60	16.54	29.64	17.65	40.47	1.38	23.74	25.13
6/23/2025 12:18:04 PM	11.02	1.08	0.77	0.42	0.00	0.00	0.00	0.04	13.30	76.40	3.89	12.93	5842	1078	348	13	0	0	0	0	7281	139.35	10.51	3.65	16.76	31.09	17.79	41.50	1.38	23.71	25.16
6/23/2025 12:18:06 PM	11.27	1.06	0.88	0.36	0.00	0.00	0.00	0.03	13.57	76.60	3.92	13.03	5975	1056	397	11	0	0	0	0	7439	139.72	10.67	3.59	16.84	31.64	17.81	42.44	1.38	23.68	25.20
6/23/2025 12:18:09 PM	11.13	0.97	0.66	0.54	0.00	0.00	0.00	0.04	13.31	76.29	3.94	13.18	5901	970	296	16	0	0	0	0	7184	139.15	10.61	3.78	16.66	31.31	17.80	41.85	1.39	23.66	25.16
6/23/2025 12:18:12 PM	9.74	1.05	0.76	0.52	0.00	0.00	0.00	0.00	12.07	75.42	3.96	13.42	5161	1050	341	16	0	0	0	0	6568	137.57	9.88	3.60	15.87	27.38	16.98	37.54	1.39	23.58	25.16
6/23/2025 12:18:14 PM	7.71	1.29	1.04	0.30	0.00	0.00	0.00	0.00	10.34	73.63	3.99	13.59	4087	1290	468	9	0	0	0	0	5855	134.29	8.59	3.11	15.04	21.71	15.71	32.07	1.39	23.58	25.12
6/23/2025 12:18:18 PM	7.72	1.30	0.84	0.43	0.00	0.00	0.00	0.00	10.29	73.22	4.01	13.12	4092	1300	380	13	0	0	0	0	5784	133.55	8.57	3.54	15.24	21.76	15.83	31.65	1.39	23.55	25.10
6/23/2025 12:18:20 PM	6.51	1.20	0.89	0.33	0.00	0.00	0.00	0.00	8.93	72.70	4.05	12.64	3449	1196	402	10	0	0	0	0	5057	132.60	7.59	2.97	13.70	18.32	14.34	27.75	1.40	23.47	25.07
6/23/2025 12:18:23 PM	6.37	1.17	0.91	0.44	0.00	0.00	0.00	0.00	8.88	72.65	4.07	12.77	3374	1167	411	13	0	0	0	0	4965	132.51	7.84	2.86	13.67	18.23	14.65	27.78	1.40	23.43	25.07
6/23/2025 12:18:26 PM	6.34	1.26	1.07	0.33	0.00	0.00	0.00	0.00	9.01	72.55	4.09	13.00	3363	1262	481	10	0	0	0	0	5115	132.33	7.86	2.93	13.98	18.18	14.66	28.08	1.40	23.44	25.07
6/23/2025 12:18:28 PM	6.52	1.37	1.16	0.25	0.00	0.00	0.00	0.00	9.29	72.58	4.11	13.18	3453	1370	520	8	0	0	0	0	5351	132.39	7.92	3.03	14.51	18.44	14.91	28.90	1.40	23.41	25.18
6/23/2025 12:18:31 PM	6.61	1.33	1.08	0.32	0.00	0.00	0.00	0.00	9.34	72.56	4.12	12.63	3504	1326	485	10	0	0	0	0	5325	132.35	8.02	3.03	14.45	18.77	15.04	29.04	1.40	23.34	25.02
6/23/2025 12:18:34 PM	5.07	1.21	0.70	0.49	0.00	0.00	0.00	0.00	7.46	71.26	4.14	12.07	2686	1212	314	15	0	0	0	0	4227	129.98	6.77	2.80	12.74	14.56	13.66	22.99	1.41	23.32	25.03
6/23/2025 12:18:37 PM	4.51	1.40	1.05	0.26	0.00	0.00	0.00	0.00	7.22	70.74	4.16	11.70	2391	1401	473	8	0	0	0	0	4273	129.04	6.59	2.58	12.85	13.27	13.43	22.08	1.41	23.27	25.07
6/23/2025 12:18:39 PM	5.25	1.34	0.88	0.41	0.00	0.00	0.00	0.00	7.88	71.20	4.17	11.71	2783	1338	394	12	0	0	0	0	4527	129.87	7.06	3.04	13.47	15.10	14.05	24.25	1.41	23.27	24.94
6/23/2025 12:18:42 PM	5.15	1.33	1.07	0.25	0.00	0.00	0.00	0.00	7.80	71.45	4.20	11.77	2731	1331	480	7	0	0	0	0	4550	130.34	6.93	2.86	13.14	15.00	13.54	23.99	1.41	23.19	24.99
6/23/2025 12:18:45 PM	5.35	1.59	1.23	0.09	0.00	0.00	0.00	0.00	8.27	71.20	4.24	11.76	2836	1592	553	3	0	0	0	0	4984	129.86	7.06	2.98	14.13	15.49	14.14	24.94	1.42	23.18	24.91
6/23/2025 12:18:48 PM	4.88	1.48	1.18	0.12	0.00	0.00	0.00	0.00	7.66	71.02	4.25	11.77	2586	1480	531	4	0	0	0	0	4601	129.54	6.78	2.90	13.26	14.60	13.41	22.98	1.42	23.12	24.91
6/23/2025 12:18:50 PM	4.87	1.36	0.99	0.22	0.00	0.00	0.00	0.00	7.44	71.06	4.28	11.90	2580	1362	447	6	0	0	0	0	4395	129.61	6.55	2.61	12.82	14.06	13.32	22.67	1.42	23.07	24.94
6/23/2025 12:18:53 PM	4.50	1.17	0.60	0.36	0.00	0.00	0.00	0.00	6.63	70.85	4.31	12.09	2384	1172	269	11	0	0	0	0	3836	129.24	5.85	2.63	11.75	12.72	12.44	20.14	1.42	23.02	24.89
6/23/2025 12:18:56 PM	4.24	1.30	0.72	0.31	0.00	0.00	0.00	0.00	6.57	70.59	4.33	12.09	2249	1296	325	9	0	0	0	0	3880	128.76	5.85	2.38	11.98	12.04	12.74	19.91	1.42	23.01	25.02
6/23/2025 12:18:59 PM	4.31	1.34	0.79	0.29	0.00	0.00	0.00	0.00	6.73	70.46	4.38	11.82	2286	1341	357	9	0	0	0	0	3993	128.52	6.02	2.57	12.24	12.47	12.85	20.26	1.43	22.97	24.81
6/23/2025 12:19:01 PM	4.54	1.36	0.89	0.26	0.00	0.00	0.00	0.00	7.05	70.84	4.41	11.53	2405	1357	401	8	0	0	0	0	4171	129.21	6.25	2.46	12.55	12.94	13.18	21.51	1.43	22.92	25.03
6/23/2025 12:19:04 PM	4.13	1.48	1.07	0.05	0.00	0.00	0.00	0.00	6.74	70.50	4.45	11.46	2190	1483	483	2	0	0	0	0	4157	128.59	5.97	2.56	12.32	12.52	12.55	19.77	1.44	22.89	24.95
6/23/2025 12:19:06 PM	3.65	1.41	0.78	0.15	0.00	0.00	0.00	0.00	5.98	70.41	4.49	11.48	1933	1407	352	4	0	0	0	0	3696	128.43	5.35	2.22	11.46	10.95	12.11	17.26	1.44	22.87	24.79
6/23/2025 12:19:09 PM	3.60	1.41	0.91	0.16	0.00	0.00	0.00	0.00	6.08	70.16	4.53	11.41	1906	1414	408	5	0	0	0	0	3733	127.97	5.59	2.45	11.69	11.02	12.16	17.76	1.44	22.82	24.99
6/23/2025 12:19:12 PM	3.18	1.26	0.66	0.23	0.00	0.00	0.00	0.00	5.32	70.19	4.57	11.45	1683	1255	296	7	0	0	0	0	3242	128.03	5.06	2.21	10.53	9.99	11.38	15.24	1.45	22.79	24.79
6/23/2025 12:19:15 PM	3.88	1.40	0.74	0.24	0.00	0.00	0.00	0.00	6.26	70.05	4.59	11.38	2056	1395	335	7	0	0	0	0	3793	127.78	5.66	2.56	11.84	11.68	12.42	18.17	1.45	22.72	24.75
6/23/2025 12:19:18 PM	3.43	1.45	0.89	0.00	0.00	0.00	0.00	0.00	5.76	70.18	4.65	11.37	1816	1445	402	0	0	0	0	0	3663	128.00	5.10	2.21	11.19	10.57	11.55	16.29	1.46	22.69	24.76
6/23/2025 12:19:20 PM	3.67	1.47	0.85	0.00	0.00	0.00	0.00	0.00	5.99	70.26	4.68	11.45	1948	1471	380	0	0	0	0	0	3799	128.15	5.16	2.34	11.63	11.06	11.57	16.92	1.46	22.67	24.70
6/23/2025 12:19:23 PM	3.38	1.46	0.84	0.00	0.00	0.00	0.00	0.00	5.69	70.30	4.72	11.59	1793	1463	380	0	0	0	0	0	3636	128.23	5.01	2.30	11.21	10.52	11.42	15.84	1.46	22.63	24.68
6/23/2025 12:19:26 PM	3.53	1.40	0.66	0.04	0.00	0.00	0.00	0.00	5.63	70.39	4.78	11.73	1873	1398	298	1	0	0	0	0	3571	128.40	4.79	2.30	10.96	10.55	11.32	15.68	1.47	22.57	24.59
6/23/2025 12:19:29 PM	3.06	1.40	0.73	0.00	0.00	0.00	0.00	0.00	5.19	70.06	4.81	11.69	1624	1400	327	0	0	0	0	0	3350	127.80	4.62	2.02	10.48	9.71	10.92	14.10	1.47	22.56	24.59
6/23/2025 12:19:31 PM	3.09	1.23	0.39	0.15	0.00	0.00	0.00	0.00	4.86	69.95	4.85	11.58	1639	1225	178	4	0	0	0	0	3047	127.59	4.26	2.21	9.89	9.32	10.52	13.29	1.47	22.46	24.59
6/23/2025 12:19:34 PM	2.68	1.33	0.55	0.00	0.00	0.00	0.00	0.00	4.56	70.22	4.87	11.53	1422	1327	249	0	0	0	0	0	2998	128.09	4.09	1.98	9.63	8.78	10.19	11.81	1.48	22.46	24.57
6/23/2025 12:19:37 PM	2.63	1.27	0.50	0.00	0.00	0.00	0.00	0.00	4.40	70.59	4.87	11.56	1394	1274	226	0	0	0	0	0	2893	128.76	3.97	1.87	9.46	8.66	9.75	11.28	1.48	22.43	24.78
6/23/2025 12:19:40 PM	2.68	1.36	0.62	0.00	0.00	0.00	0.00	0.00	4.66	70.24	4.90	11.53	1421	1355	280	0	0	0	0	0	3056	128.12	4.27	2.03	9.84	9.02	10.28	12.05	1.48	22.40	24.54
6/23/2025 12:19:43 PM	2.61	1.30	0.50	0.00	0.00	0.00	0.00	0.00	4.41	70.04	4.92	11.36	1385	1300	226	0	0	0	0	0	2910	127.76	3.97	1.85	9.33	8.67	10.05	11.22	1.48	22.32	24.59
6/23/2025 12:19:45 PM	2.88	1.41	0.56	0.00	0.00	0.00	0.00	0.00	4.85	69.98	4.94	11.43	1525	1410	251	0	0	0	0	0	3187	127.65	4.27	1.82	10.35	9.16	10.44	12.60	1.48	22.28	24.46
6/23/2025 12:19:48 PM	2.79	1.27	0.49	0.00	0.00	0.00	0.00	0.00	4.55	69.28	4.95	11.49	1478	1268	221	0	0	0	0	0	2966	126.37	4.02	1.84	9.33	9.04	10.10	11.74	1.49	22.26	24.73
6/23/2025 12:19:51 PM	3.07	1.34	0.53	0.00	0.00	0.00	0.00	0.00	4.94	69.27	5.03	11.59	1628	1338	239	0	0	0	0	0	3205	126.36	4.23	1.93	10.03	9.47	10.52	13.13	1.49	22.22	24.47
6/23/2025 12:19:54 PM	2.89	1.26	0.35	0.11	0.00	0.00	0.00	0.00	4.62	69.42	5.10	11.39	1533	1262	157	3	0	0	0	0	2956	126.63	4.08	2.03	9.56	9.16	10.37	11.97	1.50	22.16	24.42
6/23/2025 12:19:57 PM	2.90	1.37	0.46	0.02	0.00	0.00	0.00	0.00	4.75	69.55	5.14	11.37	1539	1373	207	1	0	0	0	0	3120	126.87	4.14	2.18	9.88	9.43	10.44	12.05	1.50	22.13	24.39
6/23/2025 12:19:59 PM	2.53	1.23	0.38	0.00	0.00	0.00	0.00	0.00	4.15	69.90	5.19	11.35	1343	1232	172	0	0	0	0	0	2747	127.50	3.75	1.77	8.98	8.60	9.45	10.14	1.51	22.10	24.42
6/23/2025 12:20:02 PM	2.73	1.32	0.37	0.00	0.00	0.00	0.00	0.00	4.42	70.07	5.23	11.26	1449	1318	167	0	0	0	0	0	2934	127.80	3.82	1.96	9.46	8.86	9.92	10.95	1.51	22.06	24.28
6/23/2025 12:20:05 PM	2.78	1.31	0.40	0.00	0.00	0.00	0.00	0.00	4.48	70.37	5.29	11.15	1474	1307	179	0	0	0	0	0	2959	128.36	3.89	1.91	9.53	8.98	9.91	11.24	1.52	22.06	24.36
6/23/2025 12:20:08 PM	2.73	1.33	0.41	0.00	0.00	0.00	0.00	0.00	4.47	69.93	5.33	11.12	1446	1327	186	0	0	0	0	0	2960	127.56	3.91	2.02	9.59	8.93	9.92	11.13	1.52	22.00	24.33
6/23/2025 12:20:10 PM	2.79	1.38	0.55	0.00	0.00	0.00	0.00	0.00	4.73	70.08	5.38	11.29	1480	1385	249	0	0	0	0	0	3114	127.82	4.25	1.97	10.09	9.24	10.27	12.08	1.53	21.96	24.28
6/23/2025 12:20:13 PM	2.81	1.26	0.35	0.00	0.00	0.00	0.00	0.00	4.42	70.21	5.41	11.15	1491	1255	157	0	0	0	0	0	2903	128.06	3.82	1.93	9.24	9.11	9.75	10.99	1.53	21.91	24.26
6/23/2025 12:20:16 PM	2.17	1.11	0.32	0.00	0.00	0.00	0.00	0.06	3.60	71.39	5.44	11.01	1151	1113	143	0	0	0	0	0	2407	130.22	3.46	1.63	8.11	8.35	8.84	9.07	1.53	21.87	24.26
6/23/2025 12:20:18 PM	2.16	1.09	0.24	0.00	0.00	0.00	0.00	0.09	3.49	72.36	5.47	11.03	1147	1090	107	0	0	0	0	0	2344	131.98	3.33	1.57	7.92	8.56	8.75	8.95	1.54	21.83	24.33
6/23/2025 12:20:22 PM	2.48	1.12	0.17	0.00	0.00	0.00	0.00	0.08	3.76	72.13	5.51	11.05	1314	1115	76	0	0	0	0	0	2505	131.57	3.33	1.69	8.19	8.94	9.01	9.61	1.54	21.81	24.15
6/23/2025 12:20:24 PM	2.64	1.15	0.25	0.00	0.00	0.00	0.00	0.03	4.04	71.83	5.54	11.09	1400	1148	111	0	0	0	0	0	2660	131.03	3.55	1.60	8.63	8.94	9.18	10.16	1.54	21.78	24.10
6/23/2025 12:20:27 PM	2.41	1.11	0.21	0.00	0.00	0.00	0.00	0.06	3.73	72.10	5.58	11.01	1277	1111	93	0	0	0	0	0	2481	131.52	3.34	1.73	8.25	8.66	8.84	9.42	1.55	21.70	24.09
6/23/2025 12:20:30 PM	2.63	1.11	0.27	0.00	0.00	0.00	0.00	0.04	4.01	72.10	5.60	10.87	1392	1111	124	0	0	0	0	0	2627	131.51	3.56	1.65	8.41	9.00	9.17	10.24	1.55	21.68	24.07
6/23/2025 12:20:32 PM	2.77	1.21	0.31	0.00	0.00	0.00	0.00	0.02	4.29	72.27	5.68	10.87	1469	1210	139	0	0	0	0	0	2817	131.83	3.73	1.92	8.99	9.24	9.52	10.74	1.56	21.66	24.20
6/23/2025 12:20:35 PM	2.83	1.06	0.00	0.67	0.00	0.00	0.00	0.00	4.56	72.32	5.69	10.90	1499	1064	0	20	0	0	0	0	2583	131.91	4.72	2.13	9.56	9.18	11.68	12.59	1.56	21.63	24.04
