Date/Time	Green Algae	Bluegreen	Diatoms	Cryptophyta	#5	#6	#7	Yellow substances	Total conc.	Transmission	Depth	Temp. Sample	Green Algae	Bluegreen	Diatoms	Cryptophyta	#5	#6	#7	Yellow substances	Total cell count	Trans. 700 nm	LED 3 [525 nm]	LED 4 [570 nm]	LED 5 [610 nm]	LED 6 [370 nm]	LED 7 [590 nm]	LED 8 [470 nm]	Pressure	Temp. LEDs	Temp. Sensor
date	µg/l	µg/l	µg/l	µg/l	µg/l	µg/l	µg/l	r.u.	µg/l	%	m	°C	cells/ml	cells/ml	cells/ml	cells/ml	cells/ml	cells/ml	cells/ml	r.u.	cells/ml	digits	digits	digits	digits	digits	digits	digits	bar	°C	°C
6/23/2025 11:21:42 AM	5.45	8.33	1.55	0.00	0.00	0.00	0.00	0.00	15.33	72.72	0.11	27.93	2890	8325	698	0	0	0	0	0	11913	132.64	12.83	6.69	38.28	24.26	36.75	26.28	1.01	25.58	25.69
6/23/2025 11:21:44 AM	5.67	8.32	1.37	0.07	0.00	0.00	0.00	0.00	15.43	72.97	0.25	27.94	3006	8319	616	2	0	0	0	0	11943	133.10	12.57	7.26	38.17	24.03	37.29	26.87	1.02	25.61	25.71
6/23/2025 11:21:47 AM	5.94	8.56	1.36	0.00	0.00	0.00	0.00	0.00	15.87	72.96	0.29	27.95	3151	8562	611	0	0	0	0	0	12324	133.07	12.63	6.88	39.48	24.27	37.84	27.80	1.03	25.64	25.71
6/23/2025 11:21:50 AM	6.27	8.14	1.22	0.00	0.00	0.00	0.00	0.00	15.63	73.02	0.30	27.83	3323	8135	549	0	0	0	0	0	12007	133.20	12.31	6.68	38.04	24.74	36.45	27.93	1.03	25.65	25.69
6/23/2025 11:21:52 AM	5.92	8.33	1.53	0.00	0.00	0.00	0.00	0.00	15.78	72.46	0.32	27.78	3138	8334	688	0	0	0	0	0	12160	132.18	12.68	7.72	38.77	24.26	37.14	28.49	1.03	25.67	25.73
6/23/2025 11:21:55 AM	6.28	8.38	1.09	0.00	0.00	0.00	0.00	0.00	15.75	72.46	0.34	27.92	3329	8377	492	0	0	0	0	0	12198	132.17	12.15	7.06	38.57	24.59	37.37	27.56	1.03	25.71	25.76
6/23/2025 11:21:58 AM	5.69	8.42	1.56	0.00	0.00	0.00	0.00	0.01	15.67	72.27	0.36	27.91	3014	8424	700	0	0	0	0	0	12138	131.82	13.08	6.66	38.70	25.10	37.44	27.11	1.04	25.70	25.77
6/23/2025 11:22:01 AM	5.80	8.29	1.47	0.05	0.00	0.00	0.00	0.00	15.61	72.63	0.42	27.81	3073	8295	660	2	0	0	0	0	12029	132.47	12.82	7.39	38.22	24.74	37.28	27.43	1.04	25.74	25.77
6/23/2025 11:22:03 AM	5.73	8.60	1.44	0.00	0.00	0.00	0.00	0.00	15.77	72.45	0.50	27.81	3040	8596	649	0	0	0	0	0	12284	132.16	12.82	6.91	39.42	24.45	37.86	27.15	1.05	25.80	25.82
6/23/2025 11:22:06 AM	5.96	8.53	1.29	0.03	0.00	0.00	0.00	0.00	15.81	72.61	0.54	27.87	3158	8534	581	1	0	0	0	0	12273	132.44	12.63	6.74	38.77	24.66	38.34	27.33	1.05	25.83	25.79
6/23/2025 11:22:09 AM	5.96	8.72	1.23	0.00	0.00	0.00	0.00	0.00	15.91	72.41	0.58	27.80	3160	8723	553	0	0	0	0	0	12436	132.08	12.56	7.18	39.95	24.54	38.13	27.09	1.06	25.82	25.76
6/23/2025 11:22:12 AM	6.45	8.59	0.92	0.00	0.00	0.00	0.00	0.00	15.95	72.72	0.60	27.81	3417	8588	413	0	0	0	0	0	12418	132.64	12.00	7.11	39.51	24.59	37.87	27.55	1.06	25.86	25.81
6/23/2025 11:22:14 AM	6.29	8.44	1.08	0.00	0.00	0.00	0.00	0.00	15.82	72.69	0.61	27.88	3333	8444	488	0	0	0	0	0	12265	132.59	12.31	6.63	39.18	24.80	37.24	27.45	1.06	25.92	25.82
6/23/2025 11:22:17 AM	5.76	8.48	1.58	0.00	0.00	0.00	0.00	0.00	15.82	72.41	0.63	27.81	3052	8482	709	0	0	0	0	0	12243	132.07	12.96	6.98	39.18	24.42	37.66	27.96	1.06	25.91	25.92
6/23/2025 11:22:20 AM	6.44	8.60	0.96	0.00	0.00	0.00	0.00	0.00	16.00	72.42	0.65	27.73	3415	8601	430	0	0	0	0	0	12446	132.09	12.15	7.09	39.85	24.83	37.63	27.59	1.06	25.96	25.81
6/23/2025 11:22:23 AM	6.13	8.44	1.14	0.00	0.00	0.00	0.00	0.00	15.71	72.32	0.67	27.64	3248	8435	515	0	0	0	0	0	12198	131.91	12.13	7.26	38.87	24.10	37.36	27.49	1.07	25.97	25.87
6/23/2025 11:22:25 AM	5.86	8.64	1.43	0.00	0.00	0.00	0.00	0.00	15.92	72.32	0.70	27.57	3104	8636	642	0	0	0	0	0	12382	131.91	12.79	7.02	39.87	24.33	37.92	27.78	1.07	25.98	25.87
6/23/2025 11:22:28 AM	6.16	8.69	1.75	0.00	0.00	0.00	0.00	0.00	16.60	72.23	0.72	27.58	3265	8685	790	0	0	0	0	0	12740	131.76	13.71	7.42	40.45	26.07	38.74	29.99	1.07	26.02	25.89
6/23/2025 11:22:30 AM	6.88	8.94	2.19	0.00	0.00	0.00	0.00	0.00	18.01	72.42	0.74	27.15	3648	8936	987	0	0	0	0	0	13572	132.10	15.04	7.51	42.22	28.30	41.03	34.75	1.07	26.05	26.00
6/23/2025 11:22:33 AM	8.36	9.61	2.85	0.00	0.00	0.00	0.00	0.00	20.83	72.12	0.75	26.67	4433	9613	1283	0	0	0	0	0	15329	131.56	17.67	8.88	46.94	33.73	44.67	42.62	1.07	26.09	26.00
6/23/2025 11:22:36 AM	8.74	9.24	2.65	0.31	0.00	0.00	0.00	0.00	20.93	72.18	0.77	26.43	4631	9236	1193	9	0	0	0	0	15068	131.65	17.83	9.29	46.43	33.68	44.75	44.73	1.08	26.09	25.98
6/23/2025 11:22:39 AM	8.89	9.41	3.45	0.00	0.00	0.00	0.00	0.00	21.75	72.04	0.79	26.08	4711	9409	1555	0	0	0	0	0	15675	131.40	18.84	8.45	47.26	35.01	45.37	47.61	1.08	26.12	26.05
6/23/2025 11:22:42 AM	9.31	9.05	2.60	0.45	0.00	0.00	0.00	0.00	21.41	71.64	0.80	25.88	4933	9045	1170	14	0	0	0	0	15162	130.68	18.31	8.58	46.31	34.73	45.49	47.17	1.08	26.16	25.98
6/23/2025 11:22:44 AM	8.70	8.99	3.46	0.39	0.00	0.00	0.00	0.00	21.54	71.64	0.82	25.97	4609	8995	1557	12	0	0	0	0	15172	130.67	19.71	8.85	46.22	35.72	45.40	48.03	1.08	26.16	26.10
6/23/2025 11:22:47 AM	10.30	10.14	3.96	0.23	0.00	0.00	0.00	0.00	24.64	71.55	0.87	25.55	5458	10143	1784	7	0	0	0	0	17392	130.50	21.80	10.24	52.16	40.59	50.19	55.52	1.08	26.22	26.03
6/23/2025 11:22:50 AM	11.39	10.33	3.92	0.37	0.00	0.00	0.00	0.00	26.01	71.21	0.88	24.43	6039	10330	1764	11	0	0	0	0	18144	129.90	22.82	10.57	54.03	43.41	52.20	59.63	1.09	26.22	26.08
6/23/2025 11:22:53 AM	11.91	10.58	3.85	0.38	0.00	0.00	0.00	0.00	26.73	71.14	0.91	24.46	6315	10579	1734	11	0	0	0	0	18639	129.76	23.33	10.79	55.16	45.38	53.45	60.71	1.09	26.25	26.11
6/23/2025 11:22:55 AM	12.16	10.24	3.52	0.66	0.00	0.00	0.00	0.00	26.59	71.22	0.93	24.72	6445	10242	1586	20	0	0	0	0	18293	129.91	23.25	10.21	54.41	44.94	53.55	61.61	1.09	26.26	26.14
6/23/2025 11:22:58 AM	12.01	10.21	3.64	0.72	0.00	0.00	0.00	0.00	26.58	71.34	0.95	24.93	6363	10209	1639	22	0	0	0	0	18233	130.14	23.66	10.41	54.34	45.39	53.59	61.51	1.09	26.27	26.14
6/23/2025 11:23:01 AM	12.13	11.04	3.92	0.26	0.00	0.00	0.00	0.00	27.34	71.27	0.99	25.00	6427	11041	1762	8	0	0	0	0	19237	130.00	23.39	10.81	56.88	45.46	54.86	61.75	1.10	26.30	26.14
6/23/2025 11:23:04 AM	12.13	11.36	4.09	0.03	0.00	0.00	0.00	0.00	27.61	71.20	1.03	24.79	6431	11356	1839	1	0	0	0	0	19627	129.88	23.37	10.49	57.51	45.79	55.44	61.55	1.10	26.35	26.14
6/23/2025 11:23:07 AM	12.24	11.25	3.79	0.47	0.00	0.00	0.00	0.00	27.76	71.36	1.02	24.80	6488	11252	1708	14	0	0	0	0	19461	130.16	24.03	11.16	58.05	46.35	56.36	62.38	1.10	26.37	26.19
6/23/2025 11:23:09 AM	12.30	10.97	3.51	0.82	0.00	0.00	0.00	0.00	27.60	71.64	1.12	24.75	6519	10967	1579	25	0	0	0	0	19090	130.68	24.25	11.04	57.55	46.18	56.59	62.84	1.11	26.35	26.24
6/23/2025 11:23:12 AM	12.16	11.37	4.00	0.36	0.00	0.00	0.00	0.00	27.89	71.33	1.14	24.44	6447	11366	1801	11	0	0	0	0	19625	130.11	24.20	11.23	58.33	46.62	56.44	62.48	1.11	26.36	26.27
6/23/2025 11:23:15 AM	12.34	11.50	3.78	0.16	0.00	0.00	0.00	0.00	27.78	71.15	1.15	24.34	6541	11497	1701	5	0	0	0	0	19743	129.78	23.35	11.24	58.33	46.27	55.95	61.33	1.11	26.39	26.32
6/23/2025 11:23:18 AM	11.85	11.41	4.16	0.48	0.00	0.00	0.00	0.00	27.91	71.38	1.22	24.23	6278	11412	1873	15	0	0	0	0	19578	130.19	24.70	11.75	58.83	46.42	56.77	62.70	1.12	26.44	26.19
6/23/2025 11:23:20 AM	12.49	11.87	3.66	0.31	0.00	0.00	0.00	0.00	28.34	71.06	1.25	23.98	6621	11866	1648	9	0	0	0	0	20145	129.61	23.85	11.54	60.03	46.83	57.82	62.17	1.12	26.46	26.22
6/23/2025 11:23:23 AM	13.42	15.23	2.88	0.00	0.00	0.00	0.00	0.00	31.54	70.30	1.23	23.94	7114	15232	1297	0	0	0	0	0	23643	128.23	24.25	12.54	72.51	49.18	66.99	61.70	1.12	26.46	26.27
6/23/2025 11:23:26 AM	13.30	19.05	2.99	0.00	0.00	0.00	0.00	0.00	35.34	70.13	1.35	23.81	7049	19050	1344	0	0	0	0	0	27443	127.92	27.02	15.11	85.79	52.47	80.33	62.61	1.13	26.46	26.35
6/23/2025 11:23:28 AM	13.13	21.16	3.35	0.00	0.00	0.00	0.00	0.00	37.64	70.31	1.40	23.70	6957	21165	1507	0	0	0	0	0	29629	128.25	29.02	17.23	94.26	54.18	87.00	64.41	1.14	26.52	26.26
6/23/2025 11:23:31 AM	12.88	18.71	3.48	0.00	0.00	0.00	0.00	0.00	35.08	70.12	1.35	23.40	6827	18714	1568	0	0	0	0	0	27110	127.90	27.54	15.08	84.39	52.23	79.74	63.29	1.13	26.52	26.27
6/23/2025 11:23:34 AM	12.68	19.75	4.14	0.00	0.00	0.00	0.00	0.00	36.57	69.96	1.41	22.78	6719	19749	1864	0	0	0	0	0	28332	127.62	29.50	16.62	88.59	54.28	83.56	65.51	1.14	26.51	26.40
6/23/2025 11:23:37 AM	13.29	25.60	4.19	0.00	0.00	0.00	0.00	0.00	43.08	69.05	1.44	22.24	7041	25600	1886	0	0	0	0	0	34528	125.96	33.78	20.58	110.34	59.95	103.89	69.75	1.14	26.53	26.35
6/23/2025 11:23:39 AM	13.75	28.56	4.37	1.02	0.00	0.00	0.00	0.00	47.69	69.04	1.48	22.29	7285	28562	1965	30	0	0	0	0	37843	125.93	39.25	24.07	124.00	65.64	118.18	77.18	1.15	26.51	26.42
6/23/2025 11:23:42 AM	13.07	29.51	6.46	0.00	0.00	0.00	0.00	0.00	49.03	68.94	1.51	22.48	6925	29507	2906	0	0	0	0	0	39338	125.76	40.94	24.38	126.80	67.25	118.85	79.88	1.15	26.53	26.42
6/23/2025 11:23:45 AM	14.55	27.20	3.62	1.95	0.00	0.00	0.00	0.00	47.31	68.73	1.54	22.11	7709	27196	1630	58	0	0	0	0	36594	125.37	39.95	23.48	120.92	66.78	117.28	80.07	1.15	26.56	26.35
6/23/2025 11:23:48 AM	14.81	23.87	3.76	2.43	0.00	0.00	0.00	0.00	44.88	69.05	1.58	21.07	7850	23874	1692	73	0	0	0	0	33489	125.95	39.60	22.43	110.46	66.55	107.98	82.24	1.16	26.52	26.50
6/23/2025 11:23:50 AM	14.39	24.83	4.08	1.99	0.00	0.00	0.00	0.00	45.29	69.52	1.62	20.60	7628	24828	1836	60	0	0	0	0	34351	126.81	39.30	22.74	112.98	65.73	109.43	80.91	1.16	26.54	26.42
6/23/2025 11:23:53 AM	14.79	20.26	2.95	3.06	0.00	0.00	0.00	0.00	41.06	69.92	1.64	20.74	7839	20259	1327	92	0	0	0	0	29517	127.54	37.28	19.80	97.79	63.06	97.69	80.36	1.16	26.57	26.53
6/23/2025 11:23:56 AM	15.35	17.37	3.06	3.19	0.00	0.00	0.00	0.00	38.97	70.11	1.65	20.86	8134	17374	1376	96	0	0	0	0	26979	127.88	36.25	18.66	88.34	62.86	88.73	82.16	1.16	26.59	26.42
6/23/2025 11:23:59 AM	14.10	22.27	5.93	0.79	0.00	0.00	0.00	0.00	43.08	70.10	1.67	21.09	7472	22265	2669	24	0	0	0	0	32430	127.87	37.69	20.65	102.78	64.21	97.71	82.35	1.16	26.56	26.45
6/23/2025 11:24:01 AM	15.10	22.11	3.48	2.56	0.00	0.00	0.00	0.00	43.25	70.20	1.68	21.25	8001	22113	1566	77	0	0	0	0	31756	128.04	38.24	21.35	104.46	65.00	102.45	82.35	1.16	26.57	26.45
6/23/2025 11:24:04 AM	14.44	23.02	5.65	1.01	0.00	0.00	0.00	0.00	44.11	69.70	1.71	21.03	7654	23016	2543	30	0	0	0	0	33243	127.15	38.46	21.70	106.10	65.64	100.86	83.30	1.17	26.56	26.51
6/23/2025 11:24:07 AM	14.04	20.69	6.83	0.77	0.00	0.00	0.00	0.00	42.33	70.42	1.72	20.82	7440	20685	3075	23	0	0	0	0	31224	128.46	38.40	20.51	98.07	64.92	92.82	85.33	1.17	26.59	26.48
6/23/2025 11:24:09 AM	14.98	16.36	4.83	3.20	0.00	0.00	0.00	0.00	39.37	70.59	1.73	20.84	7937	16362	2175	96	0	0	0	0	26570	128.77	39.05	19.52	86.50	65.22	86.29	88.10	1.17	26.60	26.50
6/23/2025 11:24:12 AM	14.43	15.44	6.52	2.74	0.00	0.00	0.00	0.00	39.12	71.50	1.84	20.94	7646	15443	2933	82	0	0	0	0	26104	130.43	40.12	19.97	83.83	65.51	82.10	91.54	1.18	26.56	26.59
6/23/2025 11:24:15 AM	14.82	14.90	5.76	2.72	0.00	0.00	0.00	0.00	38.20	71.54	1.85	20.80	7855	14899	2591	82	0	0	0	0	25426	130.49	38.39	19.03	81.24	64.42	79.97	89.34	1.18	26.56	26.51
6/23/2025 11:24:18 AM	15.18	13.91	4.93	3.09	0.00	0.00	0.00	0.00	37.11	71.50	1.81	20.52	8047	13907	2220	93	0	0	0	0	24267	130.43	37.38	17.66	77.60	63.68	77.97	88.10	1.18	26.59	26.51
6/23/2025 11:24:20 AM	15.45	12.37	4.54	4.06	0.00	0.00	0.00	0.00	36.41	71.73	1.84	20.35	8190	12366	2042	122	0	0	0	0	22720	130.84	38.51	17.68	74.06	64.47	76.21	90.71	1.18	26.54	26.53
6/23/2025 11:24:23 AM	16.21	11.70	3.60	4.80	0.00	0.00	0.00	0.00	36.32	71.47	1.81	20.41	8591	11705	1621	144	0	0	0	0	22061	130.36	38.85	17.64	72.82	65.92	76.58	91.62	1.18	26.57	26.56
6/23/2025 11:24:26 AM	15.90	11.70	4.03	4.53	0.00	0.00	0.00	0.00	36.16	71.19	1.87	20.33	8427	11697	1815	136	0	0	0	0	22075	129.86	38.89	17.17	72.15	65.92	75.88	91.05	1.18	26.54	26.56
6/23/2025 11:24:29 AM	15.77	9.96	3.18	6.22	0.00	0.00	0.00	0.00	35.13	71.91	1.96	20.20	8357	9962	1431	187	0	0	0	0	19936	131.16	40.52	18.56	69.31	65.25	74.85	93.88	1.19	26.54	26.56
6/23/2025 11:24:32 AM	16.00	7.33	2.96	6.71	0.00	0.00	0.00	0.00	33.00	72.31	1.90	20.00	8480	7328	1334	201	0	0	0	0	17344	131.90	40.03	17.16	60.64	65.07	67.91	94.44	1.19	26.51	26.63
6/23/2025 11:24:34 AM	15.84	7.33	2.79	6.95	0.00	0.00	0.00	0.00	32.90	72.65	2.00	19.77	8394	7328	1254	208	0	0	0	0	17184	132.52	40.21	17.64	61.01	64.67	68.33	94.22	1.20	26.52	26.53
6/23/2025 11:24:37 AM	16.22	6.61	2.50	7.25	0.00	0.00	0.00	0.00	32.58	72.86	2.01	19.85	8595	6611	1126	218	0	0	0	0	16550	132.90	40.25	17.69	59.18	65.20	66.95	95.18	1.20	26.53	26.75
6/23/2025 11:24:40 AM	16.36	6.39	2.85	6.60	0.00	0.00	0.00	0.00	32.19	72.96	2.01	20.23	8668	6387	1284	198	0	0	0	0	16538	133.07	38.95	16.74	57.33	64.46	64.30	94.56	1.20	26.46	26.61
6/23/2025 11:24:42 AM	16.75	6.23	2.96	6.12	0.00	0.00	0.00	0.00	32.05	73.20	2.08	19.82	8876	6230	1331	184	0	0	0	0	16621	133.53	37.86	16.43	56.21	64.36	62.26	94.38	1.20	26.49	26.63
6/23/2025 11:24:45 AM	17.21	4.93	1.62	6.68	0.00	0.00	0.00	0.00	30.44	72.78	2.06	19.61	9122	4928	730	200	0	0	0	0	14980	132.76	36.17	15.47	51.64	63.00	59.22	91.97	1.20	26.48	26.58
6/23/2025 11:24:48 AM	17.90	4.09	1.66	5.64	0.00	0.00	0.00	0.00	29.29	73.05	2.08	19.20	9486	4094	746	169	0	0	0	0	14496	133.24	32.95	13.21	46.76	61.24	53.43	90.31	1.20	26.46	26.75
6/23/2025 11:24:50 AM	18.37	3.70	2.20	4.40	0.00	0.00	0.00	0.00	28.67	73.61	2.11	19.19	9737	3699	991	132	0	0	0	0	14560	134.26	30.63	11.66	43.25	61.11	48.51	88.68	1.21	26.46	26.69
6/23/2025 11:24:54 AM	18.35	4.27	1.95	5.14	0.00	0.00	0.00	0.00	29.70	73.47	2.13	19.36	9724	4266	876	154	0	0	0	0	15021	134.01	32.46	13.46	47.07	62.09	52.50	90.98	1.21	26.46	26.61
6/23/2025 11:24:56 AM	18.31	3.58	1.39	5.71	0.00	0.00	0.00	0.00	28.99	73.68	2.23	19.16	9702	3583	627	171	0	0	0	0	14084	134.39	32.37	13.62	45.48	61.06	51.66	90.92	1.22	26.41	26.71
6/23/2025 11:24:59 AM	18.92	2.69	1.94	3.61	0.00	0.00	0.00	0.00	27.15	73.99	2.21	18.94	10026	2690	872	108	0	0	0	0	13696	134.95	27.19	9.92	38.15	58.39	42.39	86.49	1.22	26.41	26.67
6/23/2025 11:25:02 AM	18.79	2.77	1.79	4.04	0.00	0.00	0.00	0.00	27.38	73.68	2.20	18.92	9959	2769	806	121	0	0	0	0	13654	134.40	28.19	10.26	39.04	59.06	44.08	87.00	1.22	26.40	26.67
6/23/2025 11:25:04 AM	18.22	3.09	2.69	3.22	0.00	0.00	0.00	0.00	27.22	74.15	2.24	18.97	9657	3094	1208	96	0	0	0	0	14055	135.26	27.50	10.26	38.98	57.95	42.27	85.83	1.22	26.37	26.77
6/23/2025 11:25:08 AM	18.72	2.27	1.59	3.45	0.00	0.00	0.00	0.00	26.03	74.12	2.27	18.84	9924	2270	715	104	0	0	0	0	13013	135.20	25.68	9.39	35.72	56.75	39.86	83.48	1.22	26.36	26.64
6/23/2025 11:25:10 AM	18.32	2.64	2.38	2.61	0.00	0.00	0.00	0.00	25.95	74.19	2.27	18.73	9707	2637	1073	78	0	0	0	0	13495	135.32	24.91	9.20	35.69	56.02	38.26	82.19	1.22	26.36	26.72
6/23/2025 11:25:13 AM	18.17	2.28	2.16	2.86	0.00	0.00	0.00	0.00	25.47	74.44	2.31	18.73	9632	2280	971	86	0	0	0	0	12968	135.77	24.76	9.07	34.65	55.16	37.66	81.83	1.23	26.31	26.75
6/23/2025 11:25:16 AM	18.11	2.70	2.37	2.77	0.00	0.00	0.00	0.00	25.95	74.48	2.35	18.73	9597	2702	1067	83	0	0	0	0	13449	135.85	25.20	9.69	36.23	55.76	38.70	82.19	1.23	26.31	26.61
6/23/2025 11:25:18 AM	18.12	2.35	1.94	2.88	0.00	0.00	0.00	0.00	25.29	74.40	2.36	18.66	9606	2350	871	86	0	0	0	0	12914	135.70	24.34	9.17	34.76	54.53	37.64	80.93	1.23	26.29	26.69
6/23/2025 11:25:21 AM	17.72	2.03	1.77	2.37	0.00	0.00	0.00	0.00	23.89	74.33	2.35	18.38	9391	2028	798	71	0	0	0	0	12288	135.57	22.16	7.81	31.72	52.02	34.46	76.67	1.23	26.26	26.75
6/23/2025 11:25:24 AM	17.51	2.12	2.01	2.40	0.00	0.00	0.00	0.00	24.04	74.51	2.42	18.36	9282	2118	906	72	0	0	0	0	12378	135.90	22.70	8.25	32.24	52.35	34.77	77.02	1.24	26.21	26.67
6/23/2025 11:25:27 AM	17.09	1.65	1.46	2.27	0.00	0.00	0.00	0.00	22.46	74.12	2.41	18.28	9056	1646	656	68	0	0	0	0	11427	135.20	20.66	7.11	29.14	49.55	32.05	72.57	1.24	26.21	26.63
6/23/2025 11:25:29 AM	16.60	1.58	1.54	2.68	0.00	0.00	0.00	0.00	22.40	74.36	2.48	18.17	8799	1578	692	80	0	0	0	0	11150	135.63	21.69	7.81	29.61	49.47	32.87	72.90	1.24	26.21	26.75
6/23/2025 11:25:32 AM	17.07	1.68	1.05	2.93	0.00	0.00	0.00	0.00	22.73	74.71	2.54	18.17	9046	1675	473	88	0	0	0	0	11283	136.27	21.68	8.24	30.55	49.95	33.92	73.56	1.25	26.17	26.77
6/23/2025 11:25:35 AM	16.56	2.20	1.92	2.41	0.00	0.00	0.00	0.00	23.09	74.85	2.59	18.16	8776	2200	862	72	0	0	0	0	11910	136.53	22.05	8.27	31.71	49.94	34.18	73.58	1.25	26.16	26.75
6/23/2025 11:25:37 AM	16.65	2.14	1.73	2.37	0.00	0.00	0.00	0.00	22.88	74.80	2.59	18.33	8822	2136	779	71	0	0	0	0	11808	136.43	21.60	8.09	31.21	49.79	33.73	72.77	1.25	26.12	26.64
6/23/2025 11:25:40 AM	16.82	1.77	1.30	2.89	0.00	0.00	0.00	0.00	22.78	74.81	2.62	18.44	8913	1773	584	87	0	0	0	0	11357	136.46	22.04	8.21	30.80	49.98	34.22	73.59	1.26	26.11	26.66
6/23/2025 11:25:42 AM	16.32	2.22	2.18	2.13	0.00	0.00	0.00	0.00	22.85	74.65	2.65	18.03	8648	2217	983	64	0	0	0	0	11911	136.17	21.70	8.12	31.20	49.50	33.22	72.70	1.26	26.10	26.67
6/23/2025 11:25:45 AM	15.15	1.45	1.20	2.47	0.00	0.00	0.00	0.00	20.27	74.53	2.68	17.77	8029	1453	540	74	0	0	0	0	10096	135.94	19.47	6.92	27.05	44.61	30.31	65.90	1.26	26.08	26.71
6/23/2025 11:25:48 AM	13.86	1.38	1.15	2.03	0.00	0.00	0.00	0.00	18.42	74.40	2.70	17.58	7345	1380	519	61	0	0	0	0	9305	135.70	17.57	6.06	24.38	41.35	27.47	59.06	1.26	26.07	26.64
6/23/2025 11:25:51 AM	14.21	1.65	1.43	1.97	0.00	0.00	0.00	0.00	19.27	74.61	2.78	17.36	7533	1653	642	59	0	0	0	0	9888	136.09	18.28	6.55	25.95	42.66	28.59	61.38	1.27	26.03	26.66
6/23/2025 11:25:53 AM	14.30	1.80	1.64	2.06	0.00	0.00	0.00	0.00	19.81	74.63	2.80	17.32	7580	1803	738	62	0	0	0	0	10183	136.13	19.07	7.38	27.21	43.52	29.40	63.06	1.27	25.97	26.66
6/23/2025 11:25:56 AM	15.01	1.83	1.58	1.49	0.00	0.00	0.00	0.00	19.89	73.77	2.80	17.12	7953	1825	709	45	0	0	0	0	10532	134.55	17.74	5.84	26.15	43.82	28.37	62.78	1.27	25.95	26.72
6/23/2025 11:25:59 AM	14.73	1.90	1.72	2.03	0.00	0.00	0.00	0.00	20.38	74.77	2.99	16.97	7804	1902	774	61	0	0	0	0	10542	136.39	19.34	7.45	28.05	44.24	30.06	65.04	1.29	25.94	26.71
6/23/2025 11:26:02 AM	16.06	1.22	0.69	2.70	0.00	0.00	0.00	0.00	20.66	73.41	2.99	17.19	8510	1219	311	81	0	0	0	0	10121	133.90	19.09	7.55	27.50	44.72	30.25	68.47	1.29	25.90	26.72
6/23/2025 11:26:04 AM	15.14	1.63	1.42	1.98	0.00	0.00	0.00	0.00	20.17	73.56	2.97	17.42	8022	1632	640	59	0	0	0	0	10353	134.17	18.46	6.72	27.02	43.47	29.20	65.35	1.29	25.88	26.58
6/23/2025 11:26:07 AM	15.72	1.58	1.43	1.79	0.00	0.00	0.00	0.00	20.52	73.36	2.96	17.12	8330	1580	644	54	0	0	0	0	10608	133.81	18.29	6.23	26.76	44.56	28.99	66.45	1.29	25.84	26.71
6/23/2025 11:26:10 AM	15.90	1.50	1.23	2.11	0.00	0.00	0.00	0.00	20.75	73.44	3.05	16.92	8428	1501	555	63	0	0	0	0	10547	133.96	18.72	6.91	27.39	44.83	29.60	67.72	1.30	25.81	26.58
6/23/2025 11:26:12 AM	17.06	1.60	1.52	1.37	0.00	0.00	0.00	0.00	21.54	72.83	2.99	16.96	9039	1598	684	41	0	0	0	0	11363	132.84	17.69	5.93	27.37	45.73	28.59	70.41	1.29	25.82	26.72
6/23/2025 11:26:15 AM	16.87	1.81	1.66	1.55	0.00	0.00	0.00	0.00	21.89	72.82	3.14	16.41	8941	1810	747	46	0	0	0	0	11544	132.82	18.57	6.95	28.69	46.46	29.61	70.95	1.31	25.75	26.61
6/23/2025 11:26:18 AM	17.00	1.27	1.08	1.79	0.00	0.00	0.00	0.00	21.15	73.57	3.15	16.06	9011	1273	488	54	0	0	0	0	10826	134.19	17.84	6.30	26.67	45.73	28.48	69.72	1.31	25.77	26.51
6/23/2025 11:26:21 AM	17.41	1.18	0.96	1.79	0.00	0.00	0.00	0.00	21.35	73.99	3.17	15.95	9226	1183	433	54	0	0	0	0	10896	134.95	17.78	6.42	26.59	46.48	28.29	70.43	1.31	25.70	26.66
6/23/2025 11:26:23 AM	17.50	1.48	1.40	1.41	0.00	0.00	0.00	0.00	21.79	74.24	3.21	16.20	9273	1479	629	42	0	0	0	0	11423	135.42	17.86	6.13	27.22	47.10	28.50	71.08	1.31	25.65	26.64
6/23/2025 11:26:26 AM	17.32	1.35	1.23	1.64	0.00	0.00	0.00	0.00	21.55	73.49	3.26	16.13	9180	1354	554	49	0	0	0	0	11137	134.04	18.00	6.40	27.02	46.79	28.53	70.64	1.32	25.65	26.66
6/23/2025 11:26:29 AM	17.16	1.28	1.27	1.39	0.00	0.00	0.00	0.00	21.11	74.04	3.33	15.50	9094	1285	574	42	0	0	0	0	10994	135.06	17.31	6.06	25.99	46.29	27.28	68.97	1.33	25.60	26.61
6/23/2025 11:26:32 AM	17.18	1.04	0.78	1.71	0.00	0.00	0.00	0.00	20.70	74.34	3.36	15.68	9104	1036	353	51	0	0	0	0	10544	135.60	17.03	6.10	25.35	45.70	27.14	68.20	1.33	25.56	26.56
6/23/2025 11:26:34 AM	17.11	1.09	0.96	1.53	0.00	0.00	0.00	0.00	20.68	73.91	3.42	15.95	9067	1088	430	46	0	0	0	0	10630	134.82	16.85	6.08	25.31	45.47	26.71	68.06	1.34	25.54	26.51
6/23/2025 11:26:37 AM	16.93	1.02	0.95	1.40	0.00	0.00	0.00	0.00	20.30	74.70	3.45	15.42	8970	1019	428	42	0	0	0	0	10460	136.25	16.40	5.53	24.43	44.95	26.05	66.73	1.34	25.51	26.51
6/23/2025 11:26:40 AM	17.31	0.88	0.53	1.70	0.00	0.00	0.00	0.00	20.42	74.88	3.48	15.30	9177	878	237	51	0	0	0	0	10343	136.57	16.52	5.75	24.52	45.52	26.55	67.37	1.34	25.52	26.53
6/23/2025 11:26:43 AM	16.65	1.23	1.19	1.28	0.00	0.00	0.00	0.00	20.36	74.32	3.52	15.67	8824	1234	537	38	0	0	0	0	10634	135.56	16.48	5.76	25.06	44.52	26.24	66.58	1.34	25.45	26.48
6/23/2025 11:26:45 AM	16.28	1.09	0.99	1.26	0.00	0.00	0.00	0.00	19.61	74.32	3.55	15.82	8627	1091	443	38	0	0	0	0	10198	135.56	15.61	5.52	24.05	42.72	25.16	64.55	1.35	25.40	26.53
6/23/2025 11:26:48 AM	16.00	1.44	1.52	0.84	0.00	0.00	0.00	0.00	19.80	74.44	3.58	15.51	8482	1440	683	25	0	0	0	0	10630	135.79	15.66	5.38	24.56	42.92	25.10	64.08	1.35	25.36	26.50
6/23/2025 11:26:51 AM	15.36	1.44	1.41	0.85	0.00	0.00	0.00	0.00	19.06	74.19	3.63	15.22	8142	1441	634	25	0	0	0	0	10242	135.32	14.97	5.42	24.11	40.70	24.42	61.87	1.36	25.35	26.50
6/23/2025 11:26:53 AM	14.14	0.76	0.57	1.40	0.00	0.00	0.00	0.00	16.87	74.45	3.69	14.81	7494	762	256	42	0	0	0	0	8554	135.80	13.80	4.65	20.79	36.94	22.68	56.14	1.36	25.33	26.51
6/23/2025 11:26:57 AM	12.95	0.76	0.59	1.42	0.00	0.00	0.00	0.00	15.72	74.30	3.76	14.60	6865	756	267	43	0	0	0	0	7930	135.52	13.27	4.65	19.84	34.38	21.74	52.29	1.37	25.27	26.47
6/23/2025 11:26:59 AM	11.85	1.12	1.06	1.08	0.00	0.00	0.00	0.00	15.10	74.63	3.83	14.59	6278	1116	476	32	0	0	0	0	7903	136.12	12.75	4.72	20.10	31.85	21.12	49.67	1.37	25.23	26.48
6/23/2025 11:27:02 AM	10.01	0.92	0.53	1.25	0.00	0.00	0.00	0.00	12.70	74.15	3.86	14.26	5304	924	237	37	0	0	0	0	6502	135.25	11.14	4.21	17.50	27.16	19.22	41.59	1.38	25.20	26.43
6/23/2025 11:27:05 AM	8.30	0.74	0.29	1.44	0.00	0.00	0.00	0.00	10.77	73.88	3.88	14.28	4401	744	129	43	0	0	0	0	5316	134.77	9.91	3.66	15.74	21.90	17.88	36.37	1.38	25.19	26.42
6/23/2025 11:27:07 AM	11.80	1.19	0.77	1.07	0.00	0.00	0.00	0.00	14.82	74.17	3.91	14.42	6254	1189	345	32	0	0	0	0	7820	135.29	12.09	4.55	20.04	30.88	21.06	48.46	1.38	25.15	26.38
6/23/2025 11:27:10 AM	10.97	1.48	1.26	0.63	0.00	0.00	0.00	0.00	14.34	74.10	3.96	14.77	5816	1484	566	19	0	0	0	0	7884	135.15	11.78	4.45	19.71	30.23	20.18	45.46	1.39	25.10	26.37
6/23/2025 11:27:13 AM	8.81	1.24	1.07	0.62	0.00	0.00	0.00	0.00	11.74	74.14	4.01	14.26	4668	1241	482	19	0	0	0	0	6410	135.23	10.07	3.69	16.68	24.67	17.58	37.34	1.39	25.04	26.42
6/23/2025 11:27:16 AM	7.06	1.09	0.84	0.71	0.00	0.00	0.00	0.00	9.70	74.03	4.07	13.83	3739	1091	379	21	0	0	0	0	5231	135.03	8.75	3.43	14.66	20.03	15.73	30.96	1.40	25.02	26.40
6/23/2025 11:27:18 AM	5.72	0.63	0.27	1.12	0.00	0.00	0.00	0.00	7.75	73.87	4.12	13.81	3033	633	123	34	0	0	0	0	3823	134.73	7.67	2.97	12.21	15.96	14.23	25.83	1.40	24.98	26.35
6/23/2025 11:27:21 AM	5.73	1.17	0.88	0.60	0.00	0.00	0.00	0.00	8.38	73.92	4.17	13.79	3036	1167	397	18	0	0	0	0	4618	134.83	7.87	3.02	13.52	16.91	14.67	26.26	1.41	24.97	26.35
6/23/2025 11:27:24 AM	7.34	1.25	0.84	0.64	0.00	0.00	0.00	0.00	10.08	73.93	4.22	13.80	3893	1251	378	19	0	0	0	0	5541	134.86	8.69	3.49	15.46	20.15	16.24	32.05	1.41	24.91	26.29
6/23/2025 11:27:27 AM	6.48	0.89	0.47	0.84	0.00	0.00	0.00	0.00	8.68	74.03	4.26	13.58	3434	889	213	25	0	0	0	0	4561	135.02	7.88	3.03	13.32	17.86	14.82	28.04	1.42	24.85	26.34
6/23/2025 11:27:30 AM	5.57	0.90	0.62	0.77	0.00	0.00	0.00	0.00	7.86	73.96	4.30	13.26	2952	901	278	23	0	0	0	0	4154	134.91	7.55	2.88	12.53	16.13	14.05	25.22	1.42	24.81	26.29
6/23/2025 11:27:32 AM	5.70	1.03	0.63	0.64	0.00	0.00	0.00	0.00	8.00	74.36	4.35	13.30	3022	1026	284	19	0	0	0	0	4351	135.63	7.36	2.92	12.83	16.32	14.06	25.21	1.43	24.80	26.24
6/23/2025 11:27:35 AM	5.29	0.75	0.19	0.81	0.00	0.00	0.00	0.00	7.04	74.25	4.42	13.42	2804	753	87	24	0	0	0	0	3668	135.43	6.59	2.63	11.34	14.78	13.06	22.44	1.43	24.76	26.27
6/23/2025 11:27:38 AM	5.41	0.84	0.42	0.76	0.00	0.00	0.00	0.00	7.44	74.34	4.47	13.28	2866	840	191	23	0	0	0	0	3920	135.60	7.09	2.81	11.88	15.67	13.47	23.55	1.44	24.69	26.24
6/23/2025 11:27:40 AM	4.78	0.69	0.01	0.85	0.00	0.00	0.00	0.00	6.33	74.61	4.51	13.27	2533	687	6	25	0	0	0	0	3251	136.09	6.08	2.50	10.50	13.54	12.42	19.92	1.44	24.66	26.24
6/23/2025 11:27:43 AM	4.59	0.94	0.53	0.55	0.00	0.00	0.00	0.00	6.61	74.19	4.57	13.28	2433	937	240	17	0	0	0	0	3626	135.32	6.38	2.49	11.09	13.83	12.52	20.34	1.45	24.64	26.22
6/23/2025 11:27:45 AM	3.65	0.81	0.17	0.53	0.00	0.00	0.00	0.02	5.15	74.93	4.61	12.39	1933	806	75	16	0	0	0	0	2829	136.67	5.20	2.22	9.18	11.88	10.87	14.97	1.45	24.58	26.16
6/23/2025 11:27:48 AM	3.31	1.02	0.41	0.26	0.00	0.00	0.00	0.02	5.00	74.98	4.65	12.52	1755	1022	184	8	0	0	0	0	2969	136.76	4.88	2.12	9.30	11.20	10.54	13.85	1.46	24.56	26.21
6/23/2025 11:27:51 AM	3.66	1.26	0.59	0.23	0.00	0.00	0.00	0.00	5.73	74.45	4.72	12.65	1938	1257	263	7	0	0	0	0	3465	135.79	5.44	2.42	10.62	12.15	11.62	15.67	1.46	24.49	26.14
6/23/2025 11:27:54 AM	3.28	0.89	0.19	0.52	0.00	0.00	0.00	0.03	4.88	75.12	4.77	12.36	1740	887	84	16	0	0	0	0	2726	137.02	5.10	2.22	9.17	11.30	10.85	13.94	1.47	24.44	26.08
6/23/2025 11:27:57 AM	2.75	0.92	0.27	0.30	0.00	0.00	0.00	0.09	4.24	75.02	4.81	12.41	1456	924	122	9	0	0	0	0	2512	136.83	4.47	2.02	8.47	10.58	9.80	12.09	1.47	24.40	26.10
6/23/2025 11:27:59 AM	2.87	0.87	0.13	0.37	0.00	0.00	0.00	0.08	4.24	74.81	4.86	12.93	1521	871	57	11	0	0	0	0	2460	136.45	4.40	1.93	8.38	10.49	9.91	12.11	1.48	24.39	26.11
6/23/2025 11:28:02 AM	2.82	0.89	0.16	0.37	0.00	0.00	0.00	0.07	4.24	75.20	4.90	13.25	1496	889	72	11	0	0	0	0	2468	137.16	4.42	1.99	8.43	10.35	9.91	12.01	1.48	24.36	26.05
6/23/2025 11:28:05 AM	2.34	0.92	0.25	0.29	0.00	0.00	0.00	0.11	3.80	75.19	4.97	12.96	1240	918	112	9	0	0	0	0	2278	137.16	4.22	1.85	8.04	9.75	9.47	10.74	1.49	24.29	26.05
6/23/2025 11:28:08 AM	2.41	0.85	0.00	0.44	0.00	0.00	0.00	0.12	3.71	75.28	5.03	12.40	1279	852	0	13	0	0	0	0	2144	137.30	4.09	2.00	7.96	9.74	9.63	10.60	1.49	24.24	26.05
6/23/2025 11:28:10 AM	2.21	0.74	0.09	0.46	0.00	0.00	0.00	0.14	3.50	75.29	5.06	12.27	1173	742	38	14	0	0	0	0	1967	137.33	4.24	1.79	7.51	9.77	9.29	10.49	1.50	24.19	26.00
6/23/2025 11:28:13 AM	2.12	1.00	0.44	0.18	0.00	0.00	0.00	0.11	3.75	75.22	5.09	12.62	1123	1004	200	5	0	0	0	0	2333	137.20	4.26	1.84	8.12	9.54	9.37	10.41	1.50	24.15	26.03
6/23/2025 11:28:16 AM	2.04	0.85	0.08	0.46	0.00	0.00	0.00	0.14	3.42	75.23	5.13	12.81	1080	846	34	14	0	0	0	0	1974	137.21	4.19	2.00	7.80	9.37	9.43	9.89	1.50	24.13	25.97
6/23/2025 11:28:19 AM	2.10	0.83	0.04	0.37	0.00	0.00	0.00	0.13	3.34	75.13	5.19	12.86	1111	832	18	11	0	0	0	0	1973	137.05	3.87	1.85	7.55	9.14	9.08	9.58	1.51	24.07	25.92
6/23/2025 11:28:22 AM	2.17	0.85	0.09	0.32	0.00	0.00	0.00	0.13	3.43	75.31	5.25	12.49	1152	848	41	9	0	0	0	0	2051	137.37	3.85	1.75	7.57	9.22	9.06	9.76	1.51	24.03	25.92
6/23/2025 11:28:24 AM	2.08	1.02	0.21	0.23	0.00	0.00	0.00	0.13	3.54	75.33	5.32	11.93	1103	1021	94	7	0	0	0	0	2225	137.41	3.93	1.86	8.06	9.34	9.34	9.70	1.52	23.99	25.90
6/23/2025 11:28:27 AM	1.92	0.90	0.17	0.22	0.00	0.00	0.00	0.15	3.22	75.21	5.44	11.90	1017	903	77	7	0	0	0	0	2003	137.18	3.70	1.64	7.41	8.97	8.82	9.07	1.53	23.94	25.87
6/23/2025 11:28:30 AM	1.87	0.81	0.00	0.36	0.00	0.00	0.00	0.17	3.05	75.16	5.51	11.87	992	809	0	11	0	0	0	0	1813	137.09	3.69	1.76	7.23	8.95	8.78	8.88	1.54	23.90	25.81
6/23/2025 11:28:33 AM	1.97	0.94	0.25	0.18	0.00	0.00	0.00	0.13	3.34	75.09	5.57	10.79	1046	942	114	5	0	0	0	0	2107	136.97	3.75	1.73	7.59	9.00	8.84	9.29	1.55	23.85	25.81
6/23/2025 11:28:35 AM	1.78	0.90	0.12	0.27	0.00	0.00	0.00	0.18	3.08	75.34	5.72	11.05	944	902	56	8	0	0	0	0	1909	137.43	3.70	1.77	7.40	9.00	8.78	8.78	1.56	23.79	25.77
6/23/2025 11:28:38 AM	1.92	0.92	0.10	0.27	0.00	0.00	0.00	0.15	3.21	75.05	5.76	10.62	1016	922	45	8	0	0	0	0	1992	136.90	3.69	1.69	7.52	8.93	8.97	8.97	1.56	23.74	25.76
6/23/2025 11:28:40 AM	1.86	0.99	0.29	0.16	0.00	0.00	0.00	0.14	3.30	75.26	5.85	10.65	987	988	131	5	0	0	0	0	2111	137.27	3.79	1.69	7.65	8.98	8.92	9.11	1.57	23.73	25.79
6/23/2025 11:28:43 AM	2.11	0.99	0.17	0.17	0.00	0.00	0.00	0.13	3.45	75.18	5.95	10.78	1120	991	78	5	0	0	0	0	2194	137.14	3.67	1.70	7.78	9.13	9.03	9.41	1.58	23.69	25.73
6/23/2025 11:28:46 AM	2.36	1.28	0.46	0.00	0.00	0.00	0.00	0.10	4.09	75.12	6.04	10.87	1251	1275	205	0	0	0	0	0	2731	137.02	4.05	2.01	9.18	9.80	9.47	10.55	1.59	23.60	25.73
6/23/2025 11:28:49 AM	2.14	0.91	0.17	0.21	0.00	0.00	0.00	0.12	3.43	74.71	6.10	11.22	1136	908	78	6	0	0	0	0	2128	136.26	3.73	1.54	7.54	9.06	8.99	9.55	1.60	23.55	25.63
6/23/2025 11:28:52 AM	1.99	0.96	0.19	0.24	0.00	0.00	0.00	0.16	3.39	74.90	6.15	11.62	1056	961	86	7	0	0	0	0	2111	136.62	3.90	1.78	7.77	9.40	9.14	9.54	1.60	23.53	25.63
6/23/2025 11:28:54 AM	1.80	1.20	0.47	0.04	0.00	0.00	0.00	0.16	3.50	75.14	6.23	11.72	955	1197	210	1	0	0	0	0	2364	137.05	3.93	1.88	8.31	9.37	9.23	9.31	1.61	23.48	25.63
6/23/2025 11:28:57 AM	1.86	1.05	0.35	0.15	0.00	0.00	0.00	0.15	3.41	75.16	6.30	11.70	985	1052	157	4	0	0	0	0	2200	137.09	3.94	1.76	7.92	9.29	9.14	9.38	1.62	23.46	25.60
6/23/2025 11:29:00 AM	2.23	1.07	0.27	0.11	0.00	0.00	0.00	0.12	3.68	75.07	6.40	11.58	1181	1066	121	3	0	0	0	0	2372	136.92	3.79	1.75	8.12	9.39	9.24	9.89	1.63	23.39	25.57
6/23/2025 11:29:02 AM	2.03	1.10	0.32	0.03	0.00	0.00	0.00	0.13	3.47	75.25	6.45	11.30	1075	1095	144	1	0	0	0	0	2315	137.26	3.60	1.60	7.90	9.07	8.97	9.23	1.63	23.33	25.53
6/23/2025 11:29:05 AM	1.94	1.15	0.41	0.00	0.00	0.00	0.00	0.14	3.50	74.93	6.52	11.20	1028	1146	187	0	0	0	0	0	2361	136.67	3.71	1.77	8.09	9.18	8.97	9.27	1.64	23.28	25.50
6/23/2025 11:29:08 AM	2.03	1.00	0.29	0.13	0.00	0.00	0.00	0.15	3.45	74.65	6.56	11.13	1074	1005	129	4	0	0	0	0	2212	136.17	3.81	1.65	7.77	9.43	9.01	9.58	1.64	23.28	25.52
6/23/2025 11:29:10 AM	2.00	0.96	0.16	0.20	0.00	0.00	0.00	0.15	3.33	75.07	6.61	11.10	1062	965	73	6	0	0	0	0	2106	136.94	3.69	1.70	7.66	9.10	8.98	9.22	1.65	23.24	25.48
6/23/2025 11:29:13 AM	1.94	1.23	0.46	0.00	0.00	0.00	0.00	0.14	3.63	74.50	6.65	11.42	1030	1227	209	0	0	0	0	0	2465	135.90	3.90	1.75	8.51	9.40	9.23	9.51	1.65	23.16	25.40
6/23/2025 11:29:16 AM	2.04	0.87	0.00	0.34	0.00	0.00	0.00	0.16	3.26	74.79	6.70	11.76	1082	872	0	10	0	0	0	0	1964	136.42	3.74	1.76	7.53	9.21	9.06	9.29	1.66	23.12	25.39
6/23/2025 11:29:19 AM	1.83	0.96	0.19	0.20	0.00	0.00	0.00	0.17	3.18	74.98	6.76	11.88	972	958	84	6	0	0	0	0	2019	136.76	3.69	1.74	7.54	9.07	8.83	8.92	1.66	23.09	25.37
6/23/2025 11:29:21 AM	1.98	0.98	0.22	0.16	0.00	0.00	0.00	0.15	3.34	75.22	6.80	11.75	1049	978	97	5	0	0	0	0	2129	137.21	3.70	1.63	7.64	9.10	8.95	9.22	1.67	23.05	25.39
6/23/2025 11:29:24 AM	2.42	0.83	0.00	0.41	0.00	0.00	0.00	0.14	3.65	75.20	6.85	11.72	1283	828	0	12	0	0	0	0	2123	137.16	4.06	1.85	7.80	10.01	9.47	10.66	1.67	23.01	25.32
6/23/2025 11:29:27 AM	1.94	0.98	0.26	0.19	0.00	0.00	0.00	0.15	3.38	75.27	6.92	11.84	1029	983	118	6	0	0	0	0	2136	137.30	3.87	1.64	7.72	9.22	9.11	9.40	1.68	22.95	25.24
6/23/2025 11:29:30 AM	2.07	1.04	0.23	0.24	0.00	0.00	0.00	0.14	3.58	75.20	7.02	11.66	1098	1044	103	7	0	0	0	0	2252	137.17	4.02	1.80	8.13	9.47	9.50	9.81	1.69	22.92	25.24
6/23/2025 11:29:33 AM	2.01	0.95	0.15	0.20	0.00	0.00	0.00	0.15	3.30	75.23	7.14	11.32	1065	952	65	6	0	0	0	0	2088	137.22	3.66	1.60	7.57	9.11	8.96	9.19	1.70	22.88	25.23
6/23/2025 11:29:35 AM	1.92	0.92	0.12	0.20	0.00	0.00	0.00	0.17	3.16	75.00	7.21	10.91	1018	917	55	6	0	0	0	0	1996	136.80	3.57	1.65	7.38	9.12	8.71	8.94	1.71	22.83	25.23
6/23/2025 11:29:38 AM	2.21	1.06	0.26	0.12	0.00	0.00	0.00	0.13	3.64	75.08	7.25	10.83	1169	1061	117	3	0	0	0	0	2351	136.95	3.80	1.78	8.09	9.54	9.20	9.90	1.71	22.79	25.21
6/23/2025 11:29:41 AM	2.01	1.00	0.18	0.21	0.00	0.00	0.00	0.17	3.39	74.76	7.32	11.05	1063	996	82	6	0	0	0	0	2148	136.36	3.82	1.70	7.81	9.47	9.16	9.48	1.72	22.75	25.12
6/23/2025 11:29:44 AM	2.52	1.02	0.24	0.18	0.00	0.00	0.00	0.11	3.96	74.88	7.39	11.33	1335	1024	108	5	0	0	0	0	2472	136.59	4.03	1.89	8.34	9.98	9.50	10.89	1.72	22.72	25.15
6/23/2025 11:29:47 AM	2.05	1.01	0.21	0.16	0.00	0.00	0.00	0.16	3.42	75.16	7.44	11.42	1084	1008	96	5	0	0	0	0	2193	137.10	3.75	1.71	7.81	9.44	9.04	9.50	1.73	22.64	25.08
6/23/2025 11:29:49 AM	1.87	1.04	0.21	0.18	0.00	0.00	0.00	0.18	3.30	75.17	7.49	11.41	989	1044	96	5	0	0	0	0	2135	137.11	3.78	1.70	7.83	9.32	9.13	9.11	1.73	22.61	25.08
6/23/2025 11:29:52 AM	1.87	1.07	0.25	0.13	0.00	0.00	0.00	0.17	3.32	74.79	7.58	11.46	992	1068	113	4	0	0	0	0	2176	136.42	3.71	1.78	7.88	9.27	9.00	9.06	1.74	22.59	24.99
6/23/2025 11:29:55 AM	1.96	1.02	0.18	0.10	0.00	0.00	0.00	0.17	3.26	75.06	7.67	11.46	1037	1022	83	3	0	0	0	0	2145	136.91	3.52	1.67	7.65	9.24	8.78	8.98	1.75	22.52	24.95
6/23/2025 11:29:57 AM	1.77	0.93	0.12	0.19	0.00	0.00	0.00	0.18	3.01	75.13	7.73	11.42	939	931	54	6	0	0	0	0	1930	137.03	3.50	1.61	7.29	8.92	8.63	8.50	1.76	22.51	24.99
6/23/2025 11:30:00 AM	1.88	0.90	0.14	0.20	0.00	0.00	0.00	0.17	3.13	74.80	7.84	11.35	998	904	63	6	0	0	0	0	1971	136.44	3.60	1.64	7.33	9.11	8.67	8.92	1.77	22.47	24.94
6/23/2025 11:30:03 AM	1.97	1.04	0.25	0.13	0.00	0.00	0.00	0.16	3.38	75.06	7.95	11.14	1046	1036	113	4	0	0	0	0	2198	136.90	3.71	1.71	7.82	9.26	9.00	9.27	1.78	22.43	24.92
6/23/2025 11:30:05 AM	1.87	0.96	0.11	0.14	0.00	0.00	0.00	0.18	3.08	74.85	8.06	11.13	992	963	49	4	0	0	0	0	2008	136.53	3.39	1.63	7.38	8.98	8.59	8.58	1.79	22.39	24.89
6/23/2025 11:30:09 AM	2.08	1.05	0.25	0.07	0.00	0.00	0.00	0.16	3.46	74.71	8.25	10.88	1102	1054	113	2	0	0	0	0	2272	136.27	3.64	1.69	7.87	9.46	8.94	9.47	1.81	22.35	24.84
6/23/2025 11:30:11 AM	2.43	1.12	0.23	0.00	0.00	0.00	0.00	0.14	3.77	74.77	8.35	10.52	1285	1116	104	0	0	0	0	0	2506	136.39	3.59	1.59	8.30	9.83	9.01	10.11	1.82	22.32	24.81
6/23/2025 11:30:14 AM	1.81	0.94	0.16	0.11	0.00	0.00	0.00	0.19	3.01	74.82	8.45	10.61	959	939	72	3	0	0	0	0	1974	136.48	3.38	1.58	7.21	9.01	8.39	8.52	1.83	22.27	24.81
6/23/2025 11:30:17 AM	1.99	1.02	0.19	0.00	0.00	0.00	0.00	0.18	3.20	74.93	8.59	10.64	1056	1022	85	0	0	0	0	0	2163	136.68	3.26	1.50	7.47	9.11	8.44	8.74	1.84	22.21	24.76
6/23/2025 11:30:19 AM	2.33	1.09	0.19	0.00	0.00	0.00	0.00	0.13	3.61	74.84	8.65	10.57	1236	1091	86	0	0	0	0	0	2413	136.50	3.42	1.54	8.00	9.41	8.91	9.60	1.85	22.18	24.75
6/23/2025 11:30:22 AM	2.13	0.98	0.14	0.06	0.00	0.00	0.00	0.16	3.31	74.86	8.70	10.59	1129	983	62	2	0	0	0	0	2176	136.54	3.33	1.57	7.50	9.26	8.58	9.12	1.85	22.16	24.71
6/23/2025 11:30:25 AM	2.08	1.04	0.22	0.00	0.00	0.00	0.00	0.16	3.34	74.98	8.79	10.72	1105	1035	99	0	0	0	0	0	2239	136.77	3.34	1.57	7.61	9.20	8.57	9.07	1.86	22.11	24.63
6/23/2025 11:30:27 AM	2.25	1.08	0.22	0.00	0.00	0.00	0.00	0.15	3.55	74.62	8.95	10.78	1195	1077	98	0	0	0	0	0	2370	136.10	3.45	1.59	8.04	9.44	8.69	9.53	1.88	22.06	24.63
6/23/2025 11:30:30 AM	1.96	0.99	0.18	0.02	0.00	0.00	0.00	0.18	3.14	74.82	9.05	10.69	1038	989	80	1	0	0	0	0	2107	136.48	3.24	1.50	7.33	9.03	8.38	8.66	1.89	22.05	24.60
6/23/2025 11:30:33 AM	2.11	1.06	0.16	0.00	0.00	0.00	0.00	0.17	3.33	74.71	9.17	10.63	1116	1057	74	0	0	0	0	0	2246	136.28	3.28	1.61	7.67	9.31	8.60	9.01	1.90	22.00	24.60
6/23/2025 11:30:36 AM	1.92	0.98	0.09	0.09	0.00	0.00	0.00	0.19	3.09	74.86	9.36	10.53	1019	978	42	3	0	0	0	0	2042	136.55	3.27	1.56	7.35	9.06	8.51	8.55	1.92	21.96	24.59
6/23/2025 11:30:38 AM	2.37	1.06	0.19	0.01	0.00	0.00	0.00	0.15	3.63	74.73	9.48	10.53	1254	1062	86	0	0	0	0	0	2402	136.31	3.47	1.61	7.93	9.67	8.93	9.85	1.93	21.93	24.57
6/23/2025 11:30:41 AM	2.27	1.14	0.20	0.00	0.00	0.00	0.00	0.14	3.61	74.84	9.57	10.55	1206	1140	88	0	0	0	0	0	2434	136.51	3.45	1.71	8.38	9.43	8.75	9.49	1.94	21.90	24.47
6/23/2025 11:30:44 AM	2.33	0.97	0.12	0.18	0.00	0.00	0.00	0.17	3.60	74.81	9.64	10.55	1234	972	55	5	0	0	0	0	2267	136.46	3.78	1.69	7.88	10.03	9.17	10.20	1.94	21.84	24.46
6/23/2025 11:30:46 AM	2.10	1.05	0.16	0.00	0.00	0.00	0.00	0.18	3.31	74.60	9.68	10.65	1111	1054	74	0	0	0	0	0	2239	136.07	3.29	1.55	7.79	9.31	8.45	8.98	1.95	21.82	24.41
6/23/2025 11:30:50 AM	2.34	1.14	0.25	0.00	0.00	0.00	0.00	0.16	3.73	74.99	9.70	10.72	1239	1138	115	0	0	0	0	0	2492	136.78	3.63	1.75	8.34	9.91	9.02	10.03	1.95	21.77	24.46
6/23/2025 11:30:52 AM	2.15	1.09	0.24	0.00	0.00	0.00	0.00	0.16	3.48	74.89	9.71	10.79	1142	1089	107	0	0	0	0	0	2338	136.60	3.47	1.66	7.93	9.51	8.77	9.41	1.95	21.75	24.38
