Date/Time	Green Algae	Bluegreen	Diatoms	Cryptophyta	#5	#6	#7	Yellow substances	Total conc.	Transmission	Depth	Temp. Sample	Green Algae	Bluegreen	Diatoms	Cryptophyta	#5	#6	#7	Yellow substances	Total cell count	Trans. 700 nm	LED 3 [525 nm]	LED 4 [570 nm]	LED 5 [610 nm]	LED 6 [370 nm]	LED 7 [590 nm]	LED 8 [470 nm]	Pressure	Temp. LEDs	Temp. Sensor
date	µg/l	µg/l	µg/l	µg/l	µg/l	µg/l	µg/l	r.u.	µg/l	%	m	°C	cells/ml	cells/ml	cells/ml	cells/ml	cells/ml	cells/ml	cells/ml	r.u.	cells/ml	digits	digits	digits	digits	digits	digits	digits	bar	°C	°C
7/3/2025 10:46:22 AM	7.05	7.44	0.00	2.12	0.00	0.00	0.00	0.18	16.61	75.01	0.01	26.31	3738	7437	0	64	0	0	0	0	11239	136.81	16.18	10.12	39.72	31.19	41.28	34.47	1.00	20.01	20.62
7/3/2025 10:46:26 AM	6.68	7.86	1.21	1.48	0.00	0.00	0.00	0.15	17.23	74.97	0.09	26.26	3541	7860	544	45	0	0	0	0	11990	136.75	17.07	9.29	40.50	31.73	41.45	35.55	1.01	20.04	20.74
7/3/2025 10:46:28 AM	7.33	8.16	1.28	1.07	0.00	0.00	0.00	0.06	17.83	75.14	0.11	26.06	3885	8157	574	32	0	0	0	0	12648	137.05	16.37	8.96	41.18	31.43	41.51	35.83	1.01	20.09	20.62
7/3/2025 10:46:31 AM	6.87	8.25	1.44	1.11	0.00	0.00	0.00	0.12	17.66	75.06	0.12	25.99	3639	8247	646	33	0	0	0	0	12565	136.91	16.72	9.61	41.56	31.64	41.49	35.48	1.01	20.14	20.63
7/3/2025 10:46:34 AM	6.71	7.56	0.66	2.00	0.00	0.00	0.00	0.13	16.93	74.92	0.14	26.18	3559	7555	299	60	0	0	0	0	11472	136.66	17.15	9.94	40.22	31.11	41.56	35.20	1.01	20.20	20.68
7/3/2025 10:46:36 AM	6.84	7.94	1.41	1.19	0.00	0.00	0.00	0.10	17.37	75.28	0.16	26.27	3625	7938	633	36	0	0	0	0	12232	137.32	16.66	8.89	40.35	31.21	41.01	35.39	1.02	20.25	20.73
7/3/2025 10:46:39 AM	7.07	7.65	0.51	1.76	0.00	0.00	0.00	0.16	16.99	74.77	0.22	26.09	3746	7650	230	53	0	0	0	0	11679	136.38	16.48	9.48	40.11	31.58	41.30	35.13	1.02	20.29	20.73
7/3/2025 10:46:42 AM	6.76	7.85	1.29	1.52	0.00	0.00	0.00	0.14	17.41	74.75	0.24	26.04	3581	7845	580	46	0	0	0	0	12051	136.34	17.35	9.42	40.68	32.06	41.62	36.18	1.02	20.34	20.74
7/3/2025 10:46:45 AM	6.77	8.00	1.29	1.39	0.00	0.00	0.00	0.12	17.45	75.45	0.26	26.06	3588	8000	583	42	0	0	0	0	12212	137.62	17.05	9.36	40.95	31.58	41.67	35.63	1.03	20.40	20.81
7/3/2025 10:46:47 AM	6.79	7.76	0.79	1.84	0.00	0.00	0.00	0.09	17.18	75.09	0.29	26.00	3598	7764	354	55	0	0	0	0	11771	136.96	17.07	9.57	40.65	30.82	42.03	35.10	1.03	20.44	20.81
7/3/2025 10:46:50 AM	6.82	7.90	0.81	1.63	0.00	0.00	0.00	0.16	17.16	74.84	0.32	25.88	3613	7899	363	49	0	0	0	0	11924	136.51	16.77	9.47	40.76	31.60	41.80	35.05	1.03	20.49	20.87
7/3/2025 10:46:53 AM	6.59	7.95	1.35	1.26	0.00	0.00	0.00	0.17	17.15	74.91	0.33	25.63	3491	7945	608	38	0	0	0	0	12082	136.63	16.80	8.69	40.23	31.65	41.24	35.12	1.03	20.54	20.87
7/3/2025 10:46:56 AM	6.93	7.96	1.12	1.32	0.00	0.00	0.00	0.15	17.33	75.01	0.34	25.62	3673	7957	502	40	0	0	0	0	12173	136.81	16.60	9.09	40.59	31.75	41.32	35.39	1.03	20.61	20.87
7/3/2025 10:46:59 AM	6.51	7.96	1.03	1.49	0.00	0.00	0.00	0.17	16.99	74.92	0.36	25.49	3451	7962	461	45	0	0	0	0	11920	136.65	16.73	8.73	40.37	31.16	41.80	34.40	1.04	20.65	20.89
7/3/2025 10:47:01 AM	6.51	7.94	0.99	1.42	0.00	0.00	0.00	0.13	16.85	75.45	0.37	25.63	3450	7943	444	42	0	0	0	0	11879	137.61	16.32	9.03	40.24	30.40	41.17	33.72	1.04	20.69	20.91
7/3/2025 10:47:04 AM	6.97	8.16	1.08	0.90	0.00	0.00	0.00	0.13	17.11	75.07	0.40	25.88	3692	8158	487	27	0	0	0	0	12363	136.94	15.42	8.42	40.25	30.66	40.58	33.70	1.04	20.72	20.95
7/3/2025 10:47:07 AM	6.61	7.81	1.19	1.17	0.00	0.00	0.00	0.14	16.77	75.50	0.42	25.76	3501	7806	534	35	0	0	0	0	11876	137.71	15.97	9.05	39.58	30.55	39.90	33.92	1.04	20.79	20.97
7/3/2025 10:47:10 AM	6.57	8.18	1.75	0.83	0.00	0.00	0.00	0.11	17.33	74.94	0.45	25.71	3482	8180	788	25	0	0	0	0	12476	136.69	16.37	8.96	40.61	30.93	40.49	34.66	1.04	20.83	20.95
7/3/2025 10:47:12 AM	7.12	8.00	0.98	1.26	0.00	0.00	0.00	0.07	17.36	75.24	0.46	25.68	3776	8004	441	38	0	0	0	0	12258	137.24	16.05	9.31	40.71	30.61	41.02	34.67	1.05	20.86	20.95
7/3/2025 10:47:15 AM	6.36	7.90	1.17	1.41	0.00	0.00	0.00	0.17	16.84	74.95	0.50	25.72	3371	7898	526	42	0	0	0	0	11837	136.71	16.64	9.32	40.22	30.95	40.94	34.18	1.05	20.90	21.03
7/3/2025 10:47:17 AM	6.50	8.02	1.30	1.17	0.00	0.00	0.00	0.15	16.98	75.03	0.53	25.83	3442	8024	584	35	0	0	0	0	12085	136.86	16.31	9.19	40.36	30.79	40.67	34.08	1.05	20.96	21.00
7/3/2025 10:47:20 AM	6.46	8.06	1.31	1.13	0.00	0.00	0.00	0.17	16.97	75.21	0.56	25.86	3425	8064	590	34	0	0	0	0	12113	137.18	16.29	9.33	40.48	31.03	40.60	34.07	1.06	21.03	21.08
7/3/2025 10:47:23 AM	6.13	8.31	1.64	1.08	0.00	0.00	0.00	0.10	17.16	74.94	0.57	25.80	3250	8307	738	32	0	0	0	0	12327	136.69	16.69	9.17	41.12	30.18	41.40	33.67	1.06	21.06	21.08
7/3/2025 10:47:26 AM	6.28	8.43	1.69	0.87	0.00	0.00	0.00	0.11	17.27	74.54	0.58	25.69	3328	8427	761	26	0	0	0	0	12542	135.97	16.36	9.17	41.32	30.34	41.16	33.65	1.06	21.08	21.07
7/3/2025 10:47:28 AM	6.57	8.01	1.49	0.89	0.00	0.00	0.00	0.10	16.97	75.35	0.57	25.55	3485	8013	672	27	0	0	0	0	12195	137.44	15.85	8.77	39.87	30.14	39.91	33.73	1.06	21.14	21.07
7/3/2025 10:47:31 AM	6.39	8.40	1.64	0.92	0.00	0.00	0.00	0.14	17.35	75.05	0.57	25.36	3386	8405	739	27	0	0	0	0	12557	136.90	16.51	8.96	41.30	30.96	41.43	34.17	1.06	21.17	21.13
7/3/2025 10:47:34 AM	6.08	8.43	1.75	0.69	0.00	0.00	0.00	0.13	16.95	75.00	0.58	25.33	3221	8432	786	21	0	0	0	0	12461	136.80	15.91	8.80	40.77	29.95	40.51	32.72	1.06	21.24	21.18
7/3/2025 10:47:37 AM	5.84	8.65	2.47	0.25	0.00	0.00	0.00	0.13	17.20	75.11	0.59	25.28	3095	8646	1109	8	0	0	0	0	12858	137.01	16.16	8.55	40.99	30.21	40.16	33.14	1.06	21.26	21.15
7/3/2025 10:47:39 AM	6.21	8.08	1.34	1.04	0.00	0.00	0.00	0.18	16.67	75.16	0.59	25.31	3293	8077	601	31	0	0	0	0	12003	137.10	16.00	8.53	39.90	30.36	40.52	33.05	1.06	21.31	21.21
7/3/2025 10:47:42 AM	5.95	8.34	1.95	0.63	0.00	0.00	0.00	0.18	16.87	74.66	0.59	25.31	3151	8344	876	19	0	0	0	0	12390	136.18	16.14	8.63	40.38	30.56	40.17	33.16	1.06	21.35	21.23
7/3/2025 10:47:45 AM	5.97	8.11	1.28	0.94	0.00	0.00	0.00	0.20	16.30	75.12	0.59	25.24	3164	8105	575	28	0	0	0	0	11873	137.02	15.51	8.61	39.61	29.80	39.88	31.83	1.06	21.41	21.24
7/3/2025 10:47:47 AM	5.95	7.98	1.32	1.01	0.00	0.00	0.00	0.17	16.26	74.91	0.59	25.25	3156	7979	594	30	0	0	0	0	11759	136.63	15.67	8.13	39.15	29.48	39.98	31.94	1.06	21.47	21.27
7/3/2025 10:47:50 AM	5.99	8.20	1.69	0.86	0.00	0.00	0.00	0.17	16.73	74.88	0.59	25.45	3172	8201	760	26	0	0	0	0	12159	136.57	16.15	8.50	40.07	30.24	40.40	32.97	1.06	21.50	21.29
7/3/2025 10:47:53 AM	6.45	8.15	1.38	0.95	0.00	0.00	0.00	0.18	16.93	75.21	0.59	25.74	3420	8152	621	28	0	0	0	0	12221	137.19	15.98	8.82	40.31	30.94	40.47	33.69	1.06	21.55	21.34
7/3/2025 10:47:56 AM	6.20	8.51	1.55	0.81	0.00	0.00	0.00	0.16	17.06	75.21	0.60	25.81	3285	8509	697	24	0	0	0	0	12515	137.18	16.01	8.79	41.18	30.42	41.19	32.95	1.06	21.59	21.34
7/3/2025 10:47:58 AM	5.92	8.07	1.46	1.07	0.00	0.00	0.00	0.24	16.52	74.99	0.60	25.78	3139	8073	655	32	0	0	0	0	11899	136.78	16.27	9.09	40.02	30.93	40.24	33.11	1.06	21.61	21.36
7/3/2025 10:48:01 AM	6.49	8.42	1.58	0.80	0.00	0.00	0.00	0.15	17.29	74.98	0.60	25.82	3440	8425	709	24	0	0	0	0	12598	136.77	16.13	8.79	41.13	31.00	41.12	33.93	1.06	21.68	21.40
7/3/2025 10:48:04 AM	6.33	8.33	1.44	0.76	0.00	0.00	0.00	0.17	16.86	74.92	0.60	25.76	3355	8329	650	23	0	0	0	0	12357	136.65	15.62	8.40	40.37	30.34	40.51	32.80	1.06	21.71	21.42
7/3/2025 10:48:07 AM	5.79	7.92	1.38	1.31	0.00	0.00	0.00	0.19	16.40	75.26	0.61	25.72	3070	7919	620	39	0	0	0	0	11648	137.27	16.57	8.69	39.61	30.20	40.69	32.91	1.06	21.76	21.45
7/3/2025 10:48:09 AM	6.37	8.37	1.36	0.96	0.00	0.00	0.00	0.17	17.06	74.86	0.61	25.70	3375	8374	612	29	0	0	0	0	12390	136.55	16.04	9.16	41.11	30.73	41.06	33.36	1.06	21.80	21.42
7/3/2025 10:48:12 AM	6.18	8.03	1.11	1.26	0.00	0.00	0.00	0.24	16.58	75.09	0.62	25.71	3275	8032	498	38	0	0	0	0	11844	136.96	16.21	9.17	40.18	31.12	40.68	33.30	1.06	21.84	21.50
7/3/2025 10:48:15 AM	6.37	8.08	1.27	1.17	0.00	0.00	0.00	0.17	16.88	75.32	0.62	25.72	3373	8075	573	35	0	0	0	0	12056	137.38	16.28	9.08	40.38	30.79	40.80	33.73	1.06	21.91	21.56
7/3/2025 10:48:18 AM	6.08	8.39	2.10	0.64	0.00	0.00	0.00	0.10	17.20	75.10	0.63	25.73	3220	8392	943	19	0	0	0	0	12575	136.97	16.40	9.02	40.89	30.21	40.39	33.68	1.06	21.92	21.53
7/3/2025 10:48:20 AM	5.76	8.31	1.92	0.69	0.00	0.00	0.00	0.22	16.67	74.75	0.64	25.76	3052	8307	863	21	0	0	0	0	12243	136.35	16.20	8.57	40.17	30.74	40.13	32.91	1.06	21.97	21.53
7/3/2025 10:48:23 AM	6.20	7.66	0.79	1.86	0.00	0.00	0.00	0.16	16.51	74.98	0.65	25.83	3284	7663	358	56	0	0	0	0	11360	136.76	16.89	9.58	39.90	30.39	41.29	33.73	1.06	22.02	21.58
7/3/2025 10:48:26 AM	5.97	8.79	2.25	0.14	0.00	0.00	0.00	0.23	17.14	74.68	0.66	25.76	3162	8786	1014	4	0	0	0	0	12966	136.21	15.69	9.25	41.46	31.20	39.72	33.00	1.06	22.06	21.56
7/3/2025 10:48:28 AM	6.50	8.52	1.02	0.61	0.00	0.00	0.00	0.18	16.65	75.75	0.67	25.79	3448	8520	460	18	0	0	0	0	12445	138.17	14.48	8.70	40.63	29.64	40.05	31.23	1.07	22.10	21.69
7/3/2025 10:48:32 AM	5.95	8.50	1.81	0.34	0.00	0.00	0.00	0.21	16.61	75.22	0.69	25.86	3155	8503	816	10	0	0	0	0	12484	137.19	15.13	8.75	40.33	30.08	39.29	31.77	1.07	22.12	21.66
7/3/2025 10:48:34 AM	5.55	8.58	2.01	0.32	0.00	0.00	0.00	0.22	16.47	75.68	0.71	25.86	2943	8582	903	10	0	0	0	0	12438	138.03	15.33	9.10	40.53	29.76	39.20	31.25	1.07	22.17	21.77
7/3/2025 10:48:37 AM	6.15	7.75	0.39	1.69	0.00	0.00	0.00	0.13	15.98	75.05	0.71	25.79	3261	7752	175	51	0	0	0	0	11239	136.89	15.50	8.82	39.24	28.48	40.74	31.10	1.07	22.23	21.71
7/3/2025 10:48:40 AM	5.93	8.55	2.03	0.21	0.00	0.00	0.00	0.22	16.72	75.47	0.73	25.80	3142	8551	912	6	0	0	0	0	12612	137.66	15.33	7.37	39.93	30.33	39.91	32.10	1.07	22.27	21.79
7/3/2025 10:48:42 AM	4.60	8.62	3.54	0.00	0.00	0.00	0.00	0.22	16.76	74.31	0.75	25.86	2438	8617	1594	0	0	0	0	0	12649	135.54	17.28	7.99	40.35	30.64	39.32	33.06	1.07	22.29	21.82
7/3/2025 10:48:45 AM	5.84	8.30	2.00	0.39	0.00	0.00	0.00	0.17	16.53	74.40	0.79	25.82	3094	8303	900	12	0	0	0	0	12309	135.71	15.44	8.11	39.56	29.70	39.21	32.01	1.08	22.35	21.82
7/3/2025 10:48:48 AM	6.30	8.27	1.50	0.63	0.00	0.00	0.00	0.13	16.70	74.48	0.81	25.86	3339	8267	676	19	0	0	0	0	12301	135.86	15.15	9.16	40.20	29.46	39.31	32.13	1.08	22.39	21.85
7/3/2025 10:48:51 AM	6.72	7.91	0.64	1.32	0.00	0.00	0.00	0.13	16.60	74.54	0.83	25.86	3562	7909	290	40	0	0	0	0	11801	135.96	15.30	10.22	40.26	29.78	39.75	32.67	1.08	22.42	21.87
7/3/2025 10:48:53 AM	5.12	8.73	2.52	0.35	0.00	0.00	0.00	0.16	16.72	75.24	0.85	25.75	2714	8729	1132	11	0	0	0	0	12586	137.23	16.31	8.43	40.90	29.34	40.44	31.58	1.08	22.45	21.89
7/3/2025 10:48:56 AM	8.13	8.54	0.86	0.17	0.00	0.00	0.00	0.13	17.71	74.53	0.87	25.71	4307	8541	389	5	0	0	0	0	13243	135.95	13.64	8.65	41.05	31.34	39.46	33.93	1.09	22.51	21.92
7/3/2025 10:48:59 AM	6.18	7.83	0.66	1.60	0.00	0.00	0.00	0.35	16.27	74.86	0.91	25.74	3273	7826	299	48	0	0	0	0	11446	136.54	16.39	8.96	39.71	32.16	41.09	33.52	1.09	22.52	21.98
7/3/2025 10:49:02 AM	7.65	7.26	0.00	1.46	0.00	0.00	0.00	0.00	16.38	74.35	0.95	25.66	4054	7263	0	44	0	0	0	0	11361	135.62	13.74	7.59	36.95	28.41	40.14	32.65	1.09	22.57	21.98
7/3/2025 10:49:05 AM	4.64	8.12	2.84	0.35	0.00	0.00	0.00	0.27	15.94	75.78	0.96	25.62	2457	8120	1276	11	0	0	0	0	11864	138.22	16.59	7.43	38.40	30.08	38.75	31.90	1.09	22.61	22.03
7/3/2025 10:49:07 AM	8.85	8.02	0.50	0.00	0.00	0.00	0.00	0.23	17.36	75.22	0.98	25.56	4688	8015	227	0	0	0	0	0	12930	137.21	12.80	5.86	38.70	32.65	38.11	34.74	1.10	22.65	22.06
7/3/2025 10:49:10 AM	6.28	7.83	2.46	0.00	0.00	0.00	0.00	0.06	16.57	75.41	0.99	25.56	3328	7829	1106	0	0	0	0	0	12263	137.55	15.15	5.80	38.12	28.93	36.77	32.85	1.10	22.69	22.06
7/3/2025 10:49:13 AM	6.03	9.09	2.78	0.00	0.00	0.00	0.00	0.09	17.90	74.99	1.01	25.51	3197	9088	1250	0	0	0	0	0	13535	136.78	16.60	7.33	42.97	30.62	40.83	33.85	1.10	22.72	22.14
7/3/2025 10:49:15 AM	6.15	8.55	1.70	0.29	0.00	0.00	0.00	0.30	16.70	75.71	1.04	25.48	3262	8555	765	9	0	0	0	0	12590	138.09	15.10	8.48	40.42	31.39	39.54	32.42	1.10	22.74	22.05
7/3/2025 10:49:18 AM	3.60	7.97	3.69	0.00	0.00	0.00	0.00	0.61	15.26	74.00	1.05	25.45	1911	7966	1661	0	0	0	0	0	11538	134.99	17.46	6.70	36.97	33.41	37.43	32.88	1.10	22.78	22.14
7/3/2025 10:49:20 AM	7.23	6.78	0.47	1.47	0.00	0.00	0.00	0.24	15.95	74.84	1.07	25.37	3834	6784	210	44	0	0	0	0	10873	136.50	15.10	9.82	36.90	31.55	36.74	34.71	1.10	22.83	22.17
7/3/2025 10:49:23 AM	7.13	6.68	1.53	0.93	0.00	0.00	0.00	0.11	16.27	75.49	1.09	25.36	3779	6685	689	28	0	0	0	0	11181	137.70	15.44	8.42	35.82	30.71	35.85	35.61	1.11	22.88	22.22
7/3/2025 10:49:26 AM	5.22	7.33	1.75	0.79	0.00	0.00	0.00	0.47	15.08	74.87	1.12	25.24	2765	7326	786	24	0	0	0	0	10900	136.56	15.75	7.04	36.02	31.84	37.29	32.29	1.11	22.88	22.21
7/3/2025 10:49:29 AM	5.18	7.57	3.08	0.29	0.00	0.00	0.00	0.31	16.12	76.16	1.14	25.15	2748	7571	1387	9	0	0	0	0	11714	138.91	16.98	6.52	36.75	31.87	37.72	34.56	1.11	22.92	22.21
7/3/2025 10:49:32 AM	6.40	7.11	2.61	0.22	0.00	0.00	0.00	0.24	16.34	75.89	1.16	24.56	3391	7114	1175	7	0	0	0	0	11687	138.43	15.86	7.79	36.10	32.07	35.46	35.81	1.11	22.98	22.29
7/3/2025 10:49:34 AM	5.96	7.03	2.94	0.00	0.00	0.00	0.00	0.15	15.92	75.14	1.17	24.25	3156	7028	1322	0	0	0	0	0	11506	137.07	15.40	8.05	35.73	29.92	33.58	34.12	1.11	22.99	22.34
7/3/2025 10:49:37 AM	5.74	7.36	1.67	0.94	0.00	0.00	0.00	0.29	15.71	75.35	1.19	24.23	3042	7363	753	28	0	0	0	0	11186	137.44	15.90	8.33	37.17	30.89	37.59	33.09	1.12	23.04	22.38
7/3/2025 10:49:40 AM	6.41	6.67	0.90	0.96	0.00	0.00	0.00	0.27	14.93	76.08	1.21	24.23	3397	6668	404	29	0	0	0	0	10498	138.77	14.09	8.16	34.69	29.66	34.80	31.90	1.12	23.05	22.37
7/3/2025 10:49:43 AM	6.49	5.63	0.38	2.89	0.00	0.00	0.00	0.11	15.40	74.78	1.22	24.31	3441	5626	173	87	0	0	0	0	9327	136.40	17.79	8.42	34.39	30.20	38.57	36.15	1.12	23.10	22.42
7/3/2025 10:49:45 AM	6.34	5.62	2.22	2.37	0.00	0.00	0.00	0.06	16.55	74.08	1.24	24.42	3359	5615	999	71	0	0	0	0	10044	135.12	19.96	9.18	35.03	32.50	37.85	40.67	1.12	23.13	22.43
7/3/2025 10:49:48 AM	8.09	4.92	0.00	3.71	0.00	0.00	0.00	0.00	16.71	74.08	1.25	24.55	4288	4915	0	111	0	0	0	0	9314	135.12	18.93	9.96	34.85	31.94	39.85	42.79	1.12	23.16	22.43
7/3/2025 10:49:51 AM	7.03	6.33	1.70	2.40	0.00	0.00	0.00	0.07	17.46	74.54	1.27	24.67	3724	6329	767	72	0	0	0	0	10892	135.97	19.80	9.58	37.75	33.59	40.38	41.19	1.12	23.18	22.48
7/3/2025 10:49:54 AM	6.86	6.51	2.14	1.70	0.00	0.00	0.00	0.02	17.22	73.86	1.29	24.62	3638	6512	963	51	0	0	0	0	11164	134.72	18.63	8.68	36.99	32.10	38.85	39.46	1.13	23.22	22.53
7/3/2025 10:49:57 AM	7.72	5.73	0.51	2.86	0.00	0.00	0.00	0.00	16.82	74.04	1.30	24.40	4091	5729	229	86	0	0	0	0	10134	135.05	18.34	9.41	36.18	31.53	39.38	40.13	1.13	23.24	22.51
7/3/2025 10:49:59 AM	6.84	5.31	1.22	3.21	0.00	0.00	0.00	0.00	16.59	73.41	1.32	24.22	3626	5308	551	96	0	0	0	0	9581	133.91	20.03	11.09	35.89	31.71	38.50	41.39	1.13	23.28	22.58
7/3/2025 10:50:02 AM	7.04	5.85	2.81	2.14	0.00	0.00	0.00	0.00	17.84	75.34	1.34	24.07	3732	5853	1264	64	0	0	0	0	10914	137.43	20.82	9.59	36.69	33.94	38.73	44.41	1.13	23.29	22.56
7/3/2025 10:50:05 AM	6.75	4.92	2.37	2.65	0.00	0.00	0.00	0.13	16.69	73.89	1.37	24.07	3577	4921	1066	79	0	0	0	0	9644	134.78	21.01	8.86	33.54	34.85	37.22	43.96	1.13	23.34	22.61
7/3/2025 10:50:08 AM	7.24	5.11	1.20	3.47	0.00	0.00	0.00	0.02	17.03	73.41	1.41	24.12	3839	5113	539	104	0	0	0	0	9596	133.90	21.07	9.97	35.49	33.74	39.86	43.33	1.14	23.34	22.62
7/3/2025 10:50:10 AM	6.77	5.34	2.00	2.53	0.00	0.00	0.00	0.11	16.64	75.06	1.44	23.90	3590	5335	901	76	0	0	0	0	9903	136.91	20.08	9.56	34.69	33.78	37.44	42.09	1.14	23.38	22.69
7/3/2025 10:50:13 AM	8.45	5.04	0.71	3.05	0.00	0.00	0.00	0.11	17.25	74.69	1.46	23.75	4478	5039	319	92	0	0	0	0	9928	136.23	19.54	10.13	35.12	35.56	38.21	44.36	1.14	23.40	22.70
7/3/2025 10:50:15 AM	7.01	4.29	0.96	3.59	0.00	0.00	0.00	0.32	15.84	75.05	1.53	23.54	3716	4289	430	108	0	0	0	0	8543	136.89	20.90	8.87	32.25	36.43	37.66	43.96	1.15	23.43	22.70
7/3/2025 10:50:18 AM	6.93	4.45	1.62	3.33	0.00	0.00	0.00	0.14	16.33	74.46	1.55	22.96	3673	4451	730	100	0	0	0	0	8954	135.81	21.12	10.50	33.31	34.87	36.79	44.13	1.15	23.47	22.75
7/3/2025 10:50:21 AM	6.08	4.64	1.75	3.56	0.00	0.00	0.00	0.22	16.04	74.37	1.57	22.81	3225	4643	789	107	0	0	0	0	8763	135.65	21.93	10.81	33.96	35.01	37.84	43.36	1.15	23.48	22.69
7/3/2025 10:50:24 AM	6.69	5.02	1.62	3.14	0.00	0.00	0.00	0.16	16.47	75.12	1.62	22.56	3544	5020	728	94	0	0	0	0	9386	137.01	20.92	9.68	34.42	34.56	38.36	42.88	1.16	23.51	22.80
7/3/2025 10:50:27 AM	6.90	4.58	0.92	3.28	0.00	0.00	0.00	0.24	15.68	75.02	1.65	22.02	3660	4575	414	98	0	0	0	0	8747	136.85	19.82	9.47	32.73	34.42	36.86	41.79	1.16	23.53	22.85
7/3/2025 10:50:29 AM	6.34	3.57	1.31	2.43	0.00	0.00	0.00	0.40	13.65	75.00	1.71	21.75	3359	3570	591	73	0	0	0	0	7593	136.80	17.50	7.39	26.97	33.34	30.61	39.06	1.17	23.54	22.87
7/3/2025 10:50:32 AM	7.36	3.66	0.37	3.04	0.00	0.00	0.00	0.29	14.42	74.72	1.76	21.67	3899	3656	167	91	0	0	0	0	7813	136.29	17.64	8.69	28.84	33.53	32.58	40.29	1.17	23.55	22.90
7/3/2025 10:50:35 AM	5.89	3.67	2.41	2.09	0.00	0.00	0.00	0.40	14.06	74.55	1.79	21.72	3123	3667	1085	63	0	0	0	0	7939	135.98	18.61	8.31	27.54	34.26	29.89	40.71	1.18	23.58	22.87
7/3/2025 10:50:37 AM	6.15	3.90	2.07	2.21	0.00	0.00	0.00	0.43	14.33	74.52	1.82	21.55	3260	3903	931	66	0	0	0	0	8161	135.92	18.68	7.31	28.14	34.90	31.71	40.92	1.18	23.58	22.85
7/3/2025 10:50:40 AM	7.02	3.73	1.67	3.60	0.00	0.00	0.00	0.34	16.02	75.13	1.83	21.63	3722	3726	752	108	0	0	0	0	8308	137.03	22.07	9.75	31.28	38.10	35.99	46.91	1.18	23.60	22.91
7/3/2025 10:50:43 AM	7.99	3.94	1.84	4.63	0.00	0.00	0.00	0.22	18.40	74.29	1.85	19.40	4234	3937	828	139	0	0	0	0	9139	135.51	25.91	11.27	35.28	41.77	41.39	53.90	1.18	23.63	22.98
7/3/2025 10:50:45 AM	6.67	3.23	2.43	5.53	0.00	0.00	0.00	0.16	17.86	73.58	1.88	19.51	3537	3232	1093	166	0	0	0	0	8027	134.22	28.48	11.84	34.14	40.88	41.85	54.74	1.18	23.66	23.01
7/3/2025 10:50:48 AM	8.85	3.55	1.33	6.50	0.00	0.00	0.00	0.00	20.23	73.68	1.89	19.74	4689	3550	597	195	0	0	0	0	9031	134.39	29.98	13.85	38.56	43.46	46.65	60.46	1.19	23.63	22.98
7/3/2025 10:50:51 AM	9.67	3.17	0.26	8.10	0.00	0.00	0.00	0.00	21.19	73.04	1.92	19.60	5127	3166	117	243	0	0	0	0	8652	133.22	32.33	15.78	40.87	45.42	50.51	65.55	1.19	23.67	23.01
7/3/2025 10:50:54 AM	8.72	4.03	2.07	8.88	0.00	0.00	0.00	0.00	23.69	72.64	1.93	19.30	4620	4026	931	266	0	0	0	0	9844	132.51	38.64	16.32	46.17	50.03	58.15	73.07	1.19	23.68	23.04
7/3/2025 10:50:56 AM	9.64	3.53	0.93	13.19	0.00	0.00	0.00	0.00	27.29	71.78	1.94	19.48	5109	3531	419	396	0	0	0	0	9455	130.92	48.89	23.14	54.67	59.13	70.78	88.24	1.19	23.69	23.07
7/3/2025 10:50:59 AM	10.54	3.50	0.99	17.09	0.00	0.00	0.00	0.00	32.12	71.52	1.97	19.64	5584	3502	445	513	0	0	0	0	10044	130.46	60.45	27.69	64.75	68.23	85.97	108.30	1.19	23.70	23.06
7/3/2025 10:51:02 AM	12.22	7.89	3.88	30.86	0.00	0.00	0.00	0.00	54.85	68.41	1.99	19.78	6475	7888	1744	926	0	0	0	0	17034	124.78	109.48	51.66	118.64	109.53	153.87	184.47	1.20	23.69	23.15
7/3/2025 10:51:05 AM	11.61	7.51	4.55	39.37	0.00	0.00	0.00	0.00	63.04	67.41	2.02	19.77	6152	7512	2045	1181	0	0	0	0	16890	122.96	134.66	62.79	137.73	126.89	183.60	220.08	1.20	23.70	23.15
7/3/2025 10:51:08 AM	12.42	9.04	5.47	43.01	0.00	0.00	0.00	0.00	69.94	66.73	2.04	19.74	6581	9042	2463	1290	0	0	0	0	19376	121.73	148.17	68.99	153.90	138.17	203.45	242.99	1.20	23.71	23.15
7/3/2025 10:51:10 AM	13.64	9.29	4.52	47.54	0.00	0.00	0.00	0.00	74.99	66.77	2.06	19.54	7227	9292	2036	1426	0	0	0	0	19981	121.79	159.95	76.58	166.19	148.72	219.85	261.55	1.20	23.70	23.14
7/3/2025 10:51:13 AM	13.06	9.66	5.52	49.69	0.00	0.00	0.00	0.00	77.93	66.36	2.06	19.48	6923	9664	2482	1491	0	0	0	0	20560	121.04	168.16	77.70	172.52	153.85	230.64	273.07	1.20	23.71	23.19
7/3/2025 10:51:16 AM	14.15	15.59	9.48	56.66	0.00	0.00	0.00	0.00	95.88	65.00	2.08	19.65	7499	15588	4267	1700	0	0	0	0	29054	118.57	200.34	97.25	217.58	182.84	277.85	324.67	1.20	23.74	23.17
7/3/2025 10:51:19 AM	12.57	22.24	16.85	93.76	0.00	0.00	0.00	0.00	145.41	61.24	2.10	19.56	6661	22238	7580	2813	0	0	0	0	39291	111.71	325.95	152.33	335.72	278.52	441.05	503.84	1.21	23.74	23.20
7/3/2025 10:51:22 AM	14.42	24.74	18.70	98.32	0.00	0.00	0.00	0.00	156.18	60.58	2.11	18.98	7643	24735	8416	2950	0	0	0	0	43744	110.50	345.73	162.93	359.52	299.49	468.21	536.46	1.21	23.71	23.27
7/3/2025 10:51:24 AM	13.39	18.64	15.13	94.79	0.00	0.00	0.00	0.00	141.95	61.72	2.13	18.26	7095	18640	6811	2844	0	0	0	0	35389	112.58	323.92	149.12	323.03	277.89	432.63	501.17	1.21	23.72	23.17
7/3/2025 10:51:27 AM	13.99	20.82	16.20	91.76	0.00	0.00	0.00	0.00	142.76	62.76	2.15	18.10	7412	20818	7289	2753	0	0	0	0	38273	114.48	318.90	149.04	326.23	276.14	429.37	496.50	1.21	23.73	23.27
7/3/2025 10:51:30 AM	14.93	15.86	11.14	90.74	0.00	0.00	0.00	0.00	132.68	62.93	2.18	17.59	7915	15861	5013	2722	0	0	0	0	31512	114.79	302.93	138.78	300.11	261.37	407.00	472.61	1.21	23.70	23.28
7/3/2025 10:51:32 AM	14.46	15.27	12.06	65.52	0.00	0.00	0.00	0.00	107.31	64.06	2.19	18.43	7666	15271	5427	1966	0	0	0	0	30329	116.86	231.08	106.79	239.62	206.59	313.25	373.35	1.21	23.72	23.28
7/3/2025 10:51:35 AM	13.78	15.14	12.51	59.34	0.00	0.00	0.00	0.00	100.77	64.54	2.20	18.10	7301	15141	5629	1780	0	0	0	0	29851	117.74	213.90	98.67	224.24	193.32	290.31	347.40	1.22	23.72	23.28
7/3/2025 10:51:38 AM	14.46	11.67	9.16	52.48	0.00	0.00	0.00	0.00	87.77	65.37	2.22	17.73	7663	11667	4124	1574	0	0	0	0	25028	119.24	185.66	83.66	191.39	171.42	252.45	305.84	1.22	23.71	23.33
7/3/2025 10:51:40 AM	14.36	12.89	10.87	50.39	0.00	0.00	0.00	0.00	88.52	65.49	2.24	17.51	7613	12894	4892	1512	0	0	0	0	26912	119.47	183.82	82.93	192.89	170.95	250.27	304.97	1.22	23.70	23.32
7/3/2025 10:51:44 AM	16.00	12.85	8.82	52.58	0.00	0.00	0.00	0.00	90.26	65.41	2.27	17.59	8482	12846	3970	1578	0	0	0	0	26875	119.31	186.44	86.46	197.86	174.02	256.66	311.28	1.22	23.68	23.35
7/3/2025 10:51:46 AM	16.25	12.21	8.91	46.34	0.00	0.00	0.00	0.00	83.71	65.26	2.28	17.39	8612	12210	4011	1390	0	0	0	0	26223	119.05	168.50	77.11	180.69	161.41	232.59	286.61	1.22	23.68	23.35
7/3/2025 10:51:49 AM	18.15	10.69	6.35	42.86	0.00	0.00	0.00	0.00	78.05	65.83	2.30	17.47	9620	10695	2856	1286	0	0	0	0	24457	120.09	153.49	70.39	165.48	152.87	214.17	266.64	1.22	23.69	23.38
7/3/2025 10:51:52 AM	18.02	12.32	8.36	44.43	0.00	0.00	0.00	0.00	83.14	65.29	2.32	17.57	9551	12325	3762	1333	0	0	0	0	26971	119.10	163.04	76.08	177.77	161.31	226.21	281.79	1.23	23.65	23.38
7/3/2025 10:51:54 AM	16.91	11.54	7.62	41.57	0.00	0.00	0.00	0.00	77.65	65.52	2.33	17.62	8964	11544	3429	1247	0	0	0	0	25184	119.52	152.33	69.84	165.84	150.76	212.48	262.89	1.23	23.65	23.36
7/3/2025 10:51:57 AM	18.75	10.43	5.93	39.25	0.00	0.00	0.00	0.00	74.36	65.58	2.34	17.91	9938	10427	2669	1178	0	0	0	0	24211	119.62	142.49	65.26	155.91	145.84	200.36	251.89	1.23	23.63	23.44
7/3/2025 10:52:00 AM	16.32	10.57	8.61	34.07	0.00	0.00	0.00	0.00	69.57	65.31	2.37	17.95	8649	10573	3875	1022	0	0	0	0	24119	119.14	132.43	58.82	144.16	137.25	183.01	232.65	1.23	23.62	23.38
7/3/2025 10:52:03 AM	17.86	9.35	6.79	25.67	0.00	0.00	0.00	0.00	59.68	65.66	2.40	17.70	9468	9351	3057	770	0	0	0	0	22647	119.78	104.63	47.55	119.42	118.99	147.32	194.94	1.23	23.60	23.44
7/3/2025 10:52:05 AM	17.79	8.95	6.74	20.86	0.00	0.00	0.00	0.00	54.33	65.06	2.42	17.31	9428	8949	3032	626	0	0	0	0	22035	118.68	90.39	40.88	106.39	108.29	128.43	174.69	1.24	23.59	23.41
7/3/2025 10:52:08 AM	19.31	7.21	4.98	16.48	0.00	0.00	0.00	0.00	47.98	64.66	2.45	17.34	10234	7209	2242	494	0	0	0	0	20179	117.95	74.19	33.04	88.65	98.86	106.52	152.92	1.24	23.61	23.51
7/3/2025 10:52:11 AM	20.28	7.72	4.78	13.41	0.00	0.00	0.00	0.00	46.20	64.71	2.50	17.45	10750	7718	2153	402	0	0	0	0	21023	118.05	65.76	29.30	83.89	94.27	97.72	143.20	1.24	23.55	23.44
7/3/2025 10:52:14 AM	20.68	7.22	4.52	13.15	0.00	0.00	0.00	0.00	45.58	64.57	2.52	17.59	10963	7223	2033	395	0	0	0	0	20613	117.79	64.43	28.23	81.37	93.94	95.39	142.03	1.25	23.54	23.44
7/3/2025 10:52:16 AM	20.01	7.02	4.88	13.03	0.00	0.00	0.00	0.00	44.94	64.40	2.56	17.32	10603	7024	2196	391	0	0	0	0	20215	117.47	64.50	27.46	79.83	93.31	94.40	140.36	1.25	23.53	23.49
7/3/2025 10:52:19 AM	21.18	6.71	4.28	14.52	0.00	0.00	0.00	0.00	46.69	64.71	2.59	17.39	11224	6710	1928	435	0	0	0	0	20297	118.03	68.08	29.07	82.44	98.12	99.12	147.33	1.25	23.54	23.49
7/3/2025 10:52:22 AM	23.37	6.70	5.15	6.55	0.00	0.00	0.00	0.28	41.76	63.86	2.62	17.56	12386	6697	2315	197	0	0	0	0	21594	116.48	49.26	19.15	65.79	94.20	73.09	126.27	1.26	23.53	23.49
7/3/2025 10:52:25 AM	23.80	6.52	4.41	6.20	0.00	0.00	0.00	0.30	40.93	63.31	2.66	17.72	12615	6521	1984	186	0	0	0	0	21306	115.48	46.74	19.08	64.27	92.72	70.44	123.52	1.26	23.50	23.51
7/3/2025 10:52:28 AM	23.10	6.51	4.96	6.18	0.00	0.00	0.00	0.40	40.75	63.34	2.69	17.62	12241	6513	2230	185	0	0	0	0	21171	115.54	47.72	18.85	64.06	93.75	70.59	124.02	1.26	23.48	23.46
7/3/2025 10:52:30 AM	23.69	6.78	5.35	4.97	0.00	0.00	0.00	0.45	40.79	63.41	2.73	16.91	12558	6781	2408	149	0	0	0	0	21896	115.67	45.57	18.00	63.26	94.05	67.78	123.31	1.27	23.47	23.49
7/3/2025 10:52:33 AM	22.64	6.38	5.10	2.40	0.00	0.00	0.00	0.77	36.51	63.14	2.73	15.97	11999	6379	2293	72	0	0	0	0	20743	115.17	37.30	13.60	54.73	88.72	56.53	111.09	1.27	23.44	23.52
7/3/2025 10:52:36 AM	23.82	6.84	4.93	6.23	0.00	0.00	0.00	0.45	41.83	62.93	2.78	15.81	12626	6843	2218	187	0	0	0	0	21875	114.79	48.49	20.17	66.30	96.52	71.95	126.94	1.27	23.42	23.52
7/3/2025 10:52:39 AM	23.88	6.39	4.62	4.95	0.00	0.00	0.00	0.52	39.84	63.30	2.80	15.92	12654	6390	2077	149	0	0	0	0	21270	115.46	43.93	17.54	61.32	93.25	65.86	121.30	1.27	23.38	23.52
7/3/2025 10:52:41 AM	22.68	6.36	5.12	4.09	0.00	0.00	0.00	0.69	38.25	63.70	2.82	15.87	12018	6362	2304	123	0	0	0	0	20807	116.20	42.19	15.72	58.53	91.83	62.69	117.21	1.28	23.38	23.54
7/3/2025 10:52:44 AM	23.40	5.94	4.43	4.22	0.00	0.00	0.00	0.66	37.99	63.65	2.85	15.40	12402	5937	1994	127	0	0	0	0	20460	116.10	41.14	15.58	57.29	91.42	61.55	117.04	1.28	23.34	23.52
7/3/2025 10:52:46 AM	23.15	5.93	4.72	2.93	0.00	0.00	0.00	0.85	36.72	63.68	2.88	15.18	12267	5930	2122	88	0	0	0	0	20407	116.16	38.18	14.18	54.51	90.96	56.92	113.70	1.28	23.32	23.48
7/3/2025 10:52:49 AM	22.47	6.03	4.81	2.18	0.00	0.00	0.00	0.98	35.49	63.77	2.91	15.29	11911	6034	2163	65	0	0	0	0	20173	116.32	36.15	13.09	52.69	89.71	54.26	109.94	1.29	23.33	23.54
7/3/2025 10:52:52 AM	22.13	6.28	4.80	1.53	0.00	0.00	0.00	1.08	34.74	63.98	2.93	15.39	11729	6280	2159	46	0	0	0	0	20215	116.70	34.40	12.61	51.93	88.88	52.38	107.05	1.29	23.27	23.52
7/3/2025 10:52:55 AM	22.34	5.63	4.19	1.90	0.00	0.00	0.00	1.05	34.06	64.12	2.96	14.89	11839	5629	1886	57	0	0	0	0	19411	116.96	33.78	12.23	49.92	87.70	51.20	106.29	1.29	23.26	23.56
7/3/2025 10:52:57 AM	22.36	5.99	4.67	1.90	0.00	0.00	0.00	1.07	34.92	63.85	3.01	14.68	11852	5992	2100	57	0	0	0	0	20001	116.47	35.08	13.10	51.86	89.62	52.66	108.54	1.30	23.23	23.56
7/3/2025 10:53:00 AM	22.28	5.87	4.83	1.83	0.00	0.00	0.00	1.04	34.82	64.03	3.03	14.77	11809	5872	2175	55	0	0	0	0	19910	116.80	35.08	12.71	51.27	89.13	52.26	108.44	1.30	23.21	23.52
7/3/2025 10:53:03 AM	22.01	6.05	4.52	1.64	0.00	0.00	0.00	1.06	34.23	64.24	3.05	15.08	11668	6050	2036	49	0	0	0	0	19803	117.18	33.84	12.63	51.03	87.66	51.53	105.75	1.30	23.19	23.54
7/3/2025 10:53:06 AM	22.67	5.90	4.53	1.73	0.00	0.00	0.00	1.08	34.83	64.30	3.09	14.72	12015	5895	2040	52	0	0	0	0	20002	117.29	34.44	12.43	51.13	89.57	52.06	108.38	1.30	23.14	23.54
7/3/2025 10:53:08 AM	22.35	5.70	4.45	1.29	0.00	0.00	0.00	1.15	33.79	64.30	3.13	14.21	11846	5699	2002	39	0	0	0	0	19585	117.30	32.82	11.66	49.11	88.42	49.52	105.79	1.31	23.13	23.56
7/3/2025 10:53:11 AM	21.10	5.52	4.26	0.51	0.00	0.00	0.00	1.36	31.38	64.47	3.18	14.38	11181	5516	1917	15	0	0	0	0	18629	117.60	29.75	10.12	45.44	85.83	45.13	99.33	1.31	23.08	23.52
7/3/2025 10:53:14 AM	21.01	5.31	3.72	0.59	0.00	0.00	0.00	1.42	30.64	64.64	3.22	14.66	11137	5309	1673	18	0	0	0	0	18137	117.90	28.75	9.96	44.35	85.07	44.13	97.53	1.32	23.05	23.54
7/3/2025 10:53:17 AM	20.23	5.11	3.74	0.50	0.00	0.00	0.00	1.45	29.57	65.11	3.26	14.83	10720	5111	1681	15	0	0	0	0	17527	118.76	28.02	9.51	42.75	83.30	42.59	94.83	1.32	23.04	23.54
7/3/2025 10:53:19 AM	19.61	4.89	3.56	0.34	0.00	0.00	0.00	1.48	28.40	65.45	3.32	15.08	10392	4893	1604	10	0	0	0	0	16899	119.39	26.74	9.00	40.92	81.28	40.62	91.64	1.33	23.00	23.52
7/3/2025 10:53:22 AM	19.29	5.01	3.77	0.20	0.00	0.00	0.00	1.44	28.26	65.43	3.36	15.13	10223	5010	1694	6	0	0	0	0	16934	119.36	26.58	8.91	40.93	80.24	40.45	90.62	1.33	22.97	23.54
7/3/2025 10:53:25 AM	19.10	5.00	3.69	0.29	0.00	0.00	0.00	1.49	28.08	65.59	3.39	15.00	10121	5000	1661	9	0	0	0	0	16791	119.64	26.66	9.20	40.96	80.45	40.42	90.36	1.33	22.94	23.51
7/3/2025 10:53:28 AM	19.30	5.11	3.73	0.42	0.00	0.00	0.00	1.45	28.56	65.41	3.42	14.72	10231	5110	1677	13	0	0	0	0	17030	119.31	27.23	9.50	41.85	80.96	41.43	91.47	1.34	22.93	23.51
7/3/2025 10:53:30 AM	19.90	5.08	3.60	0.30	0.00	0.00	0.00	1.45	28.88	65.57	3.48	14.20	10550	5077	1621	9	0	0	0	0	17256	119.61	26.91	9.35	41.85	81.69	41.23	92.45	1.34	22.91	23.54
7/3/2025 10:53:33 AM	19.00	4.97	3.66	0.00	0.00	0.00	0.00	1.41	27.62	65.74	3.53	13.81	10069	4972	1645	0	0	0	0	0	16686	119.92	25.47	8.79	40.06	78.26	39.08	88.20	1.35	22.85	23.51
7/3/2025 10:53:36 AM	17.75	4.62	3.33	0.20	0.00	0.00	0.00	1.36	25.90	66.51	3.56	13.49	9410	4618	1499	6	0	0	0	0	15533	121.32	24.34	8.24	37.76	74.03	37.42	83.13	1.35	22.82	23.51
7/3/2025 10:53:39 AM	13.71	3.71	2.97	0.60	0.00	0.00	0.00	0.64	20.98	66.41	3.61	13.63	7265	3711	1335	18	0	0	0	0	12329	121.14	20.34	6.92	31.23	53.80	31.99	64.64	1.35	22.81	23.54
7/3/2025 10:53:41 AM	13.16	4.01	3.49	0.17	0.00	0.00	0.00	0.19	20.83	66.58	3.66	14.00	6975	4006	1571	5	0	0	0	0	12558	121.44	19.14	6.86	31.27	46.87	31.07	60.29	1.36	22.77	23.51
7/3/2025 10:53:44 AM	12.09	3.83	3.78	0.00	0.00	0.00	0.00	0.00	19.70	64.30	3.71	13.62	6406	3831	1702	0	0	0	0	0	11940	117.29	18.07	6.39	29.63	41.57	29.14	56.05	1.36	22.75	23.54
7/3/2025 10:53:47 AM	12.60	4.14	3.85	0.00	0.00	0.00	0.00	0.00	20.60	63.63	3.74	13.35	6681	4141	1735	0	0	0	0	0	12556	116.07	18.78	6.86	31.42	43.47	30.38	57.95	1.37	22.74	23.51
7/3/2025 10:53:50 AM	12.02	4.37	4.16	0.07	0.00	0.00	0.00	0.00	20.62	61.35	3.75	13.80	6372	4372	1872	2	0	0	0	0	12618	111.91	19.42	6.58	31.88	42.90	31.78	57.81	1.37	22.68	23.46
7/3/2025 10:53:53 AM	12.35	5.05	4.30	0.00	0.00	0.00	0.00	0.00	21.71	60.19	3.79	14.34	6548	5053	1936	0	0	0	0	0	13537	109.80	19.97	7.04	35.06	43.48	33.96	60.04	1.37	22.63	23.49
