Date/Time	Green Algae	Bluegreen	Diatoms	Cryptophyta	#5	#6	#7	Yellow substances	Total conc.	Transmission	Depth	Temp. Sample	Green Algae	Bluegreen	Diatoms	Cryptophyta	#5	#6	#7	Yellow substances	Total cell count	Trans. 700 nm	LED 3 [525 nm]	LED 4 [570 nm]	LED 5 [610 nm]	LED 6 [370 nm]	LED 7 [590 nm]	LED 8 [470 nm]	Pressure	Temp. LEDs	Temp. Sensor
date	µg/l	µg/l	µg/l	µg/l	µg/l	µg/l	µg/l	r.u.	µg/l	%	m	°C	cells/ml	cells/ml	cells/ml	cells/ml	cells/ml	cells/ml	cells/ml	r.u.	cells/ml	digits	digits	digits	digits	digits	digits	digits	bar	°C	°C
8/25/2025 1:30:33 PM	7.83	7.61	1.19	0.00	0.00	0.00	0.00	0.00	16.64	71.42	0.04	25.05	4152	7614	537	0	0	0	0	0	12303	130.27	12.43	4.69	37.48	25.93	36.70	34.22	1.00	22.28	24.47
8/25/2025 1:30:35 PM	8.39	7.07	1.28	0.00	0.00	0.00	0.00	0.00	16.74	71.14	0.09	25.08	4449	7069	576	0	0	0	0	0	12093	129.77	12.00	6.28	37.77	25.00	33.72	37.68	1.01	22.33	24.46
8/25/2025 1:30:38 PM	7.99	5.81	1.78	0.00	0.00	0.00	0.00	0.00	15.58	69.92	0.14	25.06	4236	5811	799	0	0	0	0	0	10847	127.53	12.98	4.49	32.34	28.01	30.04	35.38	1.01	22.35	24.44
8/25/2025 1:30:41 PM	6.28	7.05	2.64	0.00	0.00	0.00	0.00	0.00	15.98	70.94	0.19	24.97	3330	7053	1190	0	0	0	0	0	11572	129.39	14.90	4.25	37.11	26.92	32.97	33.69	1.02	22.42	24.46
8/25/2025 1:30:44 PM	8.54	5.97	0.36	0.52	0.00	0.00	0.00	0.00	15.39	71.25	0.22	24.83	4528	5974	160	16	0	0	0	0	10678	129.97	11.41	6.92	32.68	26.41	31.95	34.12	1.02	22.42	24.52
8/25/2025 1:30:47 PM	9.18	7.28	0.67	0.00	0.00	0.00	0.00	0.00	17.13	70.62	0.26	24.66	4867	7279	303	0	0	0	0	0	12448	128.81	12.10	10.70	41.47	29.37	29.67	35.20	1.03	22.47	24.47
8/25/2025 1:30:49 PM	8.54	7.13	0.24	0.57	0.00	0.00	0.00	0.02	16.48	70.74	0.29	24.66	4529	7127	108	17	0	0	0	0	11780	129.04	12.35	9.94	37.23	29.04	34.71	33.18	1.03	22.49	24.55
8/25/2025 1:30:52 PM	5.64	7.63	2.59	0.00	0.00	0.00	0.00	0.26	15.87	70.71	0.31	24.89	2992	7634	1166	0	0	0	0	0	11791	128.98	15.36	6.80	37.91	30.42	34.79	32.64	1.03	22.56	24.55
8/25/2025 1:30:55 PM	8.65	5.52	1.71	0.00	0.00	0.00	0.00	0.00	15.88	70.42	0.34	25.04	4584	5524	769	0	0	0	0	0	10877	128.46	13.10	5.55	33.82	29.25	27.10	37.12	1.03	22.59	24.59
8/25/2025 1:30:58 PM	9.49	7.23	0.00	0.00	0.00	0.00	0.00	0.09	16.72	70.22	0.38	24.94	5030	7232	0	0	0	0	0	0	12261	128.08	10.94	4.08	37.53	30.43	33.90	33.62	1.04	22.62	24.54
8/25/2025 1:31:00 PM	9.04	5.89	0.00	0.91	0.00	0.00	0.00	0.00	15.85	71.64	0.41	24.91	4791	5893	0	27	0	0	0	0	10712	130.67	11.74	4.76	31.77	27.92	35.35	35.63	1.04	22.63	24.57
8/25/2025 1:31:03 PM	6.82	6.39	1.60	0.75	0.00	0.00	0.00	0.00	15.55	72.50	0.45	24.94	3615	6387	718	22	0	0	0	0	10742	132.24	14.10	4.79	33.56	25.61	35.61	34.87	1.04	22.68	24.59
8/25/2025 1:31:05 PM	10.53	6.34	0.00	0.14	0.00	0.00	0.00	0.09	17.01	72.33	0.46	24.89	5582	6343	0	4	0	0	0	0	11929	131.94	10.27	5.13	31.99	32.53	35.96	37.51	1.05	22.73	24.55
8/25/2025 1:31:08 PM	6.68	7.05	2.89	0.00	0.00	0.00	0.00	0.00	16.62	73.76	0.50	24.79	3542	7054	1299	0	0	0	0	0	11895	134.53	15.50	3.55	34.90	28.63	36.66	35.91	1.05	22.78	24.62
8/25/2025 1:31:11 PM	8.76	6.89	0.00	0.88	0.00	0.00	0.00	0.00	16.53	71.32	0.53	24.69	4642	6894	0	26	0	0	0	0	11563	130.09	11.42	6.38	35.69	26.01	38.02	36.24	1.05	22.79	24.60
8/25/2025 1:31:14 PM	6.90	7.14	2.87	0.00	0.00	0.00	0.00	0.00	16.90	69.63	0.55	24.77	3656	7140	1290	0	0	0	0	0	12085	127.01	15.71	6.22	37.84	29.57	33.87	36.26	1.05	22.82	24.62
8/25/2025 1:31:16 PM	10.11	7.02	0.23	0.00	0.00	0.00	0.00	0.00	17.36	70.16	0.56	24.79	5357	7024	103	0	0	0	0	0	12485	127.98	11.60	3.84	36.56	29.64	35.12	36.82	1.06	22.87	24.63
8/25/2025 1:31:19 PM	9.50	6.71	0.07	0.59	0.00	0.00	0.00	0.08	16.87	71.78	0.57	24.78	5034	6713	30	18	0	0	0	0	11795	130.93	12.44	9.48	36.35	31.39	34.20	36.02	1.06	22.91	24.62
8/25/2025 1:31:22 PM	9.49	7.59	0.53	0.00	0.00	0.00	0.00	0.00	17.61	72.33	0.58	24.79	5030	7585	241	0	0	0	0	0	12856	131.94	10.88	7.96	40.25	24.76	35.27	39.43	1.06	22.95	24.67
8/25/2025 1:31:25 PM	11.94	6.57	0.00	0.00	0.00	0.00	0.00	0.00	18.51	72.54	0.61	24.72	6329	6571	0	0	0	0	0	0	12899	132.32	10.21	6.11	36.88	32.55	34.11	42.32	1.06	22.97	24.60
8/25/2025 1:31:28 PM	9.91	6.71	0.00	0.87	0.00	0.00	0.00	0.02	17.50	69.17	0.63	24.57	5252	6715	0	26	0	0	0	0	11993	126.16	13.45	6.31	35.98	32.07	37.45	37.79	1.06	23.00	24.65
8/25/2025 1:31:30 PM	10.20	7.00	0.00	0.33	0.00	0.00	0.00	0.00	17.52	70.63	0.65	24.52	5404	6996	0	10	0	0	0	0	12410	128.83	11.09	7.76	37.00	28.73	35.92	38.45	1.06	23.05	24.62
8/25/2025 1:31:33 PM	9.52	7.50	0.79	0.00	0.00	0.00	0.00	0.00	17.81	71.30	0.66	24.57	5047	7496	357	0	0	0	0	0	12899	130.05	12.28	5.45	39.57	28.03	35.72	38.68	1.06	23.09	24.68
8/25/2025 1:31:36 PM	6.34	7.43	2.81	0.00	0.00	0.00	0.00	0.00	16.58	70.55	0.66	24.55	3360	7433	1265	0	0	0	0	0	12058	128.68	15.06	7.83	37.61	27.62	35.11	34.82	1.06	23.12	24.68
8/25/2025 1:31:39 PM	10.33	6.78	0.25	0.00	0.00	0.00	0.00	0.00	17.36	71.39	0.68	24.66	5475	6784	112	0	0	0	0	0	12370	130.23	11.14	6.05	36.50	28.96	33.71	38.32	1.07	23.15	24.70
8/25/2025 1:31:41 PM	10.01	6.77	0.00	0.00	0.00	0.00	0.00	0.00	16.79	69.10	0.70	24.68	5308	6773	0	0	0	0	0	0	12081	126.04	9.90	6.93	35.37	28.12	33.62	35.99	1.07	23.18	24.75
8/25/2025 1:31:44 PM	7.04	7.44	2.73	0.00	0.00	0.00	0.00	0.00	17.21	70.95	0.73	24.66	3729	7440	1229	0	0	0	0	0	12398	129.42	14.87	5.96	38.40	26.65	36.27	38.47	1.07	23.23	24.73
8/25/2025 1:31:47 PM	9.10	7.04	1.32	0.00	0.00	0.00	0.00	0.00	17.46	71.69	0.75	24.70	4822	7043	595	0	0	0	0	0	12459	130.76	13.28	5.32	36.13	30.23	35.93	37.73	1.07	23.26	24.78
8/25/2025 1:31:50 PM	8.39	6.45	0.00	1.26	0.00	0.00	0.00	0.26	16.10	70.06	0.77	24.71	4448	6446	0	38	0	0	0	0	10932	127.80	13.59	8.64	35.04	32.59	36.28	35.92	1.08	23.29	24.79
8/25/2025 1:31:52 PM	9.29	7.08	0.00	0.76	0.00	0.00	0.00	0.00	17.13	72.09	0.78	24.78	4924	7080	0	23	0	0	0	0	12026	131.50	11.90	9.70	38.21	27.55	36.04	37.24	1.08	23.32	24.76
8/25/2025 1:31:55 PM	9.52	6.62	0.43	0.71	0.00	0.00	0.00	0.00	17.28	72.51	0.79	24.75	5047	6623	192	21	0	0	0	0	11883	132.26	12.92	9.91	37.16	29.70	34.48	38.67	1.08	23.34	24.73
8/25/2025 1:31:58 PM	7.26	7.28	2.50	0.00	0.00	0.00	0.00	0.00	17.04	72.41	0.81	24.75	3847	7284	1124	0	0	0	0	0	12255	132.08	14.94	8.46	37.42	29.75	34.84	35.95	1.08	23.37	24.75
8/25/2025 1:32:00 PM	9.29	7.80	0.83	0.00	0.00	0.00	0.00	0.00	17.93	70.63	0.84	24.78	4926	7799	375	0	0	0	0	0	13099	128.84	12.68	6.28	39.23	29.46	37.48	37.06	1.08	23.42	24.76
8/25/2025 1:32:03 PM	8.01	7.82	2.16	0.00	0.00	0.00	0.00	0.00	17.98	70.75	0.87	24.78	4246	7815	971	0	0	0	0	0	13032	129.05	14.92	8.23	41.22	30.05	35.55	37.93	1.08	23.45	24.83
8/25/2025 1:32:06 PM	9.72	7.73	0.26	0.00	0.00	0.00	0.00	0.00	17.71	70.94	0.90	24.75	5152	7727	117	0	0	0	0	0	12997	129.40	12.24	4.34	38.95	30.50	36.76	35.06	1.09	23.48	24.79
8/25/2025 1:32:09 PM	8.70	7.93	1.27	0.00	0.00	0.00	0.00	0.00	17.90	71.90	0.90	24.77	4609	7930	571	0	0	0	0	0	13110	131.15	12.78	7.71	40.12	27.24	37.60	38.29	1.09	23.48	24.83
8/25/2025 1:32:12 PM	9.11	6.64	0.00	0.84	0.00	0.00	0.00	0.00	16.59	71.26	0.96	24.80	4829	6635	0	25	0	0	0	0	11489	129.98	11.58	9.87	36.16	27.85	35.01	36.28	1.09	23.54	24.84
8/25/2025 1:32:14 PM	7.59	7.80	2.23	0.00	0.00	0.00	0.00	0.00	17.61	70.39	0.99	24.80	4022	7796	1001	0	0	0	0	0	12820	128.39	15.14	5.65	39.02	30.13	37.42	36.15	1.10	23.58	24.94
8/25/2025 1:32:17 PM	9.49	7.18	1.33	0.00	0.00	0.00	0.00	0.00	17.99	72.26	1.01	24.82	5028	7177	597	0	0	0	0	0	12802	131.80	13.53	7.21	38.42	31.17	34.82	39.14	1.10	23.62	24.92
8/25/2025 1:32:20 PM	8.87	7.89	0.71	0.00	0.00	0.00	0.00	0.00	17.47	71.21	1.03	24.76	4701	7893	319	0	0	0	0	0	12913	129.89	12.39	6.00	38.95	28.72	37.41	34.85	1.10	23.64	24.91
8/25/2025 1:32:22 PM	9.47	7.23	0.00	0.44	0.00	0.00	0.00	0.00	17.15	72.57	1.05	24.76	5020	7232	0	13	0	0	0	0	12266	132.37	11.45	8.66	38.09	27.52	35.74	36.52	1.10	23.64	24.99
8/25/2025 1:32:25 PM	9.78	7.64	0.00	0.50	0.00	0.00	0.00	0.00	17.92	71.50	1.08	24.78	5183	7641	0	15	0	0	0	0	12839	130.42	12.16	8.25	39.16	29.76	38.36	37.16	1.11	23.68	24.89
8/25/2025 1:32:28 PM	7.66	7.61	2.11	0.13	0.00	0.00	0.00	0.00	17.50	71.29	1.10	24.79	4057	7610	947	4	0	0	0	0	12619	130.04	14.39	7.38	38.70	27.78	37.37	38.03	1.11	23.71	24.91
8/25/2025 1:32:30 PM	8.77	8.10	0.82	0.00	0.00	0.00	0.00	0.00	17.68	70.90	1.13	24.77	4646	8100	368	0	0	0	0	0	13114	129.32	12.90	5.35	41.94	28.51	35.96	35.24	1.11	23.74	25.02
8/25/2025 1:32:33 PM	8.79	7.14	1.26	0.00	0.00	0.00	0.00	0.00	17.19	71.53	1.16	24.71	4661	7139	565	0	0	0	0	0	12365	130.48	12.90	6.13	38.99	28.22	33.03	37.31	1.11	23.74	24.95
8/25/2025 1:32:36 PM	9.92	6.90	0.00	0.77	0.00	0.00	0.00	0.00	17.60	71.81	1.19	24.65	5260	6903	0	23	0	0	0	0	12186	130.99	11.42	8.42	36.47	29.44	38.10	39.11	1.12	23.78	24.95
8/25/2025 1:32:39 PM	9.36	7.48	0.69	0.00	0.00	0.00	0.00	0.00	17.53	72.36	1.23	24.64	4963	7475	312	0	0	0	0	0	12750	131.99	11.95	6.29	38.26	28.04	36.20	37.33	1.12	23.82	24.99
8/25/2025 1:32:41 PM	8.74	7.63	1.42	0.00	0.00	0.00	0.00	0.00	17.79	72.93	1.28	24.65	4633	7628	640	0	0	0	0	0	12902	133.03	13.61	5.70	38.74	29.53	37.10	37.53	1.13	23.84	25.02
8/25/2025 1:32:44 PM	9.99	7.67	0.00	0.00	0.00	0.00	0.00	0.00	17.66	72.06	1.35	24.65	5295	7670	0	0	0	0	0	0	12965	131.43	10.54	7.38	40.07	28.67	35.09	36.23	1.13	23.89	25.12
8/25/2025 1:32:47 PM	9.64	7.87	0.48	0.00	0.00	0.00	0.00	0.00	17.99	71.79	1.39	24.64	5111	7870	216	0	0	0	0	0	13197	130.95	11.87	7.75	40.92	28.35	36.06	37.60	1.14	23.91	25.05
8/25/2025 1:32:50 PM	10.18	8.02	0.00	0.00	0.00	0.00	0.00	0.00	18.21	71.58	1.42	24.62	5398	8023	0	0	0	0	0	0	13421	130.57	10.68	6.33	39.79	30.67	38.31	36.16	1.14	23.94	25.05
8/25/2025 1:32:53 PM	9.28	7.94	1.10	0.00	0.00	0.00	0.00	0.00	18.33	71.02	1.44	24.64	4918	7943	497	0	0	0	0	0	13359	129.55	13.18	8.72	41.56	29.85	36.23	38.40	1.14	23.96	25.08
8/25/2025 1:32:55 PM	8.58	7.96	1.30	0.00	0.00	0.00	0.00	0.07	17.84	72.02	1.49	24.61	4546	7963	585	0	0	0	0	0	13093	131.37	14.07	5.78	39.70	31.69	37.64	35.85	1.15	23.99	25.07
8/25/2025 1:32:58 PM	8.47	8.29	1.32	0.00	0.00	0.00	0.00	0.20	18.08	72.36	1.53	24.58	4488	8290	593	0	0	0	0	0	13371	131.98	14.65	6.63	42.36	33.63	37.02	36.54	1.15	24.01	25.12
8/25/2025 1:33:01 PM	9.15	9.20	1.19	0.01	0.00	0.00	0.00	0.00	19.55	71.78	1.59	24.59	4851	9203	536	0	0	0	0	0	14590	130.93	14.30	8.83	44.43	31.57	42.24	38.19	1.16	24.04	25.13
8/25/2025 1:33:04 PM	8.27	9.05	2.01	0.00	0.00	0.00	0.00	0.00	19.32	71.80	1.62	24.59	4381	9052	903	0	0	0	0	0	14336	130.97	15.41	8.06	44.09	30.87	41.84	38.79	1.16	24.07	25.18
8/25/2025 1:33:06 PM	8.41	10.25	2.18	0.00	0.00	0.00	0.00	0.00	20.84	72.40	1.64	24.62	4459	10247	980	0	0	0	0	0	15686	132.06	16.89	8.77	49.85	32.93	44.85	40.06	1.16	24.08	25.13
8/25/2025 1:33:09 PM	8.29	10.92	2.21	0.00	0.00	0.00	0.00	0.00	21.42	72.72	1.69	24.64	4393	10916	996	0	0	0	0	0	16305	132.64	17.39	9.18	51.79	33.56	47.41	39.77	1.17	24.09	25.16
8/25/2025 1:33:12 PM	9.37	10.84	1.47	0.00	0.00	0.00	0.00	0.00	21.68	71.90	1.72	24.63	4968	10844	660	0	0	0	0	0	16471	131.14	16.17	8.87	51.61	33.54	47.62	40.79	1.17	24.14	25.18
8/25/2025 1:33:15 PM	8.56	10.88	2.10	0.00	0.00	0.00	0.00	0.00	21.54	71.65	1.74	24.57	4538	10885	943	0	0	0	0	0	16366	130.68	17.12	10.22	51.74	33.76	47.31	40.30	1.17	24.14	25.18
8/25/2025 1:33:17 PM	10.21	10.77	0.98	0.00	0.00	0.00	0.00	0.00	21.95	72.41	1.78	24.56	5409	10769	440	0	0	0	0	0	16618	132.09	15.53	8.33	52.33	33.79	46.91	41.84	1.17	24.19	25.18
8/25/2025 1:33:20 PM	10.83	10.71	0.85	0.00	0.00	0.00	0.00	0.00	22.39	71.48	1.80	24.54	5740	10715	382	0	0	0	0	0	16836	130.38	15.93	8.65	52.48	36.47	46.72	42.27	1.18	24.20	25.26
8/25/2025 1:33:23 PM	9.66	11.31	1.80	0.00	0.00	0.00	0.00	0.00	22.77	71.31	1.84	24.50	5119	11310	811	0	0	0	0	0	17240	130.08	17.75	8.66	54.64	36.35	48.78	42.53	1.18	24.22	25.24
8/25/2025 1:33:25 PM	9.40	10.75	2.63	0.00	0.00	0.00	0.00	0.00	22.77	72.21	1.90	24.19	4981	10745	1182	0	0	0	0	0	16908	131.71	18.56	8.68	52.05	36.14	48.95	45.69	1.19	24.25	25.24
8/25/2025 1:33:28 PM	17.12	11.66	15.20	0.00	0.00	0.00	0.00	0.00	43.98	70.95	2.00	23.35	9074	11658	6841	0	0	0	0	0	27573	129.41	51.05	15.54	74.36	88.44	69.28	120.36	1.20	24.25	25.26
8/25/2025 1:33:31 PM	22.99	12.37	22.43	0.00	0.00	0.00	0.00	0.61	57.79	69.63	2.06	22.63	12187	12366	10094	0	0	0	0	0	34647	127.00	71.90	19.12	89.68	129.80	83.05	172.86	1.20	24.29	25.28
8/25/2025 1:33:34 PM	19.80	12.45	21.97	0.00	0.00	0.00	0.00	0.74	54.22	69.75	2.10	22.53	10492	12452	9886	0	0	0	0	0	32830	127.23	69.55	17.27	86.47	122.87	81.12	161.37	1.21	24.29	25.28
8/25/2025 1:33:36 PM	25.00	11.73	23.52	0.00	0.00	0.00	0.00	0.15	60.24	70.03	2.12	22.48	13249	11727	10583	0	0	0	0	0	35559	127.74	73.91	18.34	89.06	130.20	84.33	180.39	1.21	24.32	25.24
8/25/2025 1:33:39 PM	39.79	13.61	40.23	0.00	0.00	0.00	0.00	0.22	93.62	67.86	2.17	22.40	21087	13611	18101	0	0	0	0	0	52800	123.78	119.68	28.41	126.17	209.41	116.58	296.91	1.21	24.32	25.29
8/25/2025 1:33:42 PM	54.09	18.53	46.34	0.00	0.00	0.00	0.00	0.74	118.97	67.23	2.20	22.12	28669	18533	20853	0	0	0	0	0	68055	122.64	145.73	38.39	168.65	269.97	143.19	373.25	1.22	24.35	25.34
8/25/2025 1:33:45 PM	39.78	12.84	39.16	0.00	0.00	0.00	0.00	0.00	91.78	67.61	2.25	22.11	21083	12837	17621	0	0	0	0	0	51542	123.32	115.18	27.39	120.84	199.02	115.34	293.80	1.22	24.36	25.39
8/25/2025 1:33:47 PM	42.25	15.43	53.25	0.00	0.00	0.00	0.00	1.13	110.93	66.19	2.28	21.94	22390	15433	23963	0	0	0	0	0	61786	120.74	152.37	34.18	147.17	261.94	138.55	364.03	1.22	24.36	25.36
8/25/2025 1:33:50 PM	44.98	15.27	57.52	0.00	0.00	0.00	0.00	0.41	117.77	66.12	2.31	21.63	23839	15272	25884	0	0	0	0	0	64995	120.60	161.41	35.57	152.46	268.91	144.15	385.05	1.23	24.38	25.34
8/25/2025 1:33:53 PM	39.15	14.18	52.38	0.00	0.00	0.00	0.00	0.57	105.71	65.97	2.35	21.52	20749	14176	23573	0	0	0	0	0	58498	120.34	146.51	32.18	136.70	243.65	133.18	346.22	1.23	24.42	25.39
8/25/2025 1:33:56 PM	43.57	16.34	60.92	0.00	0.00	0.00	0.00	1.33	120.83	64.86	2.40	21.65	23090	16341	27413	0	0	0	0	0	66844	118.30	170.66	37.53	158.67	287.63	150.60	400.67	1.23	24.41	25.42
8/25/2025 1:33:58 PM	48.88	15.86	63.13	0.00	0.00	0.00	0.00	0.58	127.88	64.81	2.43	21.71	25907	15864	28410	0	0	0	0	0	70181	118.22	176.33	39.14	162.75	294.95	155.32	421.72	1.24	24.44	25.44
8/25/2025 1:34:01 PM	42.41	14.89	52.69	0.00	0.00	0.00	0.00	0.83	110.00	65.76	2.50	21.36	22480	14889	23712	0	0	0	0	0	61081	119.96	150.37	33.74	146.23	256.36	134.42	360.07	1.24	24.46	25.45
8/25/2025 1:34:04 PM	41.42	14.68	52.70	0.00	0.00	0.00	0.00	1.07	108.80	66.14	2.55	21.14	21952	14682	23715	0	0	0	0	0	60349	120.65	150.09	32.94	143.06	257.10	135.03	358.46	1.25	24.46	25.45
8/25/2025 1:34:06 PM	33.31	14.52	43.83	0.00	0.00	0.00	0.00	1.28	91.66	66.85	2.60	21.12	17655	14524	19723	0	0	0	0	0	51903	121.94	126.94	29.26	129.20	218.61	117.33	297.62	1.25	24.47	25.47
8/25/2025 1:34:09 PM	22.88	8.67	22.39	1.41	0.00	0.00	0.00	0.00	55.35	69.03	2.66	21.14	12125	8669	10077	42	0	0	0	0	30913	125.91	70.73	17.10	77.08	116.53	78.85	175.85	1.26	24.50	25.50
8/25/2025 1:34:12 PM	26.27	11.36	23.69	0.03	0.00	0.00	0.00	0.00	61.34	68.53	2.67	21.09	13921	11362	10659	1	0	0	0	0	35943	125.01	73.43	20.38	88.10	128.42	85.61	186.35	1.26	24.50	25.47
8/25/2025 1:34:15 PM	22.75	10.42	13.74	5.61	0.00	0.00	0.00	0.00	52.51	69.60	2.69	21.06	12057	10422	6181	168	0	0	0	0	28828	126.95	65.63	22.80	85.38	106.95	90.18	156.93	1.26	24.51	25.48
8/25/2025 1:34:17 PM	22.76	13.71	13.21	8.80	0.00	0.00	0.00	0.00	58.48	68.51	2.71	21.15	12064	13708	5946	264	0	0	0	0	31982	124.97	76.03	29.60	104.42	115.66	112.00	168.40	1.27	24.50	25.48
8/25/2025 1:34:20 PM	21.42	15.53	11.04	13.01	0.00	0.00	0.00	0.00	61.00	67.69	2.73	21.39	11352	15533	4966	390	0	0	0	0	32241	123.47	84.12	34.84	117.50	117.95	130.52	172.55	1.27	24.53	25.50
8/25/2025 1:34:23 PM	21.02	17.61	9.09	14.14	0.00	0.00	0.00	0.00	61.86	67.71	2.80	21.41	11140	17614	4091	424	0	0	0	0	33269	123.51	84.18	37.93	125.99	115.72	138.80	168.94	1.27	24.54	25.57
8/25/2025 1:34:26 PM	20.38	18.28	9.17	13.82	0.00	0.00	0.00	0.00	61.65	67.63	2.82	21.14	10799	18276	4128	415	0	0	0	0	33618	123.36	83.65	38.06	127.10	114.77	139.37	165.69	1.28	24.55	25.57
8/25/2025 1:34:29 PM	19.20	20.39	9.37	12.52	0.00	0.00	0.00	0.00	61.48	67.93	2.83	20.90	10176	20389	4215	376	0	0	0	0	35156	123.91	80.96	37.00	130.83	110.57	141.37	158.50	1.28	24.53	25.55
8/25/2025 1:34:31 PM	19.55	20.16	8.14	13.49	0.00	0.00	0.00	0.00	61.35	67.47	2.85	20.50	10364	20160	3664	405	0	0	0	0	34592	123.07	81.28	38.18	131.43	110.91	142.95	158.16	1.28	24.54	25.61
8/25/2025 1:34:34 PM	20.28	18.78	8.86	13.76	0.00	0.00	0.00	0.00	61.67	67.33	2.86	20.52	10746	18776	3987	413	0	0	0	0	33922	122.82	82.99	38.06	128.44	113.62	140.49	164.28	1.28	24.57	25.53
8/25/2025 1:34:37 PM	20.70	18.22	8.33	14.27	0.00	0.00	0.00	0.00	61.51	67.60	2.90	20.84	10973	18217	3747	428	0	0	0	0	33364	123.32	83.15	37.52	127.29	113.67	140.64	165.63	1.28	24.56	25.58
8/25/2025 1:34:40 PM	20.31	17.95	9.31	13.39	0.00	0.00	0.00	0.00	60.96	67.65	2.94	20.32	10764	17951	4188	402	0	0	0	0	33305	123.40	82.27	36.41	124.92	112.75	137.28	164.91	1.29	24.55	25.60
8/25/2025 1:34:43 PM	20.38	19.23	9.34	12.48	0.00	0.00	0.00	0.00	61.43	67.35	2.99	18.92	10803	19231	4201	374	0	0	0	0	34610	122.85	80.53	36.75	127.75	111.92	137.98	162.02	1.29	24.55	25.57
8/25/2025 1:34:45 PM	19.86	22.65	9.66	10.79	0.00	0.00	0.00	0.00	62.95	67.70	3.08	18.03	10524	22648	4348	324	0	0	0	0	37844	123.49	78.25	37.08	136.17	110.14	143.09	156.01	1.30	24.55	25.58
8/25/2025 1:34:48 PM	19.60	28.78	9.40	8.88	0.00	0.00	0.00	0.00	66.66	67.41	3.14	17.86	10390	28779	4231	266	0	0	0	0	43667	122.97	76.32	37.82	153.05	109.95	156.73	147.94	1.31	24.60	25.63
8/25/2025 1:34:51 PM	20.38	44.93	7.36	7.77	0.00	0.00	0.00	0.00	80.44	65.85	3.20	17.75	10804	44934	3311	233	0	0	0	0	59283	120.12	80.02	46.02	207.58	116.59	205.89	142.80	1.31	24.55	25.58
8/25/2025 1:34:54 PM	19.81	76.66	11.01	2.01	0.00	0.00	0.00	0.00	109.49	63.14	3.21	17.17	10499	76659	4956	60	0	0	0	0	92174	115.18	91.74	61.79	312.76	134.31	294.26	143.27	1.31	24.56	25.61
8/25/2025 1:34:56 PM	19.86	91.91	9.16	1.56	0.00	0.00	0.00	0.00	122.49	61.48	3.21	17.22	10524	91907	4124	47	0	0	0	0	106601	112.15	96.86	70.44	365.08	140.91	342.29	138.58	1.31	24.55	25.60
8/25/2025 1:34:59 PM	20.21	84.99	8.17	3.55	0.00	0.00	0.00	0.00	116.92	61.04	3.25	17.52	10712	84985	3679	106	0	0	0	0	99483	111.36	96.33	67.58	343.55	139.46	325.87	140.87	1.32	24.55	25.66
8/25/2025 1:35:02 PM	19.23	111.85	9.39	0.00	0.00	0.00	0.00	0.00	140.47	59.22	3.25	17.38	10193	111846	4226	0	0	0	0	0	126265	108.03	105.80	81.82	434.87	151.05	401.95	137.76	1.32	24.56	25.66
8/25/2025 1:35:05 PM	19.32	107.81	9.37	0.94	0.00	0.00	0.00	0.00	137.44	59.41	3.26	17.62	10241	107811	4214	28	0	0	0	0	122295	108.37	106.06	80.05	420.76	151.70	393.40	139.45	1.32	24.51	25.63
8/25/2025 1:35:08 PM	19.41	112.31	9.85	0.00	0.00	0.00	0.00	0.00	141.56	59.04	3.27	17.35	10286	112311	4430	0	0	0	0	0	127028	107.70	107.21	82.51	436.99	153.19	404.17	140.15	1.32	24.54	25.66
8/25/2025 1:35:10 PM	19.54	115.82	9.08	0.00	0.00	0.00	0.00	0.00	144.44	59.38	3.28	17.08	10358	115817	4085	0	0	0	0	0	130260	108.31	108.32	84.73	452.20	154.45	411.86	138.42	1.32	24.51	25.66
8/25/2025 1:35:13 PM	19.74	115.32	7.00	1.91	0.00	0.00	0.00	0.00	143.97	59.21	3.30	17.72	10465	115315	3151	57	0	0	0	0	128988	108.01	109.15	85.90	448.38	155.15	419.98	137.23	1.32	24.50	25.71
8/25/2025 1:35:16 PM	19.22	105.10	7.07	2.75	0.00	0.00	0.00	0.00	134.15	59.48	3.30	18.32	10185	105104	3184	82	0	0	0	0	118555	108.50	104.57	78.47	412.51	147.55	389.25	136.43	1.32	24.51	25.68
8/25/2025 1:35:19 PM	20.98	96.67	5.21	4.76	0.00	0.00	0.00	0.00	127.62	60.36	3.31	18.55	11121	96669	2343	143	0	0	0	0	110275	110.10	101.95	75.54	386.27	146.24	367.53	139.43	1.32	24.50	25.69
8/25/2025 1:35:21 PM	19.46	108.76	9.30	0.00	0.00	0.00	0.00	0.00	137.52	60.26	3.33	18.21	10312	108764	4184	0	0	0	0	0	123260	109.92	103.71	79.67	423.47	149.32	391.96	136.96	1.33	24.47	25.61
8/25/2025 1:35:24 PM	19.87	104.68	7.09	2.04	0.00	0.00	0.00	0.00	133.68	59.76	3.34	18.09	10530	104685	3188	61	0	0	0	0	118465	109.02	102.82	77.37	409.69	148.07	385.83	135.08	1.33	24.45	25.65
8/25/2025 1:35:26 PM	19.45	108.28	9.33	0.00	0.00	0.00	0.00	0.00	137.06	59.82	3.35	17.96	10307	108281	4198	0	0	0	0	0	122785	109.13	103.57	79.78	421.94	149.56	389.93	136.51	1.33	24.47	25.74
8/25/2025 1:35:29 PM	20.53	112.34	7.28	0.00	0.00	0.00	0.00	0.00	140.15	59.46	3.37	17.86	10881	112344	3274	0	0	0	0	0	126499	108.47	102.78	81.00	438.63	149.79	399.43	133.26	1.33	24.46	25.69
8/25/2025 1:35:32 PM	20.21	109.57	7.11	0.00	0.00	0.00	0.00	0.00	136.89	59.62	3.43	17.80	10711	109569	3201	0	0	0	0	0	123481	108.75	100.32	78.82	425.15	147.27	392.78	130.22	1.34	24.45	25.73
8/25/2025 1:35:35 PM	16.78	106.87	3.32	0.00	0.00	0.00	0.00	0.00	126.98	60.11	3.46	17.46	8895	106875	1495	0	0	0	0	0	117265	109.66	88.61	72.55	409.74	126.94	377.00	103.40	1.34	24.41	25.69
8/25/2025 1:35:37 PM	17.52	101.78	0.19	0.00	0.00	0.00	0.00	0.00	119.50	60.24	3.53	17.25	9286	101781	87	0	0	0	0	0	111154	109.89	79.21	68.10	390.72	117.65	355.28	91.25	1.35	24.41	25.71
8/25/2025 1:35:40 PM	15.74	86.13	0.38	0.00	0.00	0.00	0.00	0.00	102.24	61.26	3.55	16.57	8340	86125	169	0	0	0	0	0	94635	111.75	67.78	58.14	330.80	101.63	303.34	81.56	1.35	24.40	25.74
8/25/2025 1:35:43 PM	16.23	93.98	1.36	0.00	0.00	0.00	0.00	0.00	111.57	60.61	3.59	16.74	8600	93982	611	0	0	0	0	0	103192	110.57	75.38	64.76	361.71	110.99	329.84	89.67	1.35	24.37	25.71
8/25/2025 1:35:46 PM	17.34	91.02	0.00	0.00	0.00	0.00	0.00	0.00	108.35	60.64	3.62	16.79	9188	91016	0	0	0	0	0	0	100204	110.61	71.33	60.96	353.10	107.68	317.05	87.13	1.35	24.36	25.73
8/25/2025 1:35:49 PM	17.05	92.67	0.00	0.00	0.00	0.00	0.00	0.00	109.73	60.82	3.64	16.55	9037	92674	0	0	0	0	0	0	101711	110.94	70.62	61.49	364.89	108.15	316.42	86.97	1.36	24.34	25.71
8/25/2025 1:35:51 PM	17.33	92.76	0.00	0.00	0.00	0.00	0.00	0.00	110.09	60.73	3.66	16.25	9183	92761	0	0	0	0	0	0	101944	110.78	69.74	61.89	368.41	108.99	313.90	87.94	1.36	24.32	25.71
8/25/2025 1:35:54 PM	16.31	79.38	0.00	0.00	0.00	0.00	0.00	0.00	95.69	61.52	3.70	16.08	8644	79375	0	0	0	0	0	0	88019	112.22	60.34	53.49	315.83	97.93	271.01	79.44	1.36	24.29	25.71
8/25/2025 1:35:57 PM	13.88	56.68	0.67	0.00	0.00	0.00	0.00	0.00	71.22	62.93	3.74	15.73	7356	56680	300	0	0	0	0	0	64336	114.80	48.18	39.15	221.22	78.56	203.91	65.46	1.37	24.29	25.71
8/25/2025 1:36:00 PM	12.88	42.14	0.81	0.00	0.00	0.00	0.00	0.00	55.83	65.51	3.79	15.03	6826	42139	365	0	0	0	0	0	49330	119.50	38.25	29.28	166.61	66.17	155.48	57.82	1.37	24.26	25.68
8/25/2025 1:36:03 PM	13.96	44.14	0.00	0.00	0.00	0.00	0.00	0.00	58.10	65.10	3.84	14.59	7401	44140	0	0	0	0	0	0	51541	118.75	38.64	30.20	178.02	67.56	158.15	59.17	1.38	24.23	25.71
8/25/2025 1:36:05 PM	12.93	40.45	0.42	0.00	0.00	0.00	0.00	0.00	53.80	65.65	3.88	14.15	6851	40449	190	0	0	0	0	0	47490	119.75	36.38	28.40	161.86	63.82	147.59	56.02	1.38	24.20	25.65
8/25/2025 1:36:08 PM	11.95	39.16	1.27	0.00	0.00	0.00	0.00	0.00	52.37	65.79	3.93	13.86	6332	39157	570	0	0	0	0	0	46060	120.01	36.66	27.54	155.23	62.78	145.36	55.70	1.38	24.18	25.66
8/25/2025 1:36:11 PM	11.34	32.69	0.85	0.00	0.00	0.00	0.00	0.00	44.89	66.36	3.97	13.95	6012	32692	382	0	0	0	0	0	39086	121.06	31.14	23.08	131.48	55.39	122.07	50.06	1.39	24.15	25.71
8/25/2025 1:36:14 PM	10.73	33.40	0.50	0.00	0.00	0.00	0.00	0.00	44.62	66.27	4.02	14.67	5685	33401	224	0	0	0	0	0	39309	120.88	30.46	23.40	135.61	52.52	121.25	47.54	1.39	24.13	25.71
8/25/2025 1:36:16 PM	12.70	40.31	0.00	0.00	0.00	0.00	0.00	0.00	53.01	65.65	4.07	15.39	6732	40306	0	0	0	0	0	0	47039	119.75	34.57	27.54	163.15	60.88	144.44	54.47	1.40	24.09	25.63
8/25/2025 1:36:19 PM	10.29	31.79	0.67	0.00	0.00	0.00	0.00	0.00	42.75	65.86	4.12	15.57	5455	31791	301	0	0	0	0	0	37547	120.14	29.50	22.18	128.60	50.97	116.68	46.13	1.40	24.05	25.66
8/25/2025 1:36:22 PM	7.25	21.74	1.18	0.00	0.00	0.00	0.00	0.00	30.16	65.58	4.17	15.42	3841	21740	529	0	0	0	0	0	26111	119.63	21.76	15.89	89.21	36.44	82.01	35.74	1.41	24.03	25.65
8/25/2025 1:36:24 PM	5.87	17.87	1.34	0.00	0.00	0.00	0.00	0.00	25.07	65.05	4.23	15.37	3111	17870	601	0	0	0	0	0	21582	118.65	18.53	12.98	73.92	29.84	68.55	31.21	1.41	24.04	25.63
8/25/2025 1:36:28 PM	4.76	15.23	1.43	0.00	0.00	0.00	0.00	0.00	21.42	64.25	4.26	14.79	2523	15226	643	0	0	0	0	0	18392	117.21	16.30	10.93	63.23	25.31	59.20	27.22	1.42	23.99	25.61
8/25/2025 1:36:30 PM	3.58	12.40	1.30	0.00	0.00	0.00	0.00	0.00	17.28	62.84	4.32	14.17	1896	12403	584	0	0	0	0	0	14883	114.63	13.38	9.12	52.35	19.61	48.18	22.22	1.42	23.94	25.61
8/25/2025 1:36:33 PM	3.99	13.85	1.18	0.00	0.00	0.00	0.00	0.00	19.02	62.44	4.39	13.62	2115	13855	529	0	0	0	0	0	16498	113.89	14.27	10.16	58.94	20.84	52.21	23.91	1.43	23.93	25.65
8/25/2025 1:36:36 PM	3.58	12.58	1.26	0.00	0.00	0.00	0.00	0.00	17.41	62.70	4.45	13.42	1895	12579	566	0	0	0	0	0	15041	114.37	13.35	9.23	53.16	19.34	48.58	22.32	1.44	23.90	25.63
8/25/2025 1:36:38 PM	3.96	12.05	0.98	0.00	0.00	0.00	0.00	0.00	16.98	62.60	4.49	13.31	2101	12045	439	0	0	0	0	0	14585	114.20	12.77	8.94	51.84	19.65	46.07	21.94	1.44	23.89	25.58
8/25/2025 1:36:41 PM	2.66	9.47	1.44	0.00	0.00	0.00	0.00	0.00	13.57	62.59	4.55	13.45	1411	9469	649	0	0	0	0	0	11529	114.18	11.23	7.22	40.28	15.99	38.47	18.61	1.45	23.82	25.58
8/25/2025 1:36:44 PM	2.31	7.30	1.24	0.00	0.00	0.00	0.00	0.00	10.85	63.57	4.62	13.05	1225	7297	558	0	0	0	0	0	9079	115.95	9.27	5.80	32.03	13.52	30.41	15.60	1.45	23.79	25.57
8/25/2025 1:36:47 PM	2.08	5.89	1.16	0.00	0.00	0.00	0.00	0.00	9.12	64.19	4.68	13.06	1102	5885	521	0	0	0	0	0	7508	117.08	8.12	4.97	26.78	12.10	25.12	13.80	1.46	23.77	25.57
8/25/2025 1:36:49 PM	2.07	5.40	1.14	0.00	0.00	0.00	0.00	0.00	8.61	64.14	4.73	13.02	1098	5396	514	0	0	0	0	0	7008	117.00	7.77	4.69	24.98	11.77	23.42	13.50	1.46	23.74	25.53
8/25/2025 1:36:52 PM	1.82	4.30	1.10	0.00	0.00	0.00	0.00	0.00	7.22	65.46	4.81	13.03	963	4299	495	0	0	0	0	0	5757	119.41	6.91	3.70	20.53	10.61	19.66	11.88	1.47	23.72	25.58
8/25/2025 1:36:55 PM	1.75	3.23	1.03	0.00	0.00	0.00	0.00	0.00	6.00	66.92	4.89	12.50	926	3227	462	0	0	0	0	0	4616	122.07	6.02	3.12	16.29	9.71	16.09	10.85	1.48	23.67	25.58
8/25/2025 1:36:58 PM	1.88	3.47	1.10	0.00	0.00	0.00	0.00	0.00	6.45	67.15	4.92	12.54	998	3468	496	0	0	0	0	0	4962	122.48	6.41	3.37	17.28	10.38	17.15	11.69	1.48	23.62	25.53
8/25/2025 1:37:00 PM	1.81	3.04	0.93	0.00	0.00	0.00	0.00	0.00	5.78	66.98	4.98	12.62	958	3044	419	0	0	0	0	0	4420	122.18	5.77	2.91	15.73	9.55	15.25	10.54	1.49	23.58	25.52
8/25/2025 1:37:03 PM	1.82	2.64	0.77	0.00	0.00	0.00	0.00	0.01	5.23	67.77	5.05	12.37	962	2640	348	0	0	0	0	0	3950	123.61	5.21	2.64	14.02	9.19	13.80	9.74	1.49	23.54	25.48
8/25/2025 1:37:06 PM	1.72	2.63	0.84	0.00	0.00	0.00	0.00	0.01	5.19	68.03	5.06	12.38	910	2633	377	0	0	0	0	0	3919	124.09	5.28	2.71	13.97	9.09	13.75	9.66	1.50	23.55	25.48
8/25/2025 1:37:09 PM	1.67	2.70	0.94	0.00	0.00	0.00	0.00	0.00	5.31	67.92	5.13	12.87	884	2700	424	0	0	0	0	0	4007	123.88	5.50	2.82	14.28	9.16	14.02	9.90	1.50	23.47	25.50
8/25/2025 1:37:11 PM	1.55	2.62	0.86	0.00	0.00	0.00	0.00	0.02	5.03	67.77	5.21	13.28	824	2616	388	0	0	0	0	0	3828	123.62	5.26	2.70	13.69	8.97	13.73	9.34	1.51	23.43	25.44
8/25/2025 1:37:14 PM	1.57	2.57	0.62	0.00	0.00	0.00	0.00	0.03	4.77	67.43	5.29	13.19	834	2570	280	0	0	0	0	0	3684	123.00	4.75	2.61	13.47	8.45	13.19	8.46	1.52	23.38	25.45
8/25/2025 1:37:17 PM	1.51	2.53	0.66	0.00	0.00	0.00	0.00	0.01	4.71	66.91	5.33	13.29	802	2532	298	0	0	0	0	0	3632	122.05	4.73	2.48	13.23	8.14	13.15	8.29	1.52	23.34	25.44
8/25/2025 1:37:20 PM	1.59	2.60	0.64	0.00	0.00	0.00	0.00	0.00	4.82	66.72	5.38	13.41	841	2597	288	0	0	0	0	0	3725	121.70	4.77	2.53	13.67	8.17	13.20	8.38	1.53	23.34	25.44
8/25/2025 1:37:22 PM	1.70	2.61	0.59	0.00	0.00	0.00	0.00	0.01	4.89	66.89	5.41	13.05	901	2606	264	0	0	0	0	0	3771	122.01	4.73	2.63	13.72	8.43	13.30	8.61	1.53	23.28	25.39
