Date/Time	Green Algae	Bluegreen	Diatoms	Cryptophyta	#5	#6	#7	Yellow substances	Total conc.	Transmission	Depth	Temp. Sample	Green Algae	Bluegreen	Diatoms	Cryptophyta	#5	#6	#7	Yellow substances	Total cell count	Trans. 700 nm	LED 3 [525 nm]	LED 4 [570 nm]	LED 5 [610 nm]	LED 6 [370 nm]	LED 7 [590 nm]	LED 8 [470 nm]	Pressure	Temp. LEDs	Temp. Sensor
date	µg/l	µg/l	µg/l	µg/l	µg/l	µg/l	µg/l	r.u.	µg/l	%	m	°C	cells/ml	cells/ml	cells/ml	cells/ml	cells/ml	cells/ml	cells/ml	r.u.	cells/ml	digits	digits	digits	digits	digits	digits	digits	bar	°C	°C
5/26/2025 9:34:50 AM	34.04	0.47	0.72	7.48	0.00	0.00	0.00	0.00	42.72	74.76	0.19	18.50	18044	470	326	224	0	0	0	0	19064	136.36	40.85	15.13	52.81	90.08	59.57	151.77	1.02	19.34	18.72
5/26/2025 9:34:54 AM	34.33	0.44	1.13	7.48	0.00	0.00	0.00	0.00	43.38	74.91	0.29	18.36	18195	439	508	225	0	0	0	0	19366	136.63	41.75	15.31	53.46	91.25	60.10	154.70	1.03	19.39	18.78
5/26/2025 9:34:56 AM	34.26	0.22	0.75	7.72	0.00	0.00	0.00	0.00	42.95	74.84	0.34	18.45	18157	222	339	232	0	0	0	0	18950	136.51	41.42	15.47	52.88	90.45	59.71	153.87	1.03	19.42	18.80
5/26/2025 9:34:59 AM	34.54	0.55	1.29	7.13	0.00	0.00	0.00	0.00	43.50	74.58	0.38	18.46	18304	551	579	214	0	0	0	0	19648	136.04	41.13	14.96	53.46	90.94	59.50	154.94	1.04	19.44	18.80
5/26/2025 9:35:01 AM	34.31	0.51	1.12	7.18	0.00	0.00	0.00	0.00	43.11	74.61	0.42	18.46	18183	511	503	215	0	0	0	0	19412	136.09	40.77	14.86	53.06	90.09	59.23	153.69	1.04	19.48	18.80
5/26/2025 9:35:04 AM	34.06	0.43	1.11	7.23	0.00	0.00	0.00	0.00	42.83	74.92	0.46	18.50	18050	428	498	217	0	0	0	0	19193	136.66	40.66	14.88	52.74	89.30	58.91	153.19	1.05	19.54	18.80
5/26/2025 9:35:07 AM	33.39	0.47	1.82	7.01	0.00	0.00	0.00	0.00	42.69	74.87	0.51	18.52	17699	469	819	210	0	0	0	0	19197	136.57	41.25	14.79	52.43	89.25	58.42	152.83	1.05	19.58	18.80
5/26/2025 9:35:10 AM	34.21	0.45	0.94	7.26	0.00	0.00	0.00	0.00	42.87	75.10	0.55	18.49	18132	453	423	218	0	0	0	0	19226	136.99	40.52	15.23	52.92	89.61	58.88	152.94	1.05	19.60	18.80
5/26/2025 9:35:12 AM	34.11	0.78	1.75	6.70	0.00	0.00	0.00	0.00	43.34	74.96	0.59	18.49	18079	781	789	201	0	0	0	0	19850	136.74	40.91	14.68	53.27	90.74	58.84	153.48	1.06	19.62	18.91
5/26/2025 9:35:15 AM	34.48	0.60	0.93	7.16	0.00	0.00	0.00	0.00	43.17	74.78	0.63	18.55	18274	605	417	215	0	0	0	0	19511	136.40	40.47	14.93	53.35	90.07	59.40	153.46	1.06	19.67	18.91
5/26/2025 9:35:17 AM	33.93	0.95	1.67	6.79	0.00	0.00	0.00	0.00	43.34	75.00	0.66	18.56	17981	950	751	204	0	0	0	0	19887	136.79	40.90	15.15	54.06	90.07	59.34	153.21	1.06	19.69	18.94
5/26/2025 9:35:20 AM	34.08	0.57	1.28	7.11	0.00	0.00	0.00	0.00	43.04	75.03	0.70	18.58	18062	568	577	213	0	0	0	0	19421	136.85	40.82	14.57	53.02	89.68	59.30	153.47	1.07	19.72	18.96
5/26/2025 9:35:23 AM	34.21	0.60	1.62	6.93	0.00	0.00	0.00	0.00	43.36	74.92	0.75	18.55	18133	597	729	208	0	0	0	0	19666	136.66	40.94	15.20	53.51	89.93	58.77	154.91	1.07	19.76	18.99
5/26/2025 9:35:26 AM	35.69	0.61	1.51	7.31	0.00	0.00	0.00	0.00	45.12	75.01	0.78	18.51	18917	612	678	219	0	0	0	0	20426	136.81	42.60	15.58	55.57	93.75	61.44	161.06	1.08	19.79	18.99
5/26/2025 9:35:29 AM	37.26	0.98	2.06	7.10	0.00	0.00	0.00	0.00	47.40	75.01	0.82	18.52	19747	977	928	213	0	0	0	0	21865	136.82	44.04	16.22	58.58	97.65	63.50	168.38	1.08	19.80	18.98
5/26/2025 9:35:31 AM	36.67	0.54	1.36	7.63	0.00	0.00	0.00	0.00	46.21	74.51	0.86	18.47	19435	542	614	229	0	0	0	0	20820	135.90	43.70	15.74	56.69	96.20	63.16	165.07	1.08	19.84	18.98
5/26/2025 9:35:34 AM	36.53	0.52	1.64	7.51	0.00	0.00	0.00	0.00	46.19	74.63	0.88	18.44	19358	522	737	225	0	0	0	0	20842	136.12	43.77	16.09	56.66	96.12	62.54	165.27	1.09	19.86	19.07
5/26/2025 9:35:37 AM	37.66	0.46	1.25	7.54	0.00	0.00	0.00	0.00	46.90	74.59	0.88	18.29	19958	456	561	226	0	0	0	0	21202	136.05	43.60	15.86	57.00	97.78	63.06	167.56	1.09	19.89	19.01
5/26/2025 9:35:40 AM	39.30	0.43	1.70	7.69	0.00	0.00	0.00	0.00	49.12	74.82	0.94	18.05	20828	429	766	231	0	0	0	0	22254	136.47	45.63	16.41	59.39	101.85	65.27	176.29	1.09	19.89	18.99
5/26/2025 9:35:42 AM	40.14	0.23	1.89	7.92	0.00	0.00	0.00	0.00	50.18	74.59	0.98	17.92	21272	230	852	238	0	0	0	0	22592	136.06	46.93	16.73	60.19	104.23	66.28	180.95	1.10	19.94	19.07
5/26/2025 9:35:45 AM	40.55	0.39	1.72	7.84	0.00	0.00	0.00	0.00	50.50	74.74	1.02	18.06	21494	386	776	235	0	0	0	0	22891	136.32	46.61	16.72	60.81	104.50	66.66	181.53	1.10	19.96	19.04
5/26/2025 9:35:48 AM	40.76	0.26	1.51	8.04	0.00	0.00	0.00	0.00	50.58	74.67	1.05	18.10	21605	261	681	241	0	0	0	0	22788	136.20	46.80	17.03	60.85	104.96	66.85	182.07	1.10	20.00	19.12
5/26/2025 9:35:51 AM	40.69	0.00	1.30	8.20	0.00	0.00	0.00	0.00	50.20	74.72	1.10	18.06	21567	0	586	246	0	0	0	0	22399	136.29	46.62	16.41	59.83	104.34	66.62	181.61	1.11	20.00	19.11
5/26/2025 9:35:53 AM	40.68	0.36	1.78	7.67	0.00	0.00	0.00	0.00	50.48	74.48	1.12	17.94	21558	360	801	230	0	0	0	0	22949	135.86	46.22	16.53	60.56	104.24	66.10	181.68	1.11	20.04	19.12
5/26/2025 9:35:56 AM	41.78	0.29	2.12	7.76	0.00	0.00	0.00	0.00	51.95	74.54	1.15	17.96	22141	294	956	233	0	0	0	0	23624	135.96	47.79	16.73	61.75	107.78	67.52	187.08	1.11	20.06	19.19
5/26/2025 9:35:58 AM	42.24	0.53	2.33	7.46	0.00	0.00	0.00	0.00	52.57	74.51	1.18	18.00	22390	532	1049	224	0	0	0	0	24194	135.91	47.68	17.17	62.76	108.64	67.50	188.53	1.12	20.06	19.15
5/26/2025 9:36:01 AM	42.79	0.88	2.84	7.21	0.00	0.00	0.00	0.00	53.71	74.54	1.21	17.99	22677	879	1276	216	0	0	0	0	25048	135.96	48.54	17.28	64.37	110.78	68.70	191.49	1.12	20.10	19.17
5/26/2025 9:36:04 AM	43.55	0.96	2.54	7.34	0.00	0.00	0.00	0.00	54.39	74.34	1.26	17.99	23082	962	1144	220	0	0	0	0	25408	135.60	48.57	17.32	65.50	111.33	69.83	193.98	1.12	20.12	19.19
5/26/2025 9:36:07 AM	43.71	0.92	2.82	7.44	0.00	0.00	0.00	0.00	54.89	74.24	1.30	17.87	23168	916	1270	223	0	0	0	0	25577	135.41	49.54	17.86	66.05	112.71	70.29	195.96	1.13	20.14	19.19
5/26/2025 9:36:10 AM	43.16	0.87	2.82	7.47	0.00	0.00	0.00	0.00	54.32	74.39	1.33	17.76	22876	868	1269	224	0	0	0	0	25237	135.68	49.40	17.60	65.31	111.86	69.92	193.97	1.13	20.14	19.19
5/26/2025 9:36:12 AM	43.06	0.75	2.82	7.49	0.00	0.00	0.00	0.00	54.12	74.18	1.34	17.84	22821	755	1269	225	0	0	0	0	25070	135.30	49.30	17.56	64.88	111.51	69.51	193.70	1.13	20.15	19.23
5/26/2025 9:36:15 AM	42.46	1.23	3.94	6.95	0.00	0.00	0.00	0.00	54.58	74.33	1.37	17.93	22502	1234	1771	209	0	0	0	0	25715	135.57	50.05	17.95	66.11	111.86	69.53	194.31	1.13	20.21	19.25
5/26/2025 9:36:18 AM	42.43	1.11	3.69	7.23	0.00	0.00	0.00	0.00	54.46	74.48	1.41	17.90	22486	1113	1662	217	0	0	0	0	25478	135.84	50.19	17.66	65.99	111.33	70.14	194.58	1.14	20.20	19.22
5/26/2025 9:36:21 AM	41.52	0.99	4.15	7.18	0.00	0.00	0.00	0.00	53.84	74.43	1.44	17.88	22007	993	1866	215	0	0	0	0	25081	135.77	50.46	17.16	64.96	110.14	69.49	193.16	1.14	20.21	19.28
5/26/2025 9:36:23 AM	40.33	1.21	4.68	6.98	0.00	0.00	0.00	0.00	53.20	74.12	1.46	17.81	21377	1206	2106	210	0	0	0	0	24898	135.19	50.58	17.41	64.82	108.70	68.92	190.47	1.14	20.24	19.33
5/26/2025 9:36:26 AM	39.58	0.82	4.82	7.30	0.00	0.00	0.00	0.00	52.52	74.36	1.49	17.68	20979	824	2168	219	0	0	0	0	24190	135.64	51.23	17.33	63.49	108.10	68.42	189.38	1.15	20.25	19.30
5/26/2025 9:36:29 AM	30.83	0.00	27.07	9.09	0.00	0.00	0.00	0.00	66.99	72.16	1.52	17.67	16342	0	12179	273	0	0	0	0	28794	131.62	98.59	22.50	76.81	144.17	89.48	258.18	1.15	20.27	19.31
5/26/2025 9:36:32 AM	30.17	3.66	52.94	7.77	0.00	0.00	0.00	0.00	94.54	70.90	1.57	17.68	15991	3659	23821	233	0	0	0	0	43704	129.32	151.28	33.63	113.26	201.77	120.83	359.06	1.15	20.27	19.33
5/26/2025 9:36:35 AM	33.63	0.15	44.10	11.38	0.00	0.00	0.00	0.00	89.27	70.43	1.61	17.71	17823	154	19844	342	0	0	0	0	38164	128.47	141.52	30.96	103.81	189.25	117.35	351.17	1.16	20.30	19.30
5/26/2025 9:36:37 AM	31.70	4.37	58.05	8.11	0.00	0.00	0.00	0.00	102.24	69.70	1.64	17.66	16803	4375	26122	243	0	0	0	0	47543	127.14	164.11	37.63	123.58	217.65	130.13	387.42	1.16	20.30	19.35
5/26/2025 9:36:40 AM	32.10	3.29	63.40	10.22	0.00	0.00	0.00	0.00	109.01	69.74	1.66	17.67	17014	3286	28529	307	0	0	0	0	49135	127.21	181.67	40.01	129.01	237.13	140.69	417.30	1.16	20.33	19.38
5/26/2025 9:36:43 AM	30.62	0.88	65.14	13.70	0.00	0.00	0.00	0.00	110.33	69.69	1.70	17.74	16227	878	29312	411	0	0	0	0	46828	127.12	193.87	42.04	127.58	246.83	146.61	430.48	1.17	20.33	19.38
5/26/2025 9:36:46 AM	30.54	1.32	69.82	13.13	0.00	0.00	0.00	0.00	114.81	69.98	1.73	17.71	16186	1316	31420	394	0	0	0	0	49316	127.65	202.35	43.81	132.52	256.76	150.25	447.29	1.17	20.35	19.38
5/26/2025 9:36:49 AM	28.34	2.01	68.65	11.43	0.00	0.00	0.00	0.00	110.43	69.92	1.76	17.63	15018	2011	30894	343	0	0	0	0	48267	127.53	193.95	40.59	128.12	244.34	143.88	429.51	1.17	20.36	19.44
5/26/2025 9:36:51 AM	27.73	5.52	79.35	8.80	0.00	0.00	0.00	0.00	121.40	69.47	1.79	17.63	14697	5515	35709	264	0	0	0	0	56185	126.72	210.70	46.34	145.80	264.49	154.46	462.33	1.18	20.37	19.43
5/26/2025 9:36:54 AM	28.75	5.45	80.77	9.71	0.00	0.00	0.00	0.00	124.68	69.64	1.83	17.60	15238	5452	36344	291	0	0	0	0	57326	127.02	217.39	48.15	149.35	274.51	159.80	473.46	1.18	20.37	19.48
5/26/2025 9:36:57 AM	28.68	6.76	84.53	8.41	0.00	0.00	0.00	0.00	128.39	69.69	1.86	17.59	15201	6758	38041	252	0	0	0	0	60252	127.12	222.28	49.26	155.02	280.75	162.80	484.34	1.18	20.40	19.44
5/26/2025 9:37:00 AM	29.59	6.53	86.18	8.84	0.00	0.00	0.00	0.00	131.14	69.06	1.89	17.68	15681	6533	38781	265	0	0	0	0	61260	125.98	227.19	49.05	157.39	286.44	166.64	496.47	1.19	20.39	19.44
5/26/2025 9:37:02 AM	30.47	5.78	85.52	10.01	0.00	0.00	0.00	0.00	131.78	69.30	1.92	17.63	16147	5781	38486	300	0	0	0	0	60714	126.40	229.00	50.20	157.75	288.33	168.26	501.57	1.19	20.39	19.46
5/26/2025 9:37:05 AM	29.41	6.42	89.28	9.77	0.00	0.00	0.00	0.00	134.87	69.11	1.94	17.54	15586	6419	40177	293	0	0	0	0	62474	126.06	236.26	52.94	162.50	295.69	171.63	512.00	1.19	20.40	19.48
5/26/2025 9:37:08 AM	27.56	8.25	92.60	7.57	0.00	0.00	0.00	0.00	135.98	68.68	1.97	17.50	14609	8249	41669	227	0	0	0	0	64754	125.28	237.36	52.65	165.51	296.85	171.39	510.48	1.19	20.42	19.49
5/26/2025 9:37:10 AM	27.10	8.03	90.68	6.77	0.00	0.00	0.00	0.00	132.58	68.82	2.01	17.56	14363	8030	40805	203	0	0	0	0	63402	125.54	229.88	49.46	160.98	286.02	166.08	500.09	1.20	20.45	19.51
5/26/2025 9:37:14 AM	28.13	5.14	85.94	9.80	0.00	0.00	0.00	0.00	129.01	68.68	2.05	17.57	14911	5136	38672	294	0	0	0	0	59013	125.28	227.71	48.71	153.03	283.32	164.26	494.25	1.20	20.44	19.44
5/26/2025 9:37:16 AM	27.68	4.79	86.92	10.28	0.00	0.00	0.00	0.00	129.66	68.85	2.07	17.56	14669	4786	39113	308	0	0	0	0	58877	125.58	230.69	48.71	153.24	285.19	165.79	498.66	1.20	20.44	19.52
5/26/2025 9:37:19 AM	27.96	6.59	92.28	8.78	0.00	0.00	0.00	0.00	135.61	68.86	2.10	17.55	14818	6593	41525	263	0	0	0	0	63199	125.60	239.23	51.40	161.97	297.68	171.12	515.32	1.21	20.44	19.49
5/26/2025 9:37:22 AM	28.32	9.93	97.12	5.32	0.00	0.00	0.00	0.00	140.69	68.87	2.15	17.61	15011	9928	43704	160	0	0	0	0	68803	125.63	241.65	53.10	171.91	304.34	173.61	523.96	1.21	20.47	19.52
5/26/2025 9:37:24 AM	29.25	9.05	95.15	5.95	0.00	0.00	0.00	0.00	139.40	69.17	2.18	17.64	15500	9054	42818	179	0	0	0	0	67551	126.17	239.13	52.08	168.99	302.00	172.11	521.60	1.21	20.50	19.54
5/26/2025 9:37:27 AM	29.47	6.30	95.40	8.54	0.00	0.00	0.00	0.00	139.71	68.74	2.21	17.47	15619	6305	42929	256	0	0	0	0	65109	125.38	245.34	50.80	164.79	305.49	174.28	533.70	1.22	20.50	19.56
5/26/2025 9:37:30 AM	27.07	6.40	96.32	8.33	0.00	0.00	0.00	0.00	138.11	68.61	2.24	17.41	14346	6398	43342	250	0	0	0	0	64336	125.14	244.89	50.97	164.16	299.52	172.55	530.19	1.22	20.50	19.57
5/26/2025 9:37:33 AM	26.75	6.84	99.81	6.93	0.00	0.00	0.00	0.00	140.32	68.30	2.28	17.43	14178	6838	44914	208	0	0	0	0	66137	124.58	248.21	50.95	165.85	303.74	171.93	538.36	1.22	20.50	19.59
5/26/2025 9:37:35 AM	26.27	5.86	98.78	7.90	0.00	0.00	0.00	0.00	138.81	68.25	2.31	17.41	13924	5856	44453	237	0	0	0	0	64469	124.49	247.99	50.73	162.99	301.72	171.01	536.08	1.23	20.50	19.59
5/26/2025 9:37:38 AM	24.33	4.35	99.43	9.50	0.00	0.00	0.00	0.00	137.62	68.42	2.34	17.36	12897	4348	44745	285	0	0	0	0	62275	124.79	252.64	50.03	159.03	303.56	171.92	536.58	1.23	20.52	19.64
5/26/2025 9:37:41 AM	24.02	6.33	102.76	6.68	0.00	0.00	0.00	0.00	139.80	67.99	2.40	17.39	12731	6330	46244	201	0	0	0	0	65505	124.01	252.43	49.92	163.17	305.16	170.74	539.08	1.23	20.53	19.64
5/26/2025 9:37:44 AM	23.62	7.21	108.00	6.00	0.00	0.00	0.00	0.00	144.83	68.08	2.45	17.43	12517	7212	48601	180	0	0	0	0	68510	124.19	262.37	52.60	169.35	318.00	175.47	555.15	1.24	20.54	19.64
5/26/2025 9:37:47 AM	24.12	2.45	96.09	9.92	0.00	0.00	0.00	0.00	132.59	68.62	2.49	17.40	12786	2450	43239	298	0	0	0	0	58772	125.17	245.67	46.96	149.06	295.57	164.25	522.62	1.24	20.52	19.62
5/26/2025 9:37:49 AM	25.15	3.32	90.05	8.77	0.00	0.00	0.00	0.00	127.29	69.31	2.53	17.26	13329	3319	40523	263	0	0	0	0	57434	126.43	230.77	46.04	144.94	282.89	156.73	496.16	1.25	20.52	19.68
5/26/2025 9:37:52 AM	23.90	5.18	81.67	4.10	0.00	0.00	0.00	0.00	114.85	69.84	2.57	17.29	12665	5184	36752	123	0	0	0	0	54724	127.39	199.95	39.01	131.87	251.31	136.21	439.50	1.25	20.56	19.65
5/26/2025 9:37:55 AM	24.65	3.82	77.18	5.93	0.00	0.00	0.00	0.00	111.58	70.59	2.62	17.24	13066	3819	34733	178	0	0	0	0	51795	128.76	195.19	37.93	127.26	244.93	135.02	430.92	1.26	20.54	19.64
5/26/2025 9:37:57 AM	22.15	5.34	69.13	3.94	0.00	0.00	0.00	0.00	100.56	70.54	2.65	17.19	11740	5337	31109	118	0	0	0	0	48304	128.68	172.87	34.58	117.59	220.98	122.28	379.24	1.26	20.56	19.67
5/26/2025 9:38:00 AM	20.88	5.06	63.88	4.46	0.00	0.00	0.00	0.00	94.28	70.83	2.68	17.22	11068	5057	28747	134	0	0	0	0	45006	129.20	162.73	31.93	110.89	207.84	117.68	354.61	1.26	20.55	19.67
5/26/2025 9:38:03 AM	19.07	7.41	60.04	2.75	0.00	0.00	0.00	0.00	89.27	71.71	2.70	17.17	10108	7410	27016	82	0	0	0	0	44617	130.80	150.00	31.37	110.84	192.17	113.18	326.99	1.26	20.56	19.68
5/26/2025 9:38:05 AM	20.40	5.97	54.37	4.91	0.00	0.00	0.00	0.00	85.65	71.98	2.72	17.06	10812	5972	24467	147	0	0	0	0	41398	131.30	144.20	30.70	105.92	186.16	112.07	315.98	1.27	20.57	19.67
5/26/2025 9:38:09 AM	20.84	8.23	41.19	6.20	0.00	0.00	0.00	0.00	76.46	71.95	2.75	17.09	11044	8235	18535	186	0	0	0	0	37999	131.23	122.23	28.19	103.86	162.42	112.34	267.99	1.27	20.56	19.72
5/26/2025 9:38:11 AM	18.00	13.99	32.24	3.80	0.00	0.00	0.00	0.00	68.03	72.80	2.76	17.11	9540	13990	14508	114	0	0	0	0	38152	132.79	98.50	27.85	108.77	134.15	110.47	213.78	1.27	20.58	19.75
5/26/2025 9:38:14 AM	18.21	14.87	24.83	4.17	0.00	0.00	0.00	0.00	62.08	73.28	2.79	17.06	9653	14870	11174	125	0	0	0	0	35822	133.67	84.60	26.97	105.95	118.96	107.27	185.65	1.27	20.59	19.75
5/26/2025 9:38:17 AM	17.41	18.05	22.25	2.08	0.00	0.00	0.00	0.00	59.79	73.09	2.81	16.98	9227	18055	10013	62	0	0	0	0	37357	133.31	74.27	25.82	110.08	106.87	106.88	166.38	1.27	20.56	19.76
5/26/2025 9:38:19 AM	19.72	17.68	14.82	6.56	0.00	0.00	0.00	0.00	58.79	73.15	2.83	16.93	10452	17683	6670	197	0	0	0	0	35003	133.42	72.74	27.92	113.41	104.92	117.08	161.01	1.28	20.57	19.76
5/26/2025 9:38:22 AM	20.40	13.95	20.44	6.86	0.00	0.00	0.00	0.00	61.65	73.23	2.85	16.88	10811	13952	9200	206	0	0	0	0	34169	133.58	82.88	26.79	106.87	115.07	112.26	188.09	1.28	20.59	19.76
5/26/2025 9:38:25 AM	17.92	17.94	20.98	4.66	0.00	0.00	0.00	0.00	61.49	73.23	2.86	16.87	9498	17937	9441	140	0	0	0	0	37015	133.57	78.74	27.22	115.02	108.06	115.75	174.96	1.28	20.60	19.76
5/26/2025 9:38:28 AM	16.77	26.29	22.34	1.89	0.00	0.00	0.00	0.00	67.28	72.60	2.89	16.87	8888	26288	10051	57	0	0	0	0	45284	132.43	78.44	31.54	139.84	108.96	133.06	168.09	1.28	20.56	19.76
5/26/2025 9:38:30 AM	16.75	31.64	18.50	2.20	0.00	0.00	0.00	0.00	69.08	71.92	2.91	16.81	8876	31639	8323	66	0	0	0	0	48903	131.19	74.68	33.21	156.10	103.82	148.90	155.74	1.28	20.58	19.83
5/26/2025 9:38:33 AM	15.20	37.41	16.19	1.32	0.00	0.00	0.00	0.00	70.12	71.80	2.92	16.75	8057	37412	7285	40	0	0	0	0	52793	130.97	70.28	36.43	171.78	97.86	160.74	138.94	1.29	20.58	19.81
5/26/2025 9:38:36 AM	17.32	39.67	10.70	4.93	0.00	0.00	0.00	0.00	72.62	71.18	2.96	16.69	9178	39671	4816	148	0	0	0	0	53813	129.84	72.76	39.74	183.54	103.20	178.55	136.07	1.29	20.59	19.80
5/26/2025 9:38:39 AM	16.86	40.95	12.43	2.94	0.00	0.00	0.00	0.00	73.18	70.85	2.98	16.71	8935	40946	5595	88	0	0	0	0	55564	129.23	71.44	39.95	184.98	103.97	176.20	133.25	1.29	20.58	19.80
5/26/2025 9:38:41 AM	18.85	39.76	6.99	5.27	0.00	0.00	0.00	0.00	70.87	70.60	3.00	16.70	9992	39761	3143	158	0	0	0	0	53055	128.77	67.59	38.50	181.28	102.14	178.09	124.99	1.29	20.60	19.76
5/26/2025 9:38:44 AM	19.13	41.01	5.96	4.55	0.00	0.00	0.00	0.00	70.65	70.37	3.04	16.66	10138	41011	2680	137	0	0	0	0	53966	128.36	64.52	39.62	183.56	101.06	178.06	118.26	1.30	20.62	19.80
5/26/2025 9:38:47 AM	18.87	37.19	5.45	4.49	0.00	0.00	0.00	0.00	66.00	70.58	3.08	16.58	10003	37188	2455	135	0	0	0	0	49780	128.75	60.75	37.03	168.70	97.11	164.15	113.31	1.30	20.62	19.81
5/26/2025 9:38:50 AM	18.59	38.14	9.34	4.30	0.00	0.00	0.00	0.00	70.37	70.21	3.10	16.46	9854	38138	4204	129	0	0	0	0	52326	128.07	68.87	38.65	175.28	105.65	170.32	128.04	1.30	20.57	19.83
5/26/2025 9:38:53 AM	18.00	39.24	9.38	3.41	0.00	0.00	0.00	0.00	70.02	70.49	3.13	16.41	9538	39237	4219	102	0	0	0	0	53096	128.59	66.76	38.29	176.80	103.11	170.29	123.09	1.31	20.59	19.78
5/26/2025 9:38:55 AM	18.69	41.01	8.53	2.86	0.00	0.00	0.00	0.00	71.10	70.91	3.15	16.28	9905	41012	3840	86	0	0	0	0	54843	129.35	64.85	39.09	181.97	102.62	173.68	120.45	1.31	20.57	19.89
5/26/2025 9:38:58 AM	21.27	37.06	3.06	6.39	0.00	0.00	0.00	0.00	67.78	70.83	3.18	16.31	11271	37061	1377	192	0	0	0	0	49902	129.20	62.98	37.97	171.58	103.16	170.78	117.61	1.31	20.56	19.83
5/26/2025 9:39:00 AM	21.17	34.01	2.46	7.08	0.00	0.00	0.00	0.00	64.73	70.72	3.21	16.38	11222	34013	1107	212	0	0	0	0	46555	128.99	61.64	35.58	161.13	100.65	162.91	116.70	1.31	20.58	19.84
5/26/2025 9:39:04 AM	19.70	35.34	3.66	5.50	0.00	0.00	0.00	0.00	64.19	70.95	3.25	16.30	10438	35337	1647	165	0	0	0	0	47588	129.42	59.48	36.48	162.88	97.21	160.60	111.04	1.32	20.60	19.86
5/26/2025 9:39:06 AM	19.49	27.16	0.00	7.70	0.00	0.00	0.00	0.49	54.35	71.88	3.27	16.15	10329	27162	0	231	0	0	0	0	37722	131.11	53.49	30.43	133.02	95.04	139.75	104.09	1.32	20.60	19.89
5/26/2025 9:39:09 AM	18.69	29.25	1.35	4.81	0.00	0.00	0.00	0.94	54.11	71.41	3.30	15.99	9906	29253	609	144	0	0	0	0	39913	130.25	50.27	30.07	135.95	97.29	135.61	99.41	1.32	20.56	19.86
5/26/2025 9:39:12 AM	19.02	32.28	3.26	3.01	0.00	0.00	0.00	0.71	57.57	71.31	3.33	16.04	10081	32283	1466	90	0	0	0	0	43921	130.07	50.78	30.92	144.92	97.80	140.95	100.42	1.33	20.55	19.83
5/26/2025 9:39:14 AM	19.10	35.03	5.48	1.67	0.00	0.00	0.00	0.47	61.28	71.54	3.35	16.15	10123	35028	2466	50	0	0	0	0	47667	130.49	52.98	32.45	154.08	99.17	147.05	103.47	1.33	20.60	19.91
5/26/2025 9:39:18 AM	18.62	32.35	3.59	2.98	0.00	0.00	0.00	0.70	57.53	71.65	3.38	15.98	9866	32345	1615	89	0	0	0	0	43916	130.69	51.19	31.33	145.17	97.54	140.86	100.26	1.33	20.55	19.89
5/26/2025 9:39:20 AM	17.68	32.26	4.43	1.84	0.00	0.00	0.00	0.85	56.21	70.65	3.41	15.77	9370	32264	1994	55	0	0	0	0	43683	128.87	49.33	30.76	142.61	96.65	136.20	97.20	1.33	20.55	19.89
5/26/2025 9:39:23 AM	17.93	29.19	1.21	4.31	0.00	0.00	0.00	1.09	52.64	71.12	3.43	15.75	9502	29186	546	129	0	0	0	0	39363	129.72	48.31	29.79	134.04	96.00	132.61	95.48	1.34	20.56	19.94
5/26/2025 9:39:26 AM	17.58	31.63	5.22	0.93	0.00	0.00	0.00	0.87	55.36	71.45	3.46	15.82	9318	31634	2348	28	0	0	0	0	43327	130.33	47.87	29.58	138.98	95.83	131.39	96.48	1.34	20.55	19.89
5/26/2025 9:39:28 AM	17.34	26.83	2.97	2.51	0.00	0.00	0.00	1.08	49.66	71.73	3.48	15.86	9190	26834	1337	75	0	0	0	0	37437	130.84	44.83	26.43	122.61	92.52	119.42	93.02	1.34	20.57	19.93
5/26/2025 9:39:31 AM	16.90	24.77	2.56	2.37	0.00	0.00	0.00	1.36	46.60	71.13	3.50	15.85	8958	24768	1154	71	0	0	0	0	34951	129.75	42.45	24.63	114.15	92.19	111.41	90.77	1.34	20.55	19.91
5/26/2025 9:39:34 AM	15.97	24.30	3.36	1.32	0.00	0.00	0.00	1.50	44.95	71.64	3.51	15.89	8463	24302	1511	40	0	0	0	0	34316	130.67	40.51	23.41	110.19	90.99	106.01	87.73	1.34	20.57	19.89
5/26/2025 9:39:36 AM	16.48	22.75	1.91	2.35	0.00	0.00	0.00	1.59	43.48	71.31	3.55	15.91	8734	22750	858	70	0	0	0	0	32412	130.07	39.89	22.53	105.78	91.09	103.98	87.79	1.35	20.55	19.94
5/26/2025 9:39:39 AM	15.72	21.23	2.61	1.89	0.00	0.00	0.00	1.62	41.46	71.70	3.58	15.72	8334	21234	1175	57	0	0	0	0	30800	130.79	38.66	21.15	99.33	89.01	97.31	86.16	1.35	20.51	19.94
5/26/2025 9:39:42 AM	15.18	20.67	3.40	1.30	0.00	0.00	0.00	1.61	40.54	71.85	3.62	15.58	8043	20668	1530	39	0	0	0	0	30280	131.05	37.87	20.59	96.35	87.71	93.36	85.07	1.35	20.52	19.99
5/26/2025 9:39:45 AM	15.60	17.16	0.00	3.70	0.00	0.00	0.00	1.85	36.46	71.92	3.66	15.57	8267	17161	0	111	0	0	0	0	25539	131.18	35.98	19.32	85.99	86.55	88.12	82.85	1.36	20.52	19.99
5/26/2025 9:39:48 AM	15.31	20.22	2.10	2.12	0.00	0.00	0.00	1.75	39.75	71.69	3.71	15.62	8116	20216	945	64	0	0	0	0	29340	130.76	37.59	20.74	95.48	88.39	93.88	84.34	1.36	20.50	19.96
5/26/2025 9:39:50 AM	15.05	20.75	3.25	1.39	0.00	0.00	0.00	1.70	40.44	71.43	3.73	15.52	7979	20747	1462	42	0	0	0	0	30229	130.29	37.98	20.63	96.59	88.52	93.80	85.02	1.37	20.50	19.96
5/26/2025 9:39:53 AM	15.02	19.60	3.04	1.08	0.00	0.00	0.00	1.70	38.74	71.78	3.76	15.17	7958	19603	1369	32	0	0	0	0	28962	130.93	35.80	19.68	91.64	86.28	88.42	82.61	1.37	20.49	19.97
5/26/2025 9:39:56 AM	15.06	18.89	1.03	2.67	0.00	0.00	0.00	1.73	37.64	71.48	3.77	15.05	7980	18889	461	80	0	0	0	0	27411	130.38	35.85	19.55	90.50	85.08	90.46	80.83	1.37	20.51	19.99
5/26/2025 9:39:59 AM	15.08	24.52	4.48	0.00	0.00	0.00	0.00	1.53	44.08	71.59	3.80	15.01	7990	24523	2015	0	0	0	0	0	34527	130.58	38.72	22.95	108.80	89.12	101.67	84.51	1.37	20.47	19.96
5/26/2025 9:40:01 AM	14.68	21.57	3.67	0.78	0.00	0.00	0.00	1.65	40.71	71.73	3.82	14.96	7782	21574	1653	23	0	0	0	0	31032	130.84	37.31	21.14	98.49	87.28	94.09	83.06	1.37	20.48	19.97
5/26/2025 9:40:04 AM	14.01	19.92	3.92	0.36	0.00	0.00	0.00	1.73	38.21	71.44	3.84	14.76	7424	19915	1765	11	0	0	0	0	29115	130.31	35.27	19.42	91.22	84.94	86.80	80.33	1.38	20.47	20.01
5/26/2025 9:40:06 AM	14.25	19.29	2.37	1.37	0.00	0.00	0.00	1.78	37.28	71.50	3.85	14.55	7553	19286	1065	41	0	0	0	0	27945	130.41	34.76	19.22	89.82	84.26	87.38	78.96	1.38	20.45	19.97
5/26/2025 9:40:09 AM	13.80	19.71	3.82	0.05	0.00	0.00	0.00	1.73	37.38	70.61	3.87	14.51	7316	19708	1720	1	0	0	0	0	28745	128.80	33.89	18.58	89.41	83.24	84.83	78.00	1.38	20.46	19.99
5/26/2025 9:40:12 AM	12.77	17.18	2.13	1.27	0.00	0.00	0.00	1.77	33.35	71.43	3.89	14.45	6768	17185	959	38	0	0	0	0	24949	130.29	31.66	17.28	80.48	78.06	78.57	72.14	1.38	20.44	19.99
5/26/2025 9:40:15 AM	12.92	16.54	1.44	1.80	0.00	0.00	0.00	1.76	32.70	71.30	3.92	14.50	6850	16542	647	54	0	0	0	0	24092	130.06	31.39	16.89	78.70	77.32	78.00	71.67	1.38	20.43	19.96
5/26/2025 9:40:17 AM	12.75	18.69	3.07	0.29	0.00	0.00	0.00	1.76	34.80	71.40	3.96	14.49	6758	18692	1381	9	0	0	0	0	26838	130.23	31.76	17.84	84.72	79.09	80.71	72.41	1.39	20.40	19.96
5/26/2025 9:40:20 AM	12.87	17.84	2.77	0.38	0.00	0.00	0.00	1.77	33.86	71.03	3.98	14.21	6820	17840	1248	11	0	0	0	0	25920	129.56	30.93	16.99	81.58	78.29	78.17	71.82	1.39	20.40	19.99
5/26/2025 9:40:23 AM	12.67	18.12	3.12	0.00	0.00	0.00	0.00	1.71	33.91	71.23	4.00	13.97	6716	18122	1403	0	0	0	0	0	26242	129.93	30.51	16.87	82.19	77.12	77.48	70.72	1.39	20.42	20.04
5/26/2025 9:40:26 AM	12.24	15.32	1.24	1.65	0.00	0.00	0.00	1.75	30.45	71.16	4.03	14.11	6487	15321	557	50	0	0	0	0	22414	129.80	29.29	15.51	73.11	73.63	72.72	67.63	1.39	20.38	20.02
5/26/2025 9:40:29 AM	11.92	14.20	0.93	2.12	0.00	0.00	0.00	1.74	29.18	70.98	4.05	14.42	6320	14204	419	64	0	0	0	0	21007	129.48	29.07	15.20	69.60	72.31	70.14	66.87	1.40	20.36	19.97
5/26/2025 9:40:31 AM	11.01	14.86	2.53	0.54	0.00	0.00	0.00	1.61	28.93	71.03	4.08	14.64	5834	14856	1139	16	0	0	0	0	21845	129.57	27.48	14.22	69.10	68.97	67.20	63.45	1.40	20.35	20.01
5/26/2025 9:40:34 AM	10.87	15.58	2.82	0.31	0.00	0.00	0.00	1.67	29.58	70.77	4.12	14.63	5761	15585	1267	9	0	0	0	0	22622	129.09	27.94	14.93	71.53	70.22	68.80	63.85	1.40	20.35	19.99
5/26/2025 9:40:37 AM	11.15	16.12	3.27	0.00	0.00	0.00	0.00	1.60	30.54	70.84	4.14	14.65	5909	16123	1470	0	0	0	0	0	23502	129.22	28.38	15.12	73.62	70.69	69.85	65.01	1.41	20.36	20.01
5/26/2025 9:40:40 AM	10.69	15.37	3.18	0.00	0.00	0.00	0.00	1.61	29.23	70.59	4.18	14.64	5664	15369	1430	0	0	0	0	0	22464	128.76	27.47	14.55	70.83	68.88	66.42	62.99	1.41	20.31	20.01
5/26/2025 9:40:42 AM	10.77	13.71	2.14	0.82	0.00	0.00	0.00	1.58	27.44	70.71	4.21	14.62	5706	13708	962	25	0	0	0	0	20401	128.98	26.47	13.73	65.05	66.69	63.73	61.64	1.41	20.33	20.01
5/26/2025 9:40:45 AM	10.24	13.00	2.22	0.70	0.00	0.00	0.00	1.51	26.16	70.01	4.23	14.51	5428	12998	999	21	0	0	0	0	19446	127.69	25.38	12.95	61.79	63.85	60.57	59.12	1.41	20.31	20.02
5/26/2025 9:40:48 AM	9.56	13.10	2.47	0.55	0.00	0.00	0.00	1.53	25.69	69.33	4.25	14.10	5069	13103	1113	16	0	0	0	0	19301	126.46	25.19	13.08	61.58	62.93	59.94	57.51	1.42	20.30	20.05
5/26/2025 9:40:51 AM	9.76	14.21	2.92	0.00	0.00	0.00	0.00	1.51	26.89	69.37	4.27	13.94	5173	14212	1313	0	0	0	0	0	20697	126.53	25.42	13.42	65.90	63.69	61.13	57.89	1.42	20.29	20.02
5/26/2025 9:40:53 AM	9.52	13.88	2.73	0.31	0.00	0.00	0.00	1.60	26.45	69.78	4.31	14.12	5047	13884	1228	9	0	0	0	0	20168	127.29	25.71	13.34	64.07	64.41	62.01	58.14	1.42	20.28	20.02
5/26/2025 9:40:56 AM	9.50	13.62	2.98	0.14	0.00	0.00	0.00	1.59	26.25	69.76	4.32	13.93	5033	13624	1343	4	0	0	0	0	20004	127.24	25.53	13.09	62.98	64.21	60.70	58.28	1.42	20.25	19.96
5/26/2025 9:40:59 AM	9.78	12.20	2.24	0.88	0.00	0.00	0.00	1.54	25.09	69.66	4.36	13.88	5182	12200	1006	26	0	0	0	0	18415	127.06	25.19	12.55	58.92	63.03	58.21	58.36	1.43	20.25	20.01
5/26/2025 9:41:01 AM	9.83	11.99	1.88	1.20	0.00	0.00	0.00	1.55	24.89	69.45	4.38	13.73	5207	11988	846	36	0	0	0	0	18077	126.68	25.27	12.60	58.56	62.88	58.41	58.28	1.43	20.23	20.04
5/26/2025 9:41:04 AM	9.38	11.87	2.16	0.87	0.00	0.00	0.00	1.56	24.28	68.45	4.41	13.62	4973	11870	970	26	0	0	0	0	17840	124.87	24.60	12.24	57.33	61.86	56.72	56.77	1.43	20.25	20.09
5/26/2025 9:41:07 AM	8.68	12.22	2.99	0.00	0.00	0.00	0.00	1.51	23.89	68.33	4.45	13.30	4601	12219	1345	0	0	0	0	0	18165	124.64	23.57	11.74	57.14	59.71	54.49	54.16	1.44	20.20	20.02
5/26/2025 9:41:10 AM	8.62	12.01	3.00	0.00	0.00	0.00	0.00	1.48	23.63	68.41	4.49	13.13	4567	12010	1351	0	0	0	0	0	17929	124.79	23.36	11.56	56.32	59.03	53.75	53.75	1.44	20.19	19.99
5/26/2025 9:41:13 AM	8.10	11.51	3.08	0.07	0.00	0.00	0.00	1.44	22.76	68.20	4.52	13.13	4292	11509	1387	2	0	0	0	0	17189	124.40	22.97	11.26	53.99	57.11	52.28	52.19	1.44	20.18	20.01
5/26/2025 9:41:15 AM	7.81	10.62	3.01	0.00	0.00	0.00	0.00	1.35	21.43	67.81	4.55	13.30	4138	10616	1353	0	0	0	0	0	16107	123.69	21.68	10.17	50.22	54.19	48.76	49.86	1.45	20.18	19.99
5/26/2025 9:41:18 AM	8.13	10.62	2.75	0.13	0.00	0.00	0.00	1.34	21.63	67.67	4.58	13.49	4310	10616	1238	4	0	0	0	0	16167	123.44	21.65	10.54	50.56	54.49	49.16	50.32	1.45	20.17	20.04
5/26/2025 9:41:21 AM	7.56	9.65	2.63	0.17	0.00	0.00	0.00	1.30	20.02	67.51	4.67	13.45	4008	9653	1185	5	0	0	0	0	14851	123.15	20.47	9.61	46.50	51.57	45.61	47.60	1.46	20.14	19.97
5/26/2025 9:41:23 AM	6.95	9.29	2.75	0.24	0.00	0.00	0.00	1.34	19.23	67.31	4.73	12.93	3683	9290	1238	7	0	0	0	0	14219	122.77	20.41	9.47	44.97	50.85	44.24	46.50	1.46	20.10	20.01
5/26/2025 9:41:26 AM	7.02	9.61	2.82	0.00	0.00	0.00	0.00	1.32	19.46	67.30	4.82	12.85	3723	9614	1268	0	0	0	0	0	14605	122.75	20.09	9.46	46.09	50.54	44.16	46.00	1.47	20.09	19.97
5/26/2025 9:41:29 AM	6.85	9.44	2.66	0.00	0.00	0.00	0.00	1.30	18.95	67.30	4.87	12.39	3629	9443	1198	0	0	0	0	0	14269	122.77	19.51	9.22	45.24	49.33	43.20	44.62	1.48	20.09	20.05
5/26/2025 9:41:31 AM	6.48	8.68	2.59	0.02	0.00	0.00	0.00	1.29	17.76	67.13	4.89	12.46	3436	8678	1164	1	0	0	0	0	13278	122.44	18.59	8.76	41.73	47.50	40.75	42.91	1.48	20.10	20.01
5/26/2025 9:41:34 AM	6.62	9.17	2.35	0.00	0.00	0.00	0.00	1.26	18.14	67.47	4.94	12.50	3509	9167	1057	0	0	0	0	0	13733	123.08	18.42	8.76	43.56	47.18	41.97	42.25	1.48	20.04	20.01
5/26/2025 9:41:37 AM	6.41	8.62	2.38	0.00	0.00	0.00	0.00	1.24	17.42	67.09	4.98	12.57	3400	8621	1071	0	0	0	0	0	13091	122.39	17.99	8.49	41.70	46.16	39.70	41.47	1.49	20.02	19.99
5/26/2025 9:41:40 AM	5.98	7.71	1.96	0.11	0.00	0.00	0.00	1.23	15.75	67.73	5.05	12.76	3167	7706	880	3	0	0	0	0	11757	123.54	16.44	7.79	37.34	43.36	36.81	38.42	1.49	20.03	19.99
5/26/2025 9:41:42 AM	5.86	7.76	1.92	0.00	0.00	0.00	0.00	1.23	15.55	67.89	5.10	12.57	3107	7764	864	0	0	0	0	0	11735	123.83	16.06	7.66	37.54	42.79	36.09	37.49	1.50	19.99	20.01
5/26/2025 9:41:45 AM	5.65	7.43	1.75	0.00	0.00	0.00	0.00	1.19	14.83	67.85	5.18	12.33	2996	7430	787	0	0	0	0	0	11213	123.76	15.22	7.33	35.61	41.04	35.01	35.77	1.51	20.00	20.01
5/26/2025 9:41:48 AM	5.18	7.03	1.40	0.07	0.00	0.00	0.00	1.19	13.69	68.15	5.21	11.94	2747	7029	631	2	0	0	0	0	10410	124.31	14.16	6.94	33.60	38.92	33.22	33.01	1.51	19.94	19.97
5/26/2025 9:41:51 AM	5.10	7.03	1.43	0.00	0.00	0.00	0.00	1.18	13.56	67.99	5.26	12.03	2705	7030	643	0	0	0	0	0	10378	124.02	13.92	6.87	33.42	38.41	32.88	32.47	1.52	19.94	19.99
5/26/2025 9:41:54 AM	5.49	7.02	1.22	0.23	0.00	0.00	0.00	1.15	13.96	67.89	5.29	12.24	2912	7020	548	7	0	0	0	0	10487	123.83	14.32	7.07	33.99	39.06	33.84	33.65	1.52	19.93	19.97
5/26/2025 9:41:56 AM	5.15	7.18	1.50	0.00	0.00	0.00	0.00	1.19	13.83	67.99	5.33	12.43	2730	7181	675	0	0	0	0	0	10586	124.03	14.27	6.95	34.36	39.00	33.21	33.03	1.52	19.90	20.01
5/26/2025 9:41:59 AM	5.12	6.94	1.44	0.00	0.00	0.00	0.00	1.20	13.50	68.03	5.39	12.58	2716	6935	648	0	0	0	0	0	10299	124.09	13.95	6.83	33.10	38.76	32.62	32.74	1.53	19.90	19.96
5/26/2025 9:42:02 AM	5.34	6.80	1.19	0.00	0.00	0.00	0.00	1.15	13.32	68.18	5.43	12.58	2828	6796	536	0	0	0	0	0	10160	124.37	13.36	6.56	32.86	37.78	31.69	32.01	1.53	19.87	19.99
5/26/2025 9:42:05 AM	5.75	7.33	1.07	0.00	0.00	0.00	0.00	1.12	14.15	67.88	5.48	12.59	3047	7326	484	0	0	0	0	0	10856	123.83	13.66	6.99	35.25	38.51	33.38	32.83	1.54	19.85	19.97
5/26/2025 9:42:07 AM	5.43	6.89	1.14	0.00	0.00	0.00	0.00	1.16	13.46	67.80	5.51	12.66	2879	6891	513	0	0	0	0	0	10283	123.67	13.38	6.49	33.02	38.12	32.30	32.24	1.54	19.84	19.94
5/26/2025 9:42:10 AM	5.07	6.16	0.61	0.54	0.00	0.00	0.00	1.20	12.39	68.01	5.56	12.86	2687	6165	275	16	0	0	0	0	9144	124.05	13.23	6.43	30.63	37.23	31.31	31.12	1.55	19.79	19.94
5/26/2025 9:42:13 AM	4.97	6.91	1.17	0.00	0.00	0.00	0.00	1.16	13.05	67.94	5.60	12.91	2632	6910	527	0	0	0	0	0	10069	123.93	13.19	6.54	32.64	37.10	32.10	30.83	1.55	19.79	19.97
5/26/2025 9:42:16 AM	5.16	6.74	1.15	0.00	0.00	0.00	0.00	1.12	13.05	67.78	5.64	12.60	2736	6740	516	0	0	0	0	0	9991	123.64	13.05	6.56	32.33	36.85	31.42	31.07	1.55	19.75	19.94
5/26/2025 9:42:18 AM	5.10	6.89	1.07	0.00	0.00	0.00	0.00	1.14	13.06	67.97	5.70	11.94	2703	6894	482	0	0	0	0	0	10078	123.97	13.01	6.56	32.69	36.97	31.93	30.77	1.56	19.75	19.97
5/26/2025 9:42:21 AM	4.87	6.44	0.94	0.00	0.00	0.00	0.00	1.09	12.25	68.15	5.74	11.69	2579	6435	425	0	0	0	0	0	9440	124.32	12.19	6.21	30.86	34.99	29.87	29.01	1.56	19.74	19.97
5/26/2025 9:42:24 AM	4.85	6.75	0.88	0.00	0.00	0.00	0.00	1.13	12.48	67.67	5.80	11.56	2570	6751	395	0	0	0	0	0	9716	123.44	12.32	6.43	31.88	35.52	30.92	29.00	1.57	19.73	19.96
5/26/2025 9:42:26 AM	4.73	6.46	0.77	0.02	0.00	0.00	0.00	1.14	11.97	67.89	5.89	11.46	2506	6457	347	0	0	0	0	0	9311	123.84	11.89	6.10	30.38	34.99	30.12	28.29	1.58	19.70	19.97
5/26/2025 9:42:29 AM	4.66	6.81	0.70	0.00	0.00	0.00	0.00	1.16	12.16	67.84	5.95	11.45	2470	6807	315	0	0	0	0	0	9591	123.75	11.97	6.26	31.94	35.17	30.64	27.92	1.58	19.68	19.93
5/26/2025 9:42:32 AM	4.26	6.81	0.62	0.00	0.00	0.00	0.00	1.17	11.68	67.54	6.03	11.41	2256	6806	278	0	0	0	0	0	9340	123.20	11.55	6.12	31.12	34.07	30.69	26.31	1.59	19.65	19.94
5/26/2025 9:42:35 AM	4.64	6.97	0.58	0.00	0.00	0.00	0.00	1.15	12.20	67.50	6.09	11.38	2459	6972	263	0	0	0	0	0	9694	123.12	11.76	6.38	31.99	34.80	31.50	27.37	1.60	19.63	19.93
5/26/2025 9:42:37 AM	4.64	7.13	0.48	0.00	0.00	0.00	0.00	1.15	12.24	67.10	6.13	11.48	2458	7130	214	0	0	0	0	0	9802	122.40	11.67	6.44	32.79	34.70	31.56	26.98	1.60	19.59	19.93
5/26/2025 9:42:40 AM	4.78	7.25	0.51	0.00	0.00	0.00	0.00	1.12	12.55	67.20	6.19	11.54	2535	7254	232	0	0	0	0	0	10021	122.57	11.91	6.42	33.76	34.87	31.73	27.44	1.61	19.58	19.93
5/26/2025 9:42:43 AM	4.26	7.19	0.40	0.00	0.00	0.00	0.00	1.16	11.86	67.42	6.23	11.60	2259	7193	180	0	0	0	0	0	9633	122.98	11.39	6.18	32.71	33.75	31.37	25.49	1.61	19.56	19.89
5/26/2025 9:42:46 AM	3.91	7.32	0.33	0.00	0.00	0.00	0.00	1.21	11.55	67.34	6.20	11.15	2071	7316	147	0	0	0	0	0	9535	122.84	11.23	6.32	32.85	33.58	31.39	24.44	1.61	19.53	19.88
5/26/2025 9:42:48 AM	4.19	7.67	0.28	0.00	0.00	0.00	0.00	1.19	12.14	67.18	6.24	11.13	2219	7672	125	0	0	0	0	0	10016	122.55	11.47	6.64	34.45	34.06	32.58	25.06	1.61	19.50	19.89
5/26/2025 9:42:51 AM	4.01	7.30	0.44	0.00	0.00	0.00	0.00	1.19	11.75	67.15	6.31	11.23	2127	7299	196	0	0	0	0	0	9622	122.49	11.44	6.36	32.84	33.72	31.64	25.03	1.62	19.49	19.88
5/26/2025 9:42:53 AM	4.11	7.86	0.27	0.00	0.00	0.00	0.00	1.23	12.23	66.85	6.37	11.20	2177	7857	120	0	0	0	0	0	10154	121.94	11.60	6.68	34.80	34.58	33.45	25.11	1.62	19.48	19.89
5/26/2025 9:42:56 AM	4.16	7.84	0.35	0.00	0.00	0.00	0.00	1.24	12.35	66.64	6.41	11.27	2203	7844	157	0	0	0	0	0	10203	121.57	11.80	6.62	34.58	35.04	33.87	25.68	1.63	19.44	19.84
5/26/2025 9:42:59 AM	4.43	7.61	0.26	0.00	0.00	0.00	0.00	1.24	12.30	66.99	6.47	11.36	2349	7606	118	0	0	0	0	0	10073	122.20	11.61	6.45	33.92	35.29	33.16	26.18	1.63	19.43	19.84
5/26/2025 9:43:02 AM	4.48	7.67	0.33	0.00	0.00	0.00	0.00	1.20	12.48	66.87	6.51	11.48	2375	7672	147	0	0	0	0	0	10194	121.98	11.77	6.37	34.41	35.05	33.30	26.33	1.64	19.41	19.83
