Date/Time	Green Algae	Bluegreen	Diatoms	Cryptophyta	#5	#6	#7	Yellow substances	Total conc.	Transmission	Depth	Temp. Sample	Green Algae	Bluegreen	Diatoms	Cryptophyta	#5	#6	#7	Yellow substances	Total cell count	Trans. 700 nm	LED 3 [525 nm]	LED 4 [570 nm]	LED 5 [610 nm]	LED 6 [370 nm]	LED 7 [590 nm]	LED 8 [470 nm]	Pressure	Temp. LEDs	Temp. Sensor
date	µg/l	µg/l	µg/l	µg/l	µg/l	µg/l	µg/l	r.u.	µg/l	%	m	°C	cells/ml	cells/ml	cells/ml	cells/ml	cells/ml	cells/ml	cells/ml	r.u.	cells/ml	digits	digits	digits	digits	digits	digits	digits	bar	°C	°C
5/26/2025 1:00:09 PM	28.71	3.45	0.21	2.59	0.00	0.00	0.00	0.00	34.95	73.91	0.11	19.07	15215	3452	92	78	0	0	0	0	18836	134.82	25.03	8.60	46.34	69.16	47.78	112.37	1.01	18.11	20.18
5/26/2025 1:00:12 PM	27.44	3.57	2.04	1.78	0.00	0.00	0.00	0.00	34.82	74.28	0.20	18.97	14542	3566	918	53	0	0	0	0	19079	135.49	26.29	9.56	45.61	70.67	45.27	111.20	1.02	18.11	20.23
5/26/2025 1:00:15 PM	26.71	3.89	2.08	1.90	0.00	0.00	0.00	0.00	34.58	75.15	0.28	18.99	14154	3893	938	57	0	0	0	0	19042	137.07	26.53	9.20	46.35	69.30	46.63	109.74	1.03	18.15	20.10
5/26/2025 1:00:18 PM	25.41	4.86	3.77	0.58	0.00	0.00	0.00	0.00	34.62	75.10	0.29	19.00	13468	4861	1699	17	0	0	0	0	20045	136.98	26.16	8.64	47.39	67.86	45.66	107.54	1.03	18.14	20.18
5/26/2025 1:00:21 PM	25.51	4.47	2.75	1.79	0.00	0.00	0.00	0.00	34.52	74.92	0.34	19.02	13522	4467	1238	54	0	0	0	0	19280	136.66	27.33	9.17	47.73	68.10	48.05	108.38	1.03	18.16	20.25
5/26/2025 1:00:23 PM	25.81	4.43	2.51	1.50	0.00	0.00	0.00	0.00	34.24	74.70	0.36	19.03	13678	4426	1129	45	0	0	0	0	19278	136.25	26.12	10.09	47.30	67.95	46.11	106.92	1.03	18.15	20.18
5/26/2025 1:00:26 PM	26.35	3.87	1.52	2.06	0.00	0.00	0.00	0.00	33.80	75.84	0.36	19.04	13964	3871	683	62	0	0	0	0	18579	138.33	25.48	9.41	45.97	67.11	46.13	107.12	1.04	18.17	20.17
5/26/2025 1:00:29 PM	25.31	4.10	1.99	2.26	0.00	0.00	0.00	0.00	33.66	76.89	0.35	18.95	13414	4104	896	68	0	0	0	0	18481	140.25	26.90	10.29	46.71	67.61	47.08	105.65	1.03	18.16	20.20
5/26/2025 1:00:32 PM	25.91	3.27	0.19	3.06	0.00	0.00	0.00	0.00	32.44	76.38	0.44	18.89	13734	3266	87	92	0	0	0	0	17180	139.31	25.03	9.53	44.29	65.06	46.24	103.85	1.04	18.18	20.09
5/26/2025 1:00:34 PM	25.05	4.17	2.42	1.85	0.00	0.00	0.00	0.00	33.48	75.62	0.45	18.97	13274	4167	1088	55	0	0	0	0	18584	137.92	26.38	9.21	46.12	66.37	46.38	105.45	1.04	18.21	20.12
5/26/2025 1:00:37 PM	25.66	3.39	0.97	2.77	0.00	0.00	0.00	0.00	32.80	76.42	0.48	18.92	13600	3391	437	83	0	0	0	0	17512	139.38	25.97	9.96	44.55	66.69	45.94	104.44	1.05	18.23	20.12
5/26/2025 1:00:39 PM	24.32	4.39	2.53	1.42	0.00	0.00	0.00	0.00	32.65	75.48	0.51	18.79	12888	4388	1137	43	0	0	0	0	18456	137.68	25.28	8.68	45.22	64.79	45.15	101.39	1.05	18.21	20.17
5/26/2025 1:00:42 PM	24.28	3.76	1.60	2.36	0.00	0.00	0.00	0.00	32.00	75.94	0.54	18.86	12868	3757	719	71	0	0	0	0	17415	138.51	25.73	10.34	44.39	65.03	44.87	100.41	1.05	18.24	20.13
5/26/2025 1:00:45 PM	24.63	3.52	1.26	2.79	0.00	0.00	0.00	0.00	32.21	75.84	0.59	19.03	13056	3521	569	84	0	0	0	0	17230	138.34	26.10	10.15	44.59	64.84	45.85	102.56	1.06	18.26	20.20
5/26/2025 1:00:48 PM	24.85	3.86	1.51	2.24	0.00	0.00	0.00	0.00	32.46	75.42	0.60	19.04	13173	3858	678	67	0	0	0	0	17777	137.56	25.36	9.74	44.93	64.95	45.41	102.18	1.06	18.28	20.09
5/26/2025 1:00:51 PM	23.60	4.09	2.78	1.69	0.00	0.00	0.00	0.00	32.15	75.81	0.63	19.08	12508	4088	1249	51	0	0	0	0	17896	138.29	26.05	9.66	44.55	64.59	44.33	100.65	1.06	18.28	20.13
5/26/2025 1:00:53 PM	23.59	4.45	2.79	1.46	0.00	0.00	0.00	0.00	32.30	75.56	0.65	19.08	12505	4447	1257	44	0	0	0	0	18253	137.81	25.69	9.04	45.15	64.32	45.05	99.95	1.06	18.27	20.18
5/26/2025 1:00:56 PM	25.00	3.44	0.31	3.14	0.00	0.00	0.00	0.00	31.89	76.08	0.68	19.05	13250	3442	138	94	0	0	0	0	16925	138.76	25.25	10.57	44.53	64.40	46.01	101.01	1.07	18.29	20.20
5/26/2025 1:00:59 PM	24.14	4.13	1.92	2.00	0.00	0.00	0.00	0.00	32.18	75.49	0.72	19.06	12793	4135	862	60	0	0	0	0	17850	137.70	25.51	10.20	45.09	64.92	45.02	99.89	1.07	18.31	20.20
5/26/2025 1:01:02 PM	23.61	4.35	2.85	1.63	0.00	0.00	0.00	0.00	32.44	76.18	0.76	19.07	12514	4348	1283	49	0	0	0	0	18194	138.96	26.05	10.25	45.75	64.31	44.80	101.24	1.07	18.34	20.12
5/26/2025 1:01:04 PM	24.93	4.12	1.73	1.89	0.00	0.00	0.00	0.00	32.66	75.82	0.79	19.07	13213	4117	777	57	0	0	0	0	18163	138.30	25.11	9.53	45.23	65.42	45.31	101.77	1.08	18.36	20.12
5/26/2025 1:01:07 PM	25.42	3.62	0.45	2.80	0.00	0.00	0.00	0.00	32.29	75.69	0.83	19.10	13471	3619	202	84	0	0	0	0	17376	138.05	25.12	9.43	44.42	65.63	46.39	101.31	1.08	18.36	20.17
5/26/2025 1:01:10 PM	24.50	4.15	1.92	1.81	0.00	0.00	0.00	0.00	32.38	76.01	0.84	19.17	12982	4152	863	54	0	0	0	0	18052	138.65	25.07	8.64	44.77	64.47	45.43	100.97	1.08	18.39	20.26
5/26/2025 1:01:13 PM	25.11	3.99	1.21	2.30	0.00	0.00	0.00	0.00	32.61	75.88	0.87	19.03	13310	3989	543	69	0	0	0	0	17911	138.41	25.19	10.06	45.47	65.41	45.86	101.85	1.09	18.41	20.15
5/26/2025 1:01:15 PM	24.69	4.00	1.76	2.12	0.00	0.00	0.00	0.00	32.57	75.45	0.89	19.03	13086	4002	792	64	0	0	0	0	17943	137.62	25.56	9.46	45.18	64.96	45.73	102.26	1.09	18.42	20.21
5/26/2025 1:01:18 PM	23.83	4.16	2.86	1.78	0.00	0.00	0.00	0.00	32.63	76.13	0.91	18.90	12631	4160	1286	53	0	0	0	0	18130	138.86	26.49	8.97	45.23	64.59	45.64	102.82	1.09	18.45	20.28
5/26/2025 1:01:21 PM	24.78	4.32	1.77	2.06	0.00	0.00	0.00	0.00	32.93	75.72	0.91	18.79	13134	4316	795	62	0	0	0	0	18307	138.11	25.60	9.76	46.38	65.08	46.56	102.61	1.09	18.44	20.23
5/26/2025 1:01:23 PM	24.48	4.52	2.20	1.71	0.00	0.00	0.00	0.00	32.91	75.78	0.93	18.82	12977	4521	991	51	0	0	0	0	18540	138.23	25.62	10.01	46.44	65.52	45.93	101.56	1.09	18.49	20.17
5/26/2025 1:01:26 PM	25.04	3.78	0.53	3.01	0.00	0.00	0.00	0.00	32.35	76.44	0.95	18.87	13272	3777	238	90	0	0	0	0	17377	139.42	25.53	10.88	45.81	64.75	46.82	101.81	1.09	18.52	20.20
5/26/2025 1:01:29 PM	24.68	4.34	2.10	1.94	0.00	0.00	0.00	0.00	33.06	75.82	0.97	18.94	13078	4341	946	58	0	0	0	0	18423	138.29	25.92	10.97	46.78	65.71	45.77	102.93	1.09	18.51	20.29
5/26/2025 1:01:32 PM	25.12	4.44	1.61	1.83	0.00	0.00	0.00	0.00	33.01	76.22	0.99	18.97	13313	4444	725	55	0	0	0	0	18537	139.02	25.08	8.92	46.06	65.77	46.63	101.73	1.10	18.52	20.28
5/26/2025 1:01:34 PM	25.10	4.03	1.35	2.22	0.00	0.00	0.00	0.00	32.70	75.97	1.00	18.95	13304	4028	606	67	0	0	0	0	18005	138.57	25.35	9.59	45.35	65.75	46.09	101.96	1.10	18.54	20.28
5/26/2025 1:01:37 PM	25.17	4.41	1.73	1.83	0.00	0.00	0.00	0.00	33.14	76.02	1.02	18.94	13340	4407	777	55	0	0	0	0	18579	138.66	25.25	8.99	46.19	65.78	46.63	102.62	1.10	18.59	20.23
5/26/2025 1:01:40 PM	24.43	4.62	2.45	1.54	0.00	0.00	0.00	0.00	33.05	76.04	1.02	19.01	12949	4622	1103	46	0	0	0	0	18721	138.70	25.79	9.61	46.44	65.94	46.06	101.61	1.10	18.58	20.21
5/26/2025 1:01:43 PM	24.15	4.24	2.38	2.07	0.00	0.00	0.00	0.00	32.85	76.19	1.04	18.99	12801	4237	1073	62	0	0	0	0	18172	138.97	26.57	10.42	46.33	65.28	46.14	102.92	1.10	18.63	20.26
5/26/2025 1:01:45 PM	25.51	4.18	1.38	2.14	0.00	0.00	0.00	0.00	33.21	76.12	1.07	19.00	13522	4176	621	64	0	0	0	0	18382	138.83	25.46	10.11	46.29	66.58	46.41	103.30	1.10	18.63	20.26
5/26/2025 1:01:48 PM	25.17	3.85	1.01	2.63	0.00	0.00	0.00	0.00	32.65	76.47	1.09	18.97	13342	3850	452	79	0	0	0	0	17722	139.47	25.58	10.37	45.67	65.42	46.39	102.68	1.11	18.62	20.26
5/26/2025 1:01:50 PM	26.02	3.81	0.51	2.68	0.00	0.00	0.00	0.00	33.02	75.46	1.11	18.94	13793	3807	231	80	0	0	0	0	17911	137.64	25.09	10.43	45.93	66.22	46.57	103.75	1.11	18.66	20.25
5/26/2025 1:01:53 PM	25.40	4.63	1.56	1.88	0.00	0.00	0.00	0.00	33.48	75.51	1.13	18.89	13463	4630	703	57	0	0	0	0	18853	137.74	25.34	10.48	47.50	66.66	46.89	102.69	1.11	18.68	20.29
5/26/2025 1:01:56 PM	24.96	4.41	2.35	1.65	0.00	0.00	0.00	0.00	33.37	75.50	1.15	18.83	13228	4412	1057	49	0	0	0	0	18747	137.72	25.87	10.00	46.54	66.45	45.84	103.67	1.11	18.69	20.28
5/26/2025 1:01:59 PM	25.71	4.03	1.21	2.44	0.00	0.00	0.00	0.00	33.39	75.51	1.16	18.83	13626	4028	543	73	0	0	0	0	18271	137.74	25.78	10.32	46.65	66.35	46.99	104.98	1.11	18.70	20.34
5/26/2025 1:02:02 PM	25.37	4.27	1.87	2.05	0.00	0.00	0.00	0.00	33.56	75.97	1.18	18.72	13443	4267	842	62	0	0	0	0	18614	138.58	26.17	9.03	46.48	66.73	47.38	104.85	1.12	18.73	20.29
5/26/2025 1:02:04 PM	25.99	3.94	1.03	2.62	0.00	0.00	0.00	0.00	33.58	75.60	1.20	18.65	13775	3943	464	79	0	0	0	0	18259	137.89	26.14	10.03	46.55	67.34	47.64	105.56	1.12	18.72	20.38
5/26/2025 1:02:07 PM	25.52	4.88	2.64	1.44	0.00	0.00	0.00	0.00	34.48	75.69	1.22	18.61	13525	4877	1188	43	0	0	0	0	19634	138.06	26.56	9.31	48.21	68.28	47.90	106.08	1.12	18.77	20.44
5/26/2025 1:02:10 PM	25.91	3.81	1.49	2.56	0.00	0.00	0.00	0.00	33.76	75.42	1.25	18.59	13731	3806	672	77	0	0	0	0	18285	137.57	26.71	10.11	46.42	67.63	47.29	107.15	1.12	18.77	20.34
5/26/2025 1:02:13 PM	27.00	4.22	1.51	2.44	0.00	0.00	0.00	0.00	35.17	75.81	1.28	18.55	14311	4220	680	73	0	0	0	0	19284	138.28	27.22	10.60	48.71	70.11	49.00	110.61	1.13	18.79	20.31
5/26/2025 1:02:15 PM	26.51	4.17	1.70	2.37	0.00	0.00	0.00	0.00	34.75	75.76	1.31	18.52	14048	4174	765	71	0	0	0	0	19058	138.19	27.29	10.21	47.89	69.85	48.57	109.01	1.13	18.82	20.46
5/26/2025 1:02:18 PM	26.16	3.99	1.82	2.25	0.00	0.00	0.00	0.00	34.22	75.95	1.32	18.50	13864	3988	820	68	0	0	0	0	18739	138.53	26.81	9.72	46.80	68.50	47.45	108.13	1.13	18.84	20.44
5/26/2025 1:02:21 PM	27.00	4.24	1.73	2.21	0.00	0.00	0.00	0.00	35.18	75.81	1.36	18.50	14312	4238	778	66	0	0	0	0	19394	138.28	26.95	10.44	48.55	69.79	48.41	110.85	1.13	18.88	20.41
5/26/2025 1:02:24 PM	28.06	4.10	1.59	2.65	0.00	0.00	0.00	0.00	36.40	75.75	1.38	18.48	14873	4096	715	79	0	0	0	0	19764	138.18	28.35	10.68	49.81	72.44	50.41	115.75	1.14	18.87	20.44
5/26/2025 1:02:26 PM	29.66	3.82	0.88	3.28	0.00	0.00	0.00	0.00	37.64	75.66	1.39	18.43	15719	3823	395	98	0	0	0	0	20036	138.00	29.34	11.59	51.06	75.68	52.17	120.54	1.14	18.87	20.44
5/26/2025 1:02:29 PM	30.54	4.09	1.77	3.06	0.00	0.00	0.00	0.00	39.46	75.31	1.41	18.48	16186	4092	797	92	0	0	0	0	21168	137.37	31.17	11.55	53.16	79.04	54.06	126.71	1.14	18.89	20.42
5/26/2025 1:02:32 PM	30.27	4.34	2.30	2.85	0.00	0.00	0.00	0.00	39.76	75.39	1.44	18.63	16044	4337	1036	86	0	0	0	0	21503	137.51	31.68	11.80	53.92	79.33	54.32	127.27	1.14	18.93	20.41
5/26/2025 1:02:34 PM	30.37	4.06	1.66	3.29	0.00	0.00	0.00	0.00	39.38	75.38	1.46	18.57	16098	4060	746	99	0	0	0	0	21003	137.49	31.36	11.98	53.51	78.43	54.41	126.90	1.14	18.94	20.46
5/26/2025 1:02:37 PM	30.24	4.07	2.07	3.18	0.00	0.00	0.00	0.00	39.55	74.99	1.50	18.56	16025	4074	929	95	0	0	0	0	21124	136.79	31.91	12.07	53.53	79.16	54.30	127.45	1.15	18.95	20.47
5/26/2025 1:02:40 PM	31.30	4.00	1.57	3.30	0.00	0.00	0.00	0.00	40.17	74.71	1.53	18.57	16589	4000	706	99	0	0	0	0	21394	136.27	31.69	11.85	53.96	80.36	55.02	129.65	1.15	18.97	20.42
5/26/2025 1:02:43 PM	31.14	4.06	1.62	3.35	0.00	0.00	0.00	0.00	40.17	75.06	1.56	18.55	16502	4056	730	101	0	0	0	0	21389	136.91	31.84	12.36	54.36	80.13	55.07	129.62	1.15	18.97	20.46
5/26/2025 1:02:45 PM	30.80	3.97	2.10	3.23	0.00	0.00	0.00	0.00	40.10	75.01	1.57	18.45	16324	3965	945	97	0	0	0	0	21332	136.81	32.36	11.84	53.71	80.42	54.79	129.78	1.15	19.02	20.44
5/26/2025 1:02:48 PM	31.01	4.05	1.87	3.30	0.00	0.00	0.00	0.00	40.23	75.20	1.60	18.28	16433	4053	840	99	0	0	0	0	21426	137.17	32.17	12.22	54.30	80.35	55.11	129.96	1.16	19.05	20.44
5/26/2025 1:02:51 PM	31.09	4.23	2.23	3.01	0.00	0.00	0.00	0.00	40.56	75.14	1.64	18.20	16480	4226	1001	90	0	0	0	0	21798	137.07	32.15	12.07	54.74	80.53	55.04	130.84	1.16	19.04	20.42
5/26/2025 1:02:54 PM	31.43	4.05	1.79	3.22	0.00	0.00	0.00	0.00	40.49	75.16	1.65	18.18	16660	4045	806	97	0	0	0	0	21609	137.10	31.98	12.07	54.37	80.90	55.08	130.80	1.16	19.07	20.42
5/26/2025 1:02:57 PM	31.37	4.23	2.46	3.10	0.00	0.00	0.00	0.00	41.15	75.12	1.68	18.20	16627	4229	1106	93	0	0	0	0	22056	137.02	33.06	12.25	55.40	81.94	55.85	133.05	1.16	19.07	20.52
5/26/2025 1:02:59 PM	31.78	4.02	2.15	3.05	0.00	0.00	0.00	0.00	41.00	75.20	1.71	18.15	16845	4017	967	92	0	0	0	0	21921	137.17	32.36	11.69	54.48	81.83	55.16	132.95	1.17	19.09	20.46
5/26/2025 1:03:02 PM	31.85	3.90	1.88	3.54	0.00	0.00	0.00	0.00	41.18	74.94	1.74	18.16	16879	3899	848	106	0	0	0	0	21732	136.69	33.07	12.42	55.21	81.91	56.20	134.33	1.17	19.09	20.50
5/26/2025 1:03:05 PM	32.10	3.70	2.11	3.45	0.00	0.00	0.00	0.00	41.37	75.27	1.77	18.14	17013	3705	949	104	0	0	0	0	21771	137.29	33.36	12.14	54.59	82.98	55.72	135.45	1.17	19.11	20.55
5/26/2025 1:03:08 PM	32.29	3.45	1.67	3.62	0.00	0.00	0.00	0.00	41.02	75.00	1.79	18.15	17114	3446	751	108	0	0	0	0	21420	136.80	32.82	11.87	53.74	82.44	55.26	134.93	1.18	19.12	20.62
5/26/2025 1:03:10 PM	31.94	3.52	1.89	3.55	0.00	0.00	0.00	0.00	40.90	75.07	1.81	18.14	16931	3520	849	107	0	0	0	0	21406	136.94	32.92	12.03	53.86	81.97	55.12	134.51	1.18	19.15	20.50
5/26/2025 1:03:13 PM	32.13	3.64	1.91	3.48	0.00	0.00	0.00	0.00	41.16	75.03	1.83	18.13	17028	3636	859	104	0	0	0	0	21627	136.86	32.98	12.13	54.28	82.54	55.39	134.86	1.18	19.14	20.52
5/26/2025 1:03:16 PM	33.25	3.46	1.47	3.89	0.00	0.00	0.00	0.00	42.07	75.36	1.85	18.15	17620	3463	662	117	0	0	0	0	21862	137.47	33.71	12.11	55.02	84.71	56.96	138.45	1.18	19.15	20.62
5/26/2025 1:03:19 PM	33.37	3.58	2.06	3.55	0.00	0.00	0.00	0.00	42.56	75.35	1.88	18.14	17687	3582	926	107	0	0	0	0	22302	137.44	34.10	12.32	55.48	85.67	56.64	140.02	1.18	19.17	20.55
5/26/2025 1:03:22 PM	33.17	3.05	1.57	3.92	0.00	0.00	0.00	0.00	41.70	75.17	1.90	18.14	17578	3050	705	118	0	0	0	0	21451	137.12	33.70	12.07	53.65	84.63	55.63	138.49	1.19	19.17	20.55
5/26/2025 1:03:24 PM	33.22	3.60	2.33	3.23	0.00	0.00	0.00	0.00	42.37	75.35	1.92	18.17	17606	3597	1048	97	0	0	0	0	22347	137.44	33.49	12.19	55.13	84.63	55.51	139.74	1.19	19.18	20.63
5/26/2025 1:03:27 PM	33.65	3.31	1.68	3.51	0.00	0.00	0.00	0.00	42.16	75.26	1.92	18.17	17836	3312	758	105	0	0	0	0	22011	137.28	33.13	11.92	54.30	85.00	55.48	139.28	1.19	19.18	20.62
5/26/2025 1:03:30 PM	33.37	3.30	2.12	3.43	0.00	0.00	0.00	0.00	42.22	75.21	1.95	18.17	17684	3304	954	103	0	0	0	0	22046	137.18	33.63	11.88	54.27	85.08	55.37	139.85	1.19	19.26	20.58
5/26/2025 1:03:33 PM	33.15	3.41	2.61	3.27	0.00	0.00	0.00	0.00	42.45	75.35	1.97	18.11	17569	3415	1176	98	0	0	0	0	22258	137.43	34.10	12.15	54.74	85.23	55.33	140.72	1.19	19.24	20.58
5/26/2025 1:03:35 PM	33.02	2.88	2.08	3.88	0.00	0.00	0.00	0.00	41.87	75.25	1.99	18.09	17502	2879	938	116	0	0	0	0	21435	137.26	34.38	12.13	53.46	84.82	55.27	140.27	1.19	19.26	20.57
5/26/2025 1:03:38 PM	33.65	2.63	1.70	4.17	0.00	0.00	0.00	0.00	42.14	75.45	2.00	18.09	17834	2628	763	125	0	0	0	0	21350	137.62	34.53	11.81	53.27	85.56	55.83	141.98	1.20	19.26	20.62
5/26/2025 1:03:41 PM	33.40	2.80	1.82	3.90	0.00	0.00	0.00	0.00	41.92	75.03	2.01	18.09	17703	2799	821	117	0	0	0	0	21440	136.85	34.00	11.95	53.28	84.93	55.15	140.59	1.20	19.29	20.62
5/26/2025 1:03:43 PM	33.85	2.54	1.59	4.18	0.00	0.00	0.00	0.00	42.15	75.04	2.02	18.10	17941	2536	716	125	0	0	0	0	21318	136.87	34.39	12.10	53.13	85.84	55.43	142.17	1.20	19.31	20.60
5/26/2025 1:03:47 PM	34.38	3.24	2.90	3.33	0.00	0.00	0.00	0.00	43.85	75.51	2.04	18.10	18224	3237	1306	100	0	0	0	0	22867	137.73	35.31	11.91	55.58	88.10	56.46	146.65	1.20	19.29	20.63
5/26/2025 1:03:49 PM	34.46	2.75	3.01	3.92	0.00	0.00	0.00	0.00	44.14	75.06	2.06	18.08	18266	2752	1353	118	0	0	0	0	22489	136.92	37.01	12.94	55.45	89.86	56.84	149.27	1.20	19.28	20.71
5/26/2025 1:03:52 PM	34.86	2.71	4.27	4.49	0.00	0.00	0.00	0.00	46.32	74.78	2.07	18.07	18476	2706	1921	135	0	0	0	0	23239	136.40	41.62	13.79	57.99	95.26	60.53	157.85	1.20	19.35	20.65
5/26/2025 1:03:55 PM	34.39	2.55	7.60	4.60	0.00	0.00	0.00	0.00	49.14	74.53	2.09	18.05	18225	2553	3421	138	0	0	0	0	24337	135.95	48.69	14.69	60.42	102.23	63.49	170.29	1.20	19.35	20.66
5/26/2025 1:03:57 PM	36.81	3.45	13.57	4.48	0.00	0.00	0.00	0.00	58.31	74.29	2.09	18.04	19508	3450	6108	134	0	0	0	0	29200	135.50	63.24	17.89	71.03	123.73	73.78	201.66	1.20	19.35	20.66
5/26/2025 1:04:00 PM	36.22	3.46	11.73	4.09	0.00	0.00	0.00	0.00	55.49	74.58	2.12	17.45	19196	3455	5277	123	0	0	0	0	28051	136.03	57.77	16.38	67.85	116.69	70.19	190.86	1.21	19.34	20.76
5/26/2025 1:04:03 PM	36.06	3.02	11.68	4.49	0.00	0.00	0.00	0.00	55.26	74.48	2.12	17.33	19112	3025	5258	135	0	0	0	0	27530	135.85	58.35	16.80	67.26	116.30	69.93	192.01	1.21	19.38	20.66
5/26/2025 1:04:06 PM	35.82	3.27	11.96	4.22	0.00	0.00	0.00	0.00	55.27	74.56	2.15	17.23	18983	3273	5381	127	0	0	0	0	27763	136.01	58.15	16.66	67.59	115.88	69.84	191.34	1.21	19.37	20.65
5/26/2025 1:04:08 PM	34.94	3.27	12.30	4.34	0.00	0.00	0.00	0.00	54.86	74.27	2.21	17.14	18518	3274	5536	130	0	0	0	0	27458	135.48	58.74	16.69	67.46	114.80	70.00	190.42	1.22	19.39	20.66
5/26/2025 1:04:11 PM	35.31	2.95	14.36	4.77	0.00	0.00	0.00	0.00	57.40	74.25	2.25	17.19	18716	2950	6464	143	0	0	0	0	28272	135.43	64.30	17.32	69.52	120.90	73.08	201.98	1.22	19.39	20.73
5/26/2025 1:04:14 PM	34.72	3.56	17.91	4.25	0.00	0.00	0.00	0.00	60.44	74.23	2.25	17.20	18402	3556	8060	128	0	0	0	0	30145	135.39	70.41	18.59	73.55	127.33	76.07	212.59	1.22	19.39	20.79
5/26/2025 1:04:17 PM	34.97	3.22	18.67	4.65	0.00	0.00	0.00	0.00	61.50	74.09	2.29	17.29	18532	3216	8400	139	0	0	0	0	30287	135.15	72.96	18.99	74.24	129.82	77.40	218.30	1.22	19.38	20.81
5/26/2025 1:04:20 PM	34.79	3.32	22.59	4.60	0.00	0.00	0.00	0.00	65.30	73.80	2.35	17.35	18441	3322	10164	138	0	0	0	0	32065	134.62	81.03	20.10	78.18	138.24	81.43	233.92	1.23	19.39	20.81
5/26/2025 1:04:22 PM	35.26	2.40	20.66	5.40	0.00	0.00	0.00	0.00	63.72	74.13	2.41	17.37	18688	2396	9298	162	0	0	0	0	30544	135.21	78.98	19.40	75.02	135.99	80.01	230.41	1.24	19.43	20.73
5/26/2025 1:04:25 PM	34.16	2.00	18.93	5.37	0.00	0.00	0.00	0.00	60.46	74.12	2.42	17.43	18107	2003	8517	161	0	0	0	0	28787	135.19	74.28	18.49	70.98	128.82	75.87	219.49	1.24	19.44	20.73
5/26/2025 1:04:28 PM	33.30	1.48	19.04	5.59	0.00	0.00	0.00	0.00	59.42	74.43	2.45	17.38	17650	1484	8568	168	0	0	0	0	27870	135.75	74.48	18.71	68.96	127.82	74.19	217.39	1.24	19.45	20.73
5/26/2025 1:04:30 PM	32.74	1.83	18.89	5.31	0.00	0.00	0.00	0.00	58.76	74.51	2.49	17.44	17354	1826	8499	159	0	0	0	0	27839	135.91	73.14	18.16	68.97	125.19	73.85	214.31	1.24	19.44	20.70
5/26/2025 1:04:33 PM	29.19	1.04	16.66	5.45	0.00	0.00	0.00	0.00	52.34	74.75	2.54	17.49	15468	1042	7498	163	0	0	0	0	24171	136.35	66.79	16.48	60.78	113.18	66.80	192.45	1.25	19.42	20.78
5/26/2025 1:04:35 PM	24.94	0.84	13.36	4.79	0.00	0.00	0.00	0.00	43.94	75.61	2.56	17.40	13218	845	6013	144	0	0	0	0	20219	137.90	55.89	14.50	51.42	96.08	56.76	160.64	1.25	19.43	20.86
5/26/2025 1:04:38 PM	25.28	0.97	13.23	4.88	0.00	0.00	0.00	0.00	44.36	76.26	2.59	17.38	13398	975	5952	146	0	0	0	0	20471	139.09	55.98	14.56	52.37	96.16	57.70	162.07	1.25	19.46	20.82
5/26/2025 1:04:41 PM	24.82	1.81	14.63	3.79	0.00	0.00	0.00	0.00	45.05	75.81	2.60	17.35	13155	1807	6584	114	0	0	0	0	21660	138.28	56.20	14.69	53.90	97.13	57.29	161.89	1.25	19.43	20.79
5/26/2025 1:04:44 PM	24.17	1.07	13.39	4.48	0.00	0.00	0.00	0.00	43.12	76.32	2.64	17.35	12812	1068	6027	135	0	0	0	0	20042	139.22	54.82	14.25	50.88	93.99	55.76	156.97	1.26	19.44	20.86
5/26/2025 1:04:47 PM	24.87	1.29	13.73	4.47	0.00	0.00	0.00	0.00	44.36	75.73	2.68	17.28	13180	1288	6178	134	0	0	0	0	20780	138.13	56.00	14.57	52.60	96.42	57.36	160.76	1.26	19.46	20.73
5/26/2025 1:04:49 PM	24.68	1.10	14.12	4.54	0.00	0.00	0.00	0.00	44.45	75.69	2.71	17.14	13079	1102	6355	136	0	0	0	0	20672	138.06	56.70	14.61	52.42	96.42	57.24	162.32	1.27	19.48	20.91
5/26/2025 1:04:52 PM	22.05	0.87	13.94	4.36	0.00	0.00	0.00	0.00	41.21	75.37	2.77	17.09	11686	870	6271	131	0	0	0	0	18958	137.48	54.26	13.72	48.61	89.64	53.55	151.77	1.27	19.51	20.86
5/26/2025 1:04:55 PM	21.26	1.08	14.18	3.91	0.00	0.00	0.00	0.00	40.43	76.09	2.79	17.10	11268	1076	6383	117	0	0	0	0	18844	138.79	53.19	13.27	47.87	87.57	52.21	148.40	1.27	19.48	20.79
5/26/2025 1:04:58 PM	22.20	0.81	14.15	4.56	0.00	0.00	0.00	0.00	41.73	75.83	2.83	17.10	11767	810	6369	137	0	0	0	0	19083	138.31	55.43	14.16	49.17	91.24	54.38	153.73	1.28	19.51	20.82
5/26/2025 1:05:00 PM	20.03	0.82	14.22	4.13	0.00	0.00	0.00	0.00	39.20	75.69	2.83	17.05	10617	820	6398	124	0	0	0	0	17959	138.05	53.24	13.11	46.21	85.82	51.30	144.76	1.28	19.49	20.84
5/26/2025 1:05:03 PM	19.94	1.25	15.34	3.58	0.00	0.00	0.00	0.00	40.11	75.86	2.86	16.97	10567	1252	6904	107	0	0	0	0	18832	138.36	54.30	13.19	47.52	87.51	51.75	146.91	1.28	19.52	20.79
5/26/2025 1:05:06 PM	18.32	1.54	16.84	2.98	0.00	0.00	0.00	0.00	39.67	76.00	2.90	16.87	9708	1538	7576	89	0	0	0	0	18912	138.62	55.12	13.02	47.13	86.62	50.64	144.99	1.28	19.49	20.81
5/26/2025 1:05:09 PM	17.08	1.10	17.69	3.23	0.00	0.00	0.00	0.00	39.10	76.01	2.95	16.72	9050	1100	7962	97	0	0	0	0	18209	138.65	56.90	13.10	45.69	86.75	50.04	144.75	1.29	19.53	20.89
5/26/2025 1:05:12 PM	15.75	1.25	19.07	3.01	0.00	0.00	0.00	0.00	39.08	75.92	2.97	16.68	8348	1254	8582	90	0	0	0	0	18275	138.49	58.65	13.09	45.79	86.93	50.13	144.88	1.29	19.52	20.82
5/26/2025 1:05:14 PM	16.73	0.71	17.73	3.65	0.00	0.00	0.00	0.00	38.82	76.16	3.02	16.64	8869	713	7977	109	0	0	0	0	17668	138.91	57.75	13.12	44.91	86.68	50.15	145.28	1.30	19.53	20.91
5/26/2025 1:05:17 PM	14.37	1.35	20.45	2.61	0.00	0.00	0.00	0.00	38.78	75.98	3.04	16.63	7616	1348	9203	78	0	0	0	0	18246	138.59	59.80	13.01	45.33	86.43	49.26	144.23	1.30	19.51	20.86
5/26/2025 1:05:20 PM	14.03	1.49	21.36	2.47	0.00	0.00	0.00	0.00	39.36	75.93	3.04	16.63	7435	1494	9613	74	0	0	0	0	18616	138.50	61.23	13.53	46.21	87.69	49.68	146.23	1.30	19.51	21.05
5/26/2025 1:05:23 PM	13.69	1.39	20.95	2.52	0.00	0.00	0.00	0.00	38.55	75.95	3.09	16.64	7255	1391	9429	76	0	0	0	0	18151	138.53	60.28	13.08	45.15	86.04	48.96	143.52	1.30	19.50	20.87
5/26/2025 1:05:25 PM	12.21	1.32	18.85	2.23	0.00	0.00	0.00	0.00	34.62	76.21	3.13	16.08	6474	1323	8482	67	0	0	0	0	16345	139.00	54.25	11.62	40.77	77.43	44.51	128.51	1.31	19.53	20.86
5/26/2025 1:05:28 PM	12.53	1.15	19.07	2.32	0.00	0.00	0.00	0.00	35.08	76.10	3.16	15.93	6643	1152	8582	70	0	0	0	0	16447	138.81	55.10	11.83	40.83	78.97	44.70	130.65	1.31	19.49	20.89
5/26/2025 1:05:30 PM	12.91	0.97	18.32	2.50	0.00	0.00	0.00	0.00	34.70	76.30	3.20	15.92	6842	965	8246	75	0	0	0	0	16128	139.18	53.92	11.68	40.36	77.52	44.29	130.07	1.31	19.52	20.99
5/26/2025 1:05:33 PM	12.35	1.20	18.34	2.13	0.00	0.00	0.00	0.00	34.02	76.23	3.24	15.92	6545	1203	8252	64	0	0	0	0	16064	139.04	52.89	11.48	39.76	76.36	43.21	126.32	1.32	19.54	21.02
5/26/2025 1:05:36 PM	10.84	1.71	18.66	1.49	0.00	0.00	0.00	0.00	32.70	76.67	3.29	15.80	5748	1709	8395	45	0	0	0	0	15897	139.84	51.25	11.00	39.13	72.73	41.65	120.12	1.32	19.49	21.03
5/26/2025 1:05:39 PM	11.06	1.20	23.56	1.83	0.00	0.00	0.00	0.00	37.65	76.02	3.30	15.79	5863	1200	10602	55	0	0	0	0	17720	138.66	62.62	12.54	42.73	85.91	46.41	141.65	1.32	19.54	20.89
5/26/2025 1:05:42 PM	11.25	1.45	22.48	1.89	0.00	0.00	0.00	0.00	37.06	75.94	3.35	15.88	5961	1448	10117	57	0	0	0	0	17583	138.51	60.52	12.36	43.11	83.10	46.52	138.85	1.33	19.51	20.89
5/26/2025 1:05:44 PM	11.23	1.70	21.66	1.48	0.00	0.00	0.00	0.00	36.07	76.10	3.39	15.78	5951	1705	9748	44	0	0	0	0	17448	138.81	57.84	12.33	42.37	80.89	44.76	133.54	1.33	19.54	20.89
5/26/2025 1:05:47 PM	10.73	1.12	20.18	2.03	0.00	0.00	0.00	0.00	34.06	76.14	3.44	15.80	5688	1120	9080	61	0	0	0	0	15949	138.87	55.58	11.58	39.57	76.71	43.17	128.02	1.34	19.49	20.87
5/26/2025 1:05:50 PM	10.68	1.34	20.60	1.52	0.00	0.00	0.00	0.00	34.14	76.17	3.47	15.78	5660	1344	9270	46	0	0	0	0	16319	138.93	54.98	11.02	39.67	75.96	42.55	128.09	1.34	19.51	20.89
5/26/2025 1:05:52 PM	10.00	1.54	18.35	1.42	0.00	0.00	0.00	0.00	31.30	76.13	3.50	15.66	5298	1538	8258	43	0	0	0	0	15136	138.87	49.64	10.82	37.58	69.09	39.68	116.17	1.34	19.48	21.05
5/26/2025 1:05:55 PM	9.26	1.43	18.23	1.51	0.00	0.00	0.00	0.00	30.43	76.41	3.54	15.74	4908	1430	8202	45	0	0	0	0	14586	139.37	49.29	10.74	36.53	67.72	38.95	113.22	1.35	19.48	21.02
5/26/2025 1:05:58 PM	8.47	1.56	14.31	1.20	0.00	0.00	0.00	0.00	25.55	76.15	3.56	15.33	4492	1559	6440	36	0	0	0	0	12527	138.90	39.91	9.15	31.69	56.78	33.67	92.86	1.35	19.48	21.00
5/26/2025 1:06:00 PM	8.01	1.58	13.79	1.21	0.00	0.00	0.00	0.00	24.59	76.24	3.60	15.01	4248	1580	6204	36	0	0	0	0	12068	139.07	38.68	9.01	30.80	54.96	32.86	88.91	1.35	19.54	20.92
5/26/2025 1:06:03 PM	8.06	0.62	11.34	2.01	0.00	0.00	0.00	0.00	22.04	76.05	3.65	14.96	4273	623	5104	60	0	0	0	0	10060	138.72	35.13	7.90	26.75	49.88	30.51	82.25	1.36	19.48	20.92
5/26/2025 1:06:06 PM	8.53	1.00	12.89	1.76	0.00	0.00	0.00	0.00	24.17	76.25	3.71	14.96	4519	1003	5798	53	0	0	0	0	11373	139.08	38.12	8.82	29.62	54.17	32.55	89.36	1.36	19.48	21.07
5/26/2025 1:06:09 PM	6.79	1.13	10.09	1.39	0.00	0.00	0.00	0.00	19.40	76.24	3.73	14.91	3599	1132	4539	42	0	0	0	0	9311	139.07	30.71	7.36	24.59	44.77	27.48	69.33	1.37	19.48	21.11
5/26/2025 1:06:12 PM	6.84	1.08	10.14	1.36	0.00	0.00	0.00	0.00	19.41	75.92	3.77	14.90	3623	1078	4563	41	0	0	0	0	9306	138.48	30.53	7.06	24.53	44.01	27.37	70.16	1.37	19.46	20.91
5/26/2025 1:06:14 PM	8.05	1.20	10.24	1.21	0.00	0.00	0.00	0.00	20.71	76.07	3.79	14.73	4269	1196	4608	36	0	0	0	0	10110	138.75	30.92	7.23	25.94	46.28	28.25	74.48	1.37	19.44	20.91
5/26/2025 1:06:17 PM	6.49	0.53	7.43	1.87	0.00	0.00	0.00	0.00	16.31	76.19	3.82	14.35	3439	528	3342	56	0	0	0	0	7365	138.97	25.76	6.14	20.69	37.69	24.55	59.64	1.37	19.47	20.89
5/26/2025 1:06:20 PM	6.65	1.11	7.49	1.41	0.00	0.00	0.00	0.00	16.66	76.30	3.83	14.41	3525	1109	3369	42	0	0	0	0	8046	139.17	25.05	6.61	22.05	37.95	24.67	58.53	1.38	19.43	20.94
5/26/2025 1:06:23 PM	6.33	1.52	8.70	0.93	0.00	0.00	0.00	0.00	17.48	76.31	3.84	14.43	3355	1522	3914	28	0	0	0	0	8819	139.19	26.27	6.43	23.36	38.95	25.38	60.91	1.38	19.43	20.89
5/26/2025 1:06:25 PM	7.28	1.00	7.82	1.15	0.00	0.00	0.00	0.00	17.25	75.78	3.58	14.28	3858	1002	3519	34	0	0	0	0	8413	138.23	25.20	5.56	21.77	38.96	24.64	61.31	1.35	19.41	21.11
5/26/2025 1:06:28 PM	6.60	1.82	7.17	0.30	0.00	0.00	0.00	0.00	15.89	76.23	3.94	14.28	3499	1824	3225	9	0	0	0	0	8556	139.05	21.64	5.85	21.77	35.36	22.52	52.71	1.39	19.39	20.92
5/26/2025 1:06:31 PM	6.10	1.12	4.96	0.89	0.00	0.00	0.00	0.00	13.06	75.69	3.64	14.26	3233	1116	2233	27	0	0	0	0	6608	138.06	17.99	4.28	17.63	29.80	20.25	44.09	1.36	19.42	20.89
5/26/2025 1:06:34 PM	6.51	0.86	5.12	1.21	0.00	0.00	0.00	0.00	13.70	76.21	3.93	13.75	3452	860	2303	36	0	0	0	0	6651	139.00	19.21	4.78	18.11	31.27	20.95	47.58	1.39	19.39	20.89
5/26/2025 1:06:37 PM	5.63	0.94	3.67	1.44	0.00	0.00	0.00	0.00	11.68	76.67	3.99	12.99	2983	940	1653	43	0	0	0	0	5618	139.85	16.54	5.10	16.78	27.20	19.62	39.10	1.39	19.37	21.03
5/26/2025 1:06:39 PM	5.59	0.91	3.11	1.37	0.00	0.00	0.00	0.00	10.98	76.86	4.00	12.62	2961	908	1401	41	0	0	0	0	5311	140.20	15.03	4.79	16.02	25.23	18.68	36.65	1.39	19.36	20.97
5/26/2025 1:06:42 PM	5.58	0.91	3.26	1.58	0.00	0.00	0.00	0.00	11.33	76.71	4.05	12.74	2955	907	1467	48	0	0	0	0	5377	139.92	15.94	4.92	16.59	25.96	19.68	38.11	1.40	19.35	21.00
5/26/2025 1:06:45 PM	5.58	0.95	2.56	1.41	0.00	0.00	0.00	0.00	10.50	76.81	4.09	12.63	2956	951	1151	42	0	0	0	0	5100	140.10	14.05	4.77	15.67	24.35	18.34	34.27	1.40	19.35	20.87
5/26/2025 1:06:47 PM	5.07	1.06	2.55	1.31	0.00	0.00	0.00	0.00	9.98	76.94	4.12	12.56	2687	1056	1147	39	0	0	0	0	4930	140.34	13.54	4.67	15.37	23.05	17.90	32.15	1.40	19.33	20.99
5/26/2025 1:06:50 PM	4.97	1.01	2.66	1.47	0.00	0.00	0.00	0.00	10.10	76.93	4.15	12.57	2636	1006	1195	44	0	0	0	0	4881	140.32	14.08	4.92	15.65	23.19	18.30	33.02	1.41	19.32	20.91
5/26/2025 1:06:53 PM	4.88	1.17	2.37	1.22	0.00	0.00	0.00	0.00	9.64	77.09	4.19	12.63	2586	1167	1065	37	0	0	0	0	4854	140.62	12.84	4.65	15.29	21.98	17.57	30.52	1.41	19.31	20.89
5/26/2025 1:06:55 PM	4.94	1.30	2.77	1.11	0.00	0.00	0.00	0.00	10.12	77.07	4.21	12.96	2617	1299	1247	33	0	0	0	0	5197	140.57	13.48	4.82	16.01	22.82	18.02	32.06	1.41	19.29	20.89
5/26/2025 1:06:59 PM	4.69	1.20	2.29	1.25	0.00	0.00	0.00	0.00	9.43	76.90	4.25	13.16	2483	1196	1032	38	0	0	0	0	4748	140.26	12.72	4.59	15.19	21.57	17.60	29.70	1.42	19.26	20.92
5/26/2025 1:07:01 PM	4.52	1.17	2.33	1.28	0.00	0.00	0.00	0.01	9.29	77.00	4.31	13.34	2394	1166	1047	38	0	0	0	0	4645	140.46	12.76	4.61	15.04	21.33	17.48	29.38	1.42	19.25	20.92
5/26/2025 1:07:04 PM	4.93	1.16	2.04	1.34	0.00	0.00	0.00	0.00	9.47	76.90	4.33	13.51	2613	1158	919	40	0	0	0	0	4730	140.27	12.52	4.58	15.22	21.58	17.74	29.81	1.42	19.23	20.94
5/26/2025 1:07:07 PM	4.81	1.23	2.51	1.39	0.00	0.00	0.00	0.01	9.94	77.07	4.38	13.59	2552	1226	1129	42	0	0	0	0	4948	140.58	13.66	5.10	16.00	22.78	18.38	31.51	1.43	19.20	20.89
5/26/2025 1:07:09 PM	4.68	1.15	2.76	1.36	0.00	0.00	0.00	0.00	9.96	77.08	4.42	13.61	2480	1155	1244	41	0	0	0	0	4920	140.60	13.97	5.03	15.84	22.73	18.23	32.07	1.43	19.20	20.95
5/26/2025 1:07:12 PM	4.29	1.28	2.42	1.13	0.00	0.00	0.00	0.02	9.13	76.84	4.43	13.35	2276	1277	1091	34	0	0	0	0	4677	140.15	12.49	4.65	15.06	20.90	17.16	28.57	1.43	19.17	20.86
5/26/2025 1:07:15 PM	4.64	1.20	2.13	1.33	0.00	0.00	0.00	0.00	9.31	76.92	4.45	13.15	2460	1204	960	40	0	0	0	0	4664	140.29	12.57	4.68	15.23	21.20	17.68	29.17	1.44	19.18	20.87
5/26/2025 1:07:18 PM	4.39	0.98	1.91	1.43	0.00	0.00	0.00	0.03	8.71	77.08	4.52	13.06	2326	981	858	43	0	0	0	0	4208	140.59	12.16	4.52	14.23	20.53	16.92	27.98	1.44	19.16	20.87
5/26/2025 1:07:20 PM	4.09	1.09	1.97	1.33	0.00	0.00	0.00	0.05	8.47	77.19	4.55	12.96	2166	1086	885	40	0	0	0	0	4178	140.79	11.95	4.33	14.15	20.11	16.79	27.02	1.45	19.13	20.99
5/26/2025 1:07:23 PM	4.26	1.24	2.14	1.12	0.00	0.00	0.00	0.05	8.76	77.25	4.61	12.94	2259	1236	964	34	0	0	0	0	4492	140.91	11.86	4.46	14.59	20.48	16.70	27.47	1.45	19.13	20.95
5/26/2025 1:07:26 PM	3.99	1.13	2.28	1.28	0.00	0.00	0.00	0.05	8.67	77.11	4.67	12.68	2114	1128	1024	38	0	0	0	0	4305	140.64	12.44	4.38	14.39	20.57	16.99	27.76	1.46	19.10	20.82
5/26/2025 1:07:29 PM	3.96	1.11	2.28	1.20	0.00	0.00	0.00	0.06	8.55	77.13	4.68	12.58	2100	1113	1025	36	0	0	0	0	4274	140.68	12.18	4.32	14.14	20.41	16.57	27.41	1.46	19.09	20.81
5/26/2025 1:07:31 PM	4.33	1.34	2.54	1.12	0.00	0.00	0.00	0.07	9.33	77.21	4.72	12.66	2294	1337	1144	34	0	0	0	0	4809	140.83	12.89	4.70	15.41	22.00	17.52	29.48	1.46	19.08	20.81
5/26/2025 1:07:34 PM	4.00	1.24	2.30	1.15	0.00	0.00	0.00	0.07	8.69	77.06	4.75	12.60	2121	1242	1034	34	0	0	0	0	4431	140.55	12.21	4.40	14.57	20.66	16.87	27.53	1.47	19.06	20.91
5/26/2025 1:07:37 PM	4.17	1.28	2.66	1.02	0.00	0.00	0.00	0.05	9.12	77.19	4.79	12.34	2208	1275	1196	31	0	0	0	0	4710	140.80	12.68	4.54	14.92	21.37	16.93	28.89	1.47	19.03	20.87
5/26/2025 1:07:40 PM	3.51	1.10	2.60	1.08	0.00	0.00	0.00	0.11	8.30	77.45	4.83	12.00	1861	1104	1170	32	0	0	0	0	4167	141.28	12.39	4.04	13.73	20.46	16.22	27.08	1.47	19.05	20.94
5/26/2025 1:07:43 PM	3.50	1.27	2.75	0.96	0.00	0.00	0.00	0.12	8.49	77.41	4.88	12.12	1853	1272	1240	29	0	0	0	0	4394	141.20	12.50	4.22	14.26	20.83	16.42	27.33	1.48	18.97	20.87
5/26/2025 1:07:45 PM	3.23	1.26	2.97	1.00	0.00	0.00	0.00	0.15	8.46	77.48	4.92	12.32	1713	1257	1337	30	0	0	0	0	4336	141.33	12.96	4.41	14.31	21.23	16.46	27.65	1.48	18.97	20.81
5/26/2025 1:07:48 PM	3.32	1.30	3.20	0.81	0.00	0.00	0.00	0.12	8.63	77.57	4.97	11.27	1757	1300	1439	24	0	0	0	0	4521	141.50	12.92	4.24	14.30	21.19	16.22	27.94	1.49	18.94	20.84
5/26/2025 1:07:51 PM	3.63	1.16	2.84	1.06	0.00	0.00	0.00	0.11	8.69	77.54	5.04	10.60	1924	1159	1278	32	0	0	0	0	4393	141.42	12.94	4.41	14.29	21.45	16.51	28.42	1.49	18.94	20.81
5/26/2025 1:07:54 PM	3.71	1.20	2.80	1.08	0.00	0.00	0.00	0.11	8.79	77.22	5.08	10.51	1966	1200	1260	32	0	0	0	0	4459	140.85	12.98	4.40	14.49	21.52	16.79	28.56	1.50	18.90	20.79
5/26/2025 1:07:56 PM	3.76	1.25	3.07	1.06	0.00	0.00	0.00	0.11	9.14	77.54	5.12	10.79	1990	1246	1383	32	0	0	0	0	4651	141.44	13.57	4.51	14.91	22.29	17.18	29.73	1.50	18.88	20.84
5/26/2025 1:07:59 PM	3.76	1.36	2.98	0.85	0.00	0.00	0.00	0.08	8.94	77.64	5.16	10.65	1994	1357	1340	25	0	0	0	0	4716	141.61	12.75	4.42	14.78	21.34	16.59	28.44	1.51	18.83	20.78
5/26/2025 1:08:02 PM	3.39	1.29	2.86	0.76	0.00	0.00	0.00	0.14	8.29	77.60	5.23	10.84	1797	1290	1285	23	0	0	0	0	4394	141.55	12.11	4.03	13.88	20.70	15.75	26.78	1.51	18.84	20.81
5/26/2025 1:08:04 PM	3.13	1.01	1.94	0.92	0.00	0.00	0.00	0.19	6.99	77.93	5.31	10.87	1658	1005	872	28	0	0	0	0	3563	142.14	10.39	3.60	12.13	18.65	14.35	23.14	1.52	18.82	20.76
5/26/2025 1:08:07 PM	2.79	1.03	1.65	0.67	0.00	0.00	0.00	0.23	6.14	78.21	5.35	10.57	1478	1031	743	20	0	0	0	0	3272	142.65	8.94	3.15	11.11	17.03	12.99	20.17	1.52	18.77	20.78
5/26/2025 1:08:10 PM	2.63	0.99	1.50	0.70	0.00	0.00	0.00	0.25	5.83	78.23	5.43	10.55	1396	995	675	21	0	0	0	0	3087	142.70	8.63	3.08	10.78	16.56	12.73	19.28	1.53	18.72	20.76
5/26/2025 1:08:12 PM	2.66	1.02	1.37	0.72	0.00	0.00	0.00	0.25	5.76	78.07	5.51	10.69	1409	1020	616	21	0	0	0	0	3066	142.41	8.44	3.11	10.82	16.44	12.74	18.94	1.54	18.72	20.73
5/26/2025 1:08:15 PM	2.85	1.00	1.28	0.77	0.00	0.00	0.00	0.23	5.90	78.26	5.60	10.75	1509	1004	574	23	0	0	0	0	3110	142.75	8.44	3.06	10.91	16.44	12.97	19.22	1.55	18.67	20.76
5/26/2025 1:08:18 PM	2.85	1.11	1.15	0.64	0.00	0.00	0.00	0.22	5.74	78.29	5.66	10.79	1510	1106	518	19	0	0	0	0	3153	142.81	7.84	2.97	10.88	15.85	12.68	18.23	1.55	18.68	20.73
5/26/2025 1:08:21 PM	2.83	1.13	1.12	0.71	0.00	0.00	0.00	0.24	5.79	78.25	5.72	10.73	1499	1132	502	21	0	0	0	0	3154	142.73	8.02	3.13	11.12	16.11	12.96	18.41	1.56	18.63	20.73
5/26/2025 1:08:24 PM	2.78	1.09	1.22	0.69	0.00	0.00	0.00	0.23	5.78	78.17	5.82	10.53	1473	1088	550	21	0	0	0	0	3133	142.58	8.11	3.12	10.98	16.02	12.79	18.51	1.57	18.60	20.71
5/26/2025 1:08:26 PM	2.57	1.07	1.30	0.68	0.00	0.00	0.00	0.25	5.62	78.41	5.89	10.15	1364	1075	585	20	0	0	0	0	3044	143.03	8.15	3.13	10.81	16.02	12.60	18.24	1.58	18.58	20.68
5/26/2025 1:08:29 PM	2.90	1.11	1.39	0.71	0.00	0.00	0.00	0.23	6.11	78.38	5.97	10.17	1538	1110	624	21	0	0	0	0	3293	142.96	8.61	3.31	11.39	16.82	13.17	19.67	1.58	18.56	20.60
5/26/2025 1:08:32 PM	2.74	1.16	1.33	0.62	0.00	0.00	0.00	0.24	5.85	78.35	6.05	10.26	1451	1159	600	19	0	0	0	0	3229	142.91	8.17	3.21	11.18	16.19	12.81	18.61	1.59	18.57	20.68
5/26/2025 1:08:35 PM	2.61	1.04	1.06	0.68	0.00	0.00	0.00	0.26	5.39	78.57	6.18	10.17	1381	1040	478	20	0	0	0	0	2919	143.31	7.67	3.05	10.51	15.62	12.29	17.48	1.61	18.51	20.58
5/26/2025 1:08:37 PM	2.82	1.16	1.16	0.65	0.00	0.00	0.00	0.23	5.79	78.60	6.27	10.01	1495	1156	523	20	0	0	0	0	3194	143.36	7.94	3.06	11.10	16.00	12.87	18.30	1.61	18.47	20.66
5/26/2025 1:08:40 PM	2.69	1.20	1.03	0.59	0.00	0.00	0.00	0.26	5.51	78.53	6.32	10.10	1425	1202	462	18	0	0	0	0	3106	143.23	7.48	3.11	10.95	15.63	12.50	17.30	1.62	18.48	20.60
5/26/2025 1:08:42 PM	2.86	1.34	0.93	0.52	0.00	0.00	0.00	0.26	5.64	78.45	6.38	10.16	1514	1336	417	16	0	0	0	0	3283	143.09	7.24	3.09	11.32	15.64	12.74	17.19	1.62	18.43	20.62
5/26/2025 1:08:45 PM	2.72	1.05	0.69	0.74	0.00	0.00	0.00	0.26	5.20	78.19	6.42	10.20	1441	1053	309	22	0	0	0	0	2826	142.62	7.10	2.93	10.40	15.07	12.30	16.55	1.63	18.42	20.63
5/26/2025 1:08:48 PM	2.56	1.27	1.01	0.59	0.00	0.00	0.00	0.27	5.42	78.17	6.44	10.26	1358	1266	453	18	0	0	0	0	3094	142.58	7.43	3.17	11.07	15.48	12.58	16.89	1.63	18.37	20.54
5/26/2025 1:08:51 PM	2.74	1.12	0.96	0.76	0.00	0.00	0.00	0.25	5.57	77.65	6.41	10.40	1452	1115	430	23	0	0	0	0	3020	141.63	7.79	3.11	10.95	15.80	12.87	17.75	1.63	18.34	20.52
5/26/2025 1:08:53 PM	3.21	1.32	1.12	0.67	0.00	0.00	0.00	0.21	6.32	76.76	6.38	10.53	1704	1318	505	20	0	0	0	0	3547	140.01	8.16	3.34	12.04	16.63	13.66	19.35	1.63	18.32	20.55
5/26/2025 1:08:56 PM	3.10	1.45	1.30	0.46	0.00	0.00	0.00	0.23	6.31	75.67	6.38	10.62	1644	1446	583	14	0	0	0	0	3687	138.03	8.00	3.40	12.18	16.77	13.35	19.11	1.63	18.28	20.55
5/26/2025 1:08:59 PM	3.33	1.09	0.62	1.01	0.00	0.00	0.00	0.21	6.05	75.28	6.38	10.70	1764	1094	280	30	0	0	0	0	3168	137.31	8.03	3.42	11.62	16.38	13.79	19.02	1.63	18.28	20.52
5/26/2025 1:09:02 PM	3.02	1.49	1.33	0.49	0.00	0.00	0.00	0.20	6.32	75.31	6.39	10.79	1599	1493	597	15	0	0	0	0	3703	137.37	8.06	3.27	12.28	16.23	13.63	18.80	1.63	18.22	20.49
