Date/Time	Green Algae	Bluegreen	Diatoms	Cryptophyta	#5	#6	#7	Yellow substances	Total conc.	Transmission	Depth	Temp. Sample	Green Algae	Bluegreen	Diatoms	Cryptophyta	#5	#6	#7	Yellow substances	Total cell count	Trans. 700 nm	LED 3 [525 nm]	LED 4 [570 nm]	LED 5 [610 nm]	LED 6 [370 nm]	LED 7 [590 nm]	LED 8 [470 nm]	Pressure	Temp. LEDs	Temp. Sensor
date	µg/l	µg/l	µg/l	µg/l	µg/l	µg/l	µg/l	r.u.	µg/l	%	m	°C	cells/ml	cells/ml	cells/ml	cells/ml	cells/ml	cells/ml	cells/ml	r.u.	cells/ml	digits	digits	digits	digits	digits	digits	digits	bar	°C	°C
8/11/2025 12:50:19 PM	12.86	0.97	5.11	1.40	0.00	0.00	0.00	0.00	20.33	72.51	0.01	22.91	6813	972	2299	42	0	0	0	0	10126	132.26	23.01	6.13	24.68	45.42	26.91	70.12	1.00	20.09	21.93
8/11/2025 12:50:22 PM	11.93	1.47	7.24	0.00	0.00	0.00	0.00	0.00	20.64	73.85	0.08	22.71	6320	1474	3258	0	0	0	0	0	11052	134.70	23.27	5.39	25.53	45.12	23.88	70.65	1.01	20.14	22.08
8/11/2025 12:50:24 PM	13.63	0.98	5.14	1.10	0.00	0.00	0.00	0.00	20.86	73.31	0.17	22.84	7225	985	2315	33	0	0	0	0	10558	133.72	22.57	5.51	24.73	46.19	26.72	72.00	1.02	20.19	21.90
8/11/2025 12:50:27 PM	12.87	1.64	6.97	0.00	0.00	0.00	0.00	0.00	21.48	72.71	0.27	23.05	6820	1644	3135	0	0	0	0	0	11600	132.62	23.30	4.28	25.55	46.62	26.42	72.84	1.03	20.20	21.92
8/11/2025 12:50:30 PM	12.82	1.70	7.42	0.12	0.00	0.00	0.00	0.00	22.06	73.56	0.35	22.81	6794	1702	3338	4	0	0	0	0	11838	134.18	24.43	5.66	26.79	47.46	27.01	75.34	1.03	20.27	21.92
8/11/2025 12:50:33 PM	11.50	1.80	8.53	0.00	0.00	0.00	0.00	0.00	21.82	73.21	0.44	22.91	6093	1798	3839	0	0	0	0	0	11730	133.53	26.16	5.64	26.37	48.37	27.06	73.96	1.04	20.24	21.87
8/11/2025 12:50:35 PM	13.58	1.38	6.45	0.83	0.00	0.00	0.00	0.00	22.23	73.38	0.51	23.03	7196	1381	2902	25	0	0	0	0	11504	133.85	25.10	6.18	26.48	50.27	28.17	75.19	1.05	20.29	21.89
8/11/2025 12:50:38 PM	12.29	1.35	7.08	0.63	0.00	0.00	0.00	0.00	21.35	72.95	0.54	23.00	6515	1349	3186	19	0	0	0	0	11069	133.07	25.03	6.37	25.66	47.95	26.71	72.97	1.05	20.29	22.03
8/11/2025 12:50:41 PM	12.25	1.81	8.01	0.00	0.00	0.00	0.00	0.00	22.06	73.37	0.55	22.97	6492	1806	3603	0	0	0	0	0	11901	133.82	25.47	5.53	26.95	48.71	26.76	74.43	1.05	20.34	21.92
8/11/2025 12:50:43 PM	13.07	1.15	6.30	0.90	0.00	0.00	0.00	0.00	21.42	73.07	0.58	22.96	6930	1150	2834	27	0	0	0	0	10940	133.28	24.27	6.92	25.78	47.84	26.55	73.72	1.06	20.40	21.98
8/11/2025 12:50:47 PM	12.78	1.68	7.46	0.00	0.00	0.00	0.00	0.00	21.92	73.32	0.61	22.90	6772	1679	3358	0	0	0	0	0	11809	133.74	24.40	6.15	26.96	48.22	25.55	74.15	1.06	20.42	21.92
8/11/2025 12:50:49 PM	11.02	1.71	8.79	0.00	0.00	0.00	0.00	0.00	21.53	72.78	0.68	22.76	5841	1712	3957	0	0	0	0	0	11510	132.75	26.41	6.63	26.50	48.03	25.78	73.29	1.07	20.44	21.90
8/11/2025 12:50:52 PM	12.35	1.62	7.35	0.00	0.00	0.00	0.00	0.00	21.31	73.32	0.65	22.88	6544	1620	3306	0	0	0	0	0	11470	133.75	24.09	4.69	25.15	47.62	26.16	71.73	1.06	20.48	22.05
8/11/2025 12:50:55 PM	12.17	1.27	6.73	0.66	0.00	0.00	0.00	0.00	20.83	73.50	0.66	22.94	6449	1271	3029	20	0	0	0	0	10769	134.07	24.30	5.42	24.72	46.85	26.54	71.19	1.06	20.52	21.97
8/11/2025 12:50:57 PM	12.42	1.62	6.89	0.37	0.00	0.00	0.00	0.00	21.30	73.37	0.67	22.76	6582	1623	3099	11	0	0	0	0	11315	133.83	24.21	5.83	25.79	47.69	26.80	71.46	1.07	20.54	22.06
8/11/2025 12:51:00 PM	12.93	1.36	6.50	0.79	0.00	0.00	0.00	0.00	21.58	73.23	0.70	22.63	6851	1363	2926	24	0	0	0	0	11164	133.57	24.59	6.21	26.05	48.15	27.42	73.56	1.07	20.54	22.05
8/11/2025 12:51:03 PM	12.28	1.85	7.84	0.02	0.00	0.00	0.00	0.00	21.98	73.17	0.74	22.70	6507	1846	3528	0	0	0	0	0	11881	133.47	25.24	6.09	26.68	48.93	26.94	73.59	1.07	20.61	22.00
8/11/2025 12:51:06 PM	11.84	1.94	8.53	0.00	0.00	0.00	0.00	0.00	22.31	73.61	0.77	22.67	6276	1937	3840	0	0	0	0	0	12052	134.27	26.44	5.59	27.72	48.97	27.32	75.36	1.08	20.65	22.00
8/11/2025 12:51:08 PM	12.01	2.04	8.43	0.13	0.00	0.00	0.00	0.00	22.61	73.42	0.80	22.66	6366	2044	3792	4	0	0	0	0	12205	133.91	26.57	6.62	28.25	49.20	28.29	76.22	1.08	20.65	22.05
8/11/2025 12:51:11 PM	12.05	2.17	8.55	0.12	0.00	0.00	0.00	0.00	22.89	73.20	0.83	22.54	6388	2168	3849	4	0	0	0	0	12409	133.51	27.16	6.49	28.52	50.61	29.01	76.25	1.08	20.69	22.00
8/11/2025 12:51:14 PM	12.71	2.28	8.26	0.00	0.00	0.00	0.00	0.00	23.25	72.48	0.88	22.43	6734	2284	3715	0	0	0	0	0	12734	132.20	26.94	4.96	29.32	51.74	28.90	76.39	1.09	20.71	22.09
8/11/2025 12:51:17 PM	11.56	2.27	8.66	0.00	0.00	0.00	0.00	0.00	22.49	73.19	0.90	22.42	6127	2272	3898	0	0	0	0	0	12297	133.51	27.12	5.74	27.94	50.46	28.92	73.96	1.09	20.74	22.08
8/11/2025 12:51:20 PM	12.82	2.30	8.11	0.00	0.00	0.00	0.00	0.00	23.23	73.46	0.91	22.44	6795	2300	3650	0	0	0	0	0	12745	134.00	26.47	6.56	29.16	51.48	28.85	76.34	1.09	20.78	22.08
8/11/2025 12:51:22 PM	13.00	2.07	7.82	0.00	0.00	0.00	0.00	0.00	22.88	72.49	0.91	22.41	6889	2070	3517	0	0	0	0	0	12476	132.22	25.93	5.37	28.06	51.23	28.19	75.50	1.09	20.80	22.06
8/11/2025 12:51:25 PM	12.19	1.57	7.78	0.67	0.00	0.00	0.00	0.00	22.21	72.66	0.93	22.44	6463	1571	3499	20	0	0	0	0	11554	132.54	26.73	6.93	27.18	49.70	28.14	75.68	1.09	20.84	22.06
8/11/2025 12:51:28 PM	12.56	1.91	7.65	0.00	0.00	0.00	0.00	0.00	22.12	73.21	0.95	22.53	6657	1908	3441	0	0	0	0	0	12006	133.54	24.72	5.93	27.33	47.95	26.99	74.53	1.09	20.87	22.13
8/11/2025 12:51:31 PM	10.76	1.90	8.01	0.38	0.00	0.00	0.00	0.00	21.05	73.88	0.97	22.42	5704	1901	3605	11	0	0	0	0	11221	134.77	26.05	6.66	26.45	47.51	27.32	70.13	1.09	20.89	22.08
8/11/2025 12:51:33 PM	11.59	1.78	8.04	0.00	0.00	0.00	0.00	0.00	21.41	72.93	0.99	22.37	6145	1780	3616	0	0	0	0	0	11541	133.03	25.16	5.91	26.22	47.50	26.15	72.19	1.10	20.93	22.03
8/11/2025 12:51:36 PM	12.26	2.10	7.80	0.00	0.00	0.00	0.00	0.00	22.17	73.04	1.01	22.31	6497	2104	3512	0	0	0	0	0	12113	133.22	25.35	5.47	28.15	48.72	27.21	73.55	1.10	20.97	22.05
8/11/2025 12:51:39 PM	11.37	1.95	7.90	0.26	0.00	0.00	0.00	0.00	21.48	72.87	1.02	22.34	6028	1948	3553	8	0	0	0	0	11537	132.92	25.39	7.08	27.36	46.75	27.08	72.40	1.10	21.02	22.11
8/11/2025 12:51:42 PM	11.80	1.92	7.86	0.30	0.00	0.00	0.00	0.00	21.88	73.03	1.05	22.31	6253	1917	3537	9	0	0	0	0	11715	133.20	25.79	6.75	27.41	48.19	27.68	73.51	1.10	21.02	22.05
8/11/2025 12:51:45 PM	11.58	2.13	8.48	0.00	0.00	0.00	0.00	0.00	22.20	73.30	1.07	22.33	6136	2134	3818	0	0	0	0	0	12088	133.70	26.51	6.73	27.76	49.64	27.67	73.49	1.10	21.06	22.17
8/11/2025 12:51:47 PM	12.48	2.07	8.00	0.04	0.00	0.00	0.00	0.00	22.58	72.82	1.07	22.34	6613	2068	3598	1	0	0	0	0	12280	132.82	25.90	6.10	27.77	49.96	28.20	75.05	1.11	21.10	22.21
8/11/2025 12:51:50 PM	12.62	2.18	8.09	0.00	0.00	0.00	0.00	0.00	22.89	73.00	1.09	22.34	6690	2178	3638	0	0	0	0	0	12507	133.16	26.27	6.66	28.57	51.11	28.12	75.38	1.11	21.16	22.21
8/11/2025 12:51:53 PM	12.34	2.17	8.17	0.00	0.00	0.00	0.00	0.00	22.68	72.89	1.11	22.38	6541	2170	3676	0	0	0	0	0	12388	132.95	26.25	6.29	28.15	50.44	28.32	74.92	1.11	21.17	22.22
8/11/2025 12:51:56 PM	11.97	2.12	8.57	0.00	0.00	0.00	0.00	0.00	22.66	72.70	1.10	22.45	6343	2122	3859	0	0	0	0	0	12323	132.61	26.88	6.66	28.29	50.55	27.93	75.29	1.11	21.20	22.21
8/11/2025 12:51:59 PM	11.68	2.23	8.89	0.00	0.00	0.00	0.00	0.00	22.81	72.83	1.16	22.42	6191	2234	4002	0	0	0	0	0	12427	132.85	27.65	6.03	28.23	51.29	28.97	75.28	1.11	21.21	22.17
8/11/2025 12:52:01 PM	11.93	2.24	9.87	0.02	0.00	0.00	0.00	0.00	24.05	72.82	1.16	22.36	6323	2236	4441	0	0	0	0	0	13000	132.83	29.86	7.18	29.54	54.31	29.92	80.10	1.11	21.26	22.21
8/11/2025 12:52:04 PM	13.14	2.29	9.12	0.00	0.00	0.00	0.00	0.00	24.55	72.23	1.17	22.29	6965	2293	4104	0	0	0	0	0	13362	131.74	28.90	6.65	30.51	54.88	29.94	81.34	1.11	21.27	22.22
8/11/2025 12:52:07 PM	13.03	1.93	8.72	0.86	0.00	0.00	0.00	0.00	24.53	73.55	1.19	22.33	6908	1927	3922	26	0	0	0	0	12782	134.16	29.98	7.90	30.52	54.68	31.59	83.07	1.12	21.32	22.25
8/11/2025 12:52:10 PM	14.66	2.81	9.26	0.03	0.00	0.00	0.00	0.00	26.76	73.27	1.22	22.37	7768	2808	4166	1	0	0	0	0	14743	133.64	30.45	8.45	33.63	59.73	33.08	86.86	1.12	21.36	22.27
8/11/2025 12:52:12 PM	14.98	2.00	8.48	0.99	0.00	0.00	0.00	0.00	26.45	72.81	1.24	22.42	7939	1996	3816	30	0	0	0	0	13780	132.81	31.09	7.90	32.29	59.33	33.87	88.90	1.12	21.35	22.30
8/11/2025 12:52:15 PM	14.60	2.65	9.79	0.00	0.00	0.00	0.00	0.00	27.04	72.80	1.25	22.34	7740	2652	4403	0	0	0	0	0	14796	132.78	31.41	7.64	33.21	60.65	33.33	88.67	1.12	21.39	22.27
8/11/2025 12:52:17 PM	15.64	2.73	10.09	0.36	0.00	0.00	0.00	0.00	28.83	72.59	1.26	22.27	8291	2727	4543	11	0	0	0	0	15571	132.41	33.68	8.42	35.51	64.48	36.08	94.99	1.12	21.41	22.32
8/11/2025 12:52:20 PM	15.12	2.59	10.19	0.08	0.00	0.00	0.00	0.00	27.99	72.13	1.27	22.24	8016	2594	4588	2	0	0	0	0	15201	131.56	32.68	7.96	34.06	62.68	34.27	92.58	1.12	21.47	22.38
8/11/2025 12:52:23 PM	15.93	2.76	10.06	0.09	0.00	0.00	0.00	0.00	28.83	72.43	1.29	22.29	8444	2756	4527	3	0	0	0	0	15728	132.11	32.91	8.03	35.23	64.18	35.39	94.90	1.13	21.46	22.35
8/11/2025 12:52:26 PM	16.42	2.44	8.79	0.85	0.00	0.00	0.00	0.00	28.50	72.88	1.28	22.35	8705	2435	3953	26	0	0	0	0	15119	132.94	32.41	8.61	35.18	63.48	36.13	94.49	1.13	21.50	22.35
8/11/2025 12:52:29 PM	15.64	2.99	10.34	0.00	0.00	0.00	0.00	0.00	28.97	73.00	1.30	22.36	8288	2993	4653	0	0	0	0	0	15933	133.16	33.28	8.02	35.99	64.15	35.84	94.80	1.13	21.51	22.34
8/11/2025 12:52:31 PM	15.53	2.56	10.35	0.09	0.00	0.00	0.00	0.00	28.54	72.35	1.31	22.43	8233	2563	4657	3	0	0	0	0	15456	131.97	33.27	8.76	34.63	64.35	34.31	94.36	1.13	21.56	22.35
8/11/2025 12:52:34 PM	15.24	2.91	10.97	0.00	0.00	0.00	0.00	0.00	29.12	72.85	1.34	22.48	8076	2906	4939	0	0	0	0	0	15921	132.89	34.34	8.39	35.91	64.71	35.88	96.04	1.13	21.60	22.38
8/11/2025 12:52:37 PM	15.07	2.73	10.77	0.17	0.00	0.00	0.00	0.00	28.73	72.85	1.37	22.43	7985	2726	4847	5	0	0	0	0	15563	132.88	34.12	8.65	35.45	63.87	35.39	95.38	1.13	21.61	22.38
8/11/2025 12:52:39 PM	16.72	3.02	11.63	0.00	0.00	0.00	0.00	0.00	31.37	72.70	1.43	22.40	8862	3017	5232	0	0	0	0	0	17112	132.61	36.67	8.69	38.49	69.83	37.77	103.61	1.14	21.65	22.38
8/11/2025 12:52:42 PM	16.92	3.09	13.46	0.00	0.00	0.00	0.00	0.00	33.46	72.44	1.40	22.38	8966	3087	6056	0	0	0	0	0	18108	132.14	41.02	9.15	40.71	75.76	39.73	111.01	1.14	21.66	22.48
8/11/2025 12:52:45 PM	17.12	3.19	13.16	0.00	0.00	0.00	0.00	0.00	33.47	72.32	1.43	22.43	9071	3191	5923	0	0	0	0	0	18185	131.92	40.47	8.94	40.49	75.33	40.56	110.68	1.14	21.67	22.45
8/11/2025 12:52:47 PM	17.07	3.31	13.59	0.00	0.00	0.00	0.00	0.05	33.97	72.18	1.47	22.45	9047	3309	6116	0	0	0	0	0	18472	131.66	41.88	9.43	41.52	78.29	40.79	111.72	1.14	21.72	22.51
8/11/2025 12:52:50 PM	18.53	3.26	15.06	0.00	0.00	0.00	0.00	0.00	36.85	72.27	1.50	22.37	9820	3263	6775	0	0	0	0	0	19858	131.81	45.64	10.37	43.76	84.61	43.39	122.13	1.15	21.72	22.46
8/11/2025 12:52:53 PM	18.32	3.42	17.54	0.00	0.00	0.00	0.00	0.13	39.29	72.23	1.51	22.35	9712	3420	7894	0	0	0	0	0	21026	131.75	51.36	10.39	46.23	92.35	46.79	132.29	1.15	21.75	22.48
8/11/2025 12:52:56 PM	19.62	3.79	21.02	0.00	0.00	0.00	0.00	0.25	44.43	71.73	1.56	22.34	10398	3794	9457	0	0	0	0	0	23649	130.85	60.08	12.52	52.43	106.07	52.03	151.39	1.15	21.77	22.51
8/11/2025 12:52:58 PM	19.45	3.65	20.13	0.00	0.00	0.00	0.00	0.23	43.23	71.88	1.61	22.36	10308	3646	9059	0	0	0	0	0	23013	131.10	57.94	12.14	51.10	103.01	50.29	147.08	1.16	21.82	22.53
8/11/2025 12:53:01 PM	19.99	3.88	20.67	0.00	0.00	0.00	0.00	0.18	44.53	71.85	1.62	22.36	10593	3878	9300	0	0	0	0	0	23771	131.06	59.50	12.59	53.50	105.14	51.31	150.69	1.16	21.87	22.53
8/11/2025 12:53:04 PM	20.36	3.54	20.96	0.00	0.00	0.00	0.00	0.13	44.86	71.75	1.66	22.29	10789	3541	9434	0	0	0	0	0	23764	130.87	59.95	12.21	51.78	105.85	51.96	152.74	1.16	21.86	22.54
8/11/2025 12:53:07 PM	19.66	3.70	21.31	0.00	0.00	0.00	0.00	0.24	44.67	71.98	1.67	22.33	10417	3704	9588	0	0	0	0	0	23709	131.30	60.71	11.93	52.42	106.70	52.13	152.59	1.16	21.87	22.54
8/11/2025 12:53:10 PM	19.41	3.41	21.63	0.00	0.00	0.00	0.00	0.09	44.45	72.15	1.65	22.38	10290	3410	9733	0	0	0	0	0	23433	131.61	60.73	11.87	51.29	104.63	51.28	151.98	1.16	21.92	22.56
8/11/2025 12:53:12 PM	22.01	4.23	26.55	0.00	0.00	0.00	0.00	0.33	52.79	71.51	1.69	22.34	11668	4231	11947	0	0	0	0	0	27846	130.44	73.98	14.09	61.89	127.09	60.44	182.11	1.17	21.96	22.56
8/11/2025 12:53:15 PM	22.02	4.20	29.66	0.00	0.00	0.00	0.00	0.36	55.89	71.56	1.70	22.33	11672	4205	13349	0	0	0	0	0	29226	130.53	80.68	15.71	64.84	135.18	63.25	194.77	1.17	21.98	22.62
8/11/2025 12:53:18 PM	22.12	4.19	29.98	0.00	0.00	0.00	0.00	0.41	56.29	70.80	1.73	22.33	11722	4193	13489	0	0	0	0	0	29405	129.13	81.62	14.91	65.37	136.89	63.60	196.67	1.17	21.97	22.62
8/11/2025 12:53:21 PM	22.37	3.94	29.91	0.00	0.00	0.00	0.00	0.20	56.22	71.31	1.74	22.26	11854	3940	13459	0	0	0	0	0	29253	130.07	80.83	15.61	63.78	134.24	63.40	195.76	1.17	22.02	22.67
8/11/2025 12:53:23 PM	23.37	4.29	32.29	0.00	0.00	0.00	0.00	0.25	59.96	71.05	1.77	22.22	12386	4293	14532	0	0	0	0	0	31211	129.60	86.87	17.20	68.48	143.54	67.36	209.04	1.17	22.03	22.62
8/11/2025 12:53:26 PM	23.65	4.47	42.96	0.00	0.00	0.00	0.00	0.00	71.09	70.26	1.81	22.19	12536	4474	19332	0	0	0	0	0	36341	128.16	109.43	20.32	79.69	166.50	78.54	251.64	1.18	22.06	22.66
8/11/2025 12:53:29 PM	22.57	4.29	41.84	0.00	0.00	0.00	0.00	0.00	68.71	70.13	1.81	22.24	11963	4294	18830	0	0	0	0	0	35086	127.92	106.16	19.58	76.51	160.62	76.70	243.86	1.18	22.08	22.67
8/11/2025 12:53:32 PM	22.04	4.16	40.49	0.00	0.00	0.00	0.00	0.00	66.69	70.25	1.84	22.25	11681	4164	18221	0	0	0	0	0	34066	128.14	103.03	18.94	74.42	156.50	74.24	236.21	1.18	22.12	22.69
8/11/2025 12:53:34 PM	21.93	4.27	38.96	0.00	0.00	0.00	0.00	0.00	65.17	70.32	1.86	22.23	11625	4272	17533	0	0	0	0	0	33430	128.27	99.80	18.35	73.90	152.43	72.37	229.82	1.18	22.11	22.67
8/11/2025 12:53:37 PM	21.26	4.04	38.97	0.00	0.00	0.00	0.00	0.00	64.27	70.41	1.88	22.17	11269	4039	17536	0	0	0	0	0	32843	128.43	99.23	17.81	71.71	150.66	71.97	227.59	1.18	22.12	22.69
8/11/2025 12:53:40 PM	21.65	4.18	39.49	0.00	0.00	0.00	0.00	0.00	65.32	70.15	1.89	22.14	11472	4183	17770	0	0	0	0	0	33424	127.95	100.54	18.05	73.39	152.32	73.07	231.43	1.19	22.17	22.74
8/11/2025 12:53:42 PM	20.48	4.18	38.50	0.00	0.00	0.00	0.00	0.00	63.16	70.53	1.91	22.09	10855	4178	17323	0	0	0	0	0	32357	128.65	97.70	18.03	71.71	147.03	70.81	223.67	1.19	22.21	22.69
8/11/2025 12:53:45 PM	21.92	4.21	38.42	0.00	0.00	0.00	0.00	0.00	64.55	70.93	1.94	22.02	11620	4214	17288	0	0	0	0	0	33121	129.38	98.49	17.81	73.51	150.41	71.46	228.00	1.19	22.20	22.74
8/11/2025 12:53:48 PM	19.77	3.98	38.77	0.00	0.00	0.00	0.00	0.00	62.52	70.52	1.97	22.01	10477	3984	17447	0	0	0	0	0	31908	128.63	97.77	17.32	70.05	145.87	70.63	222.37	1.19	22.21	22.75
8/11/2025 12:53:51 PM	18.40	4.02	35.37	0.00	0.00	0.00	0.00	0.00	57.80	71.25	1.99	21.97	9752	4025	15916	0	0	0	0	0	29694	129.96	89.52	17.02	66.14	133.78	65.91	204.56	1.19	22.27	22.75
8/11/2025 12:53:54 PM	17.70	4.16	35.73	0.00	0.00	0.00	0.00	0.00	57.59	71.02	2.00	21.95	9383	4165	16076	0	0	0	0	0	29624	129.54	90.18	16.29	66.44	133.46	66.19	203.48	1.20	22.28	22.82
8/11/2025 12:53:56 PM	17.02	3.98	34.24	0.00	0.00	0.00	0.00	0.00	55.24	71.08	2.03	21.96	9018	3982	15409	0	0	0	0	0	28409	129.65	86.33	15.62	63.70	127.48	63.78	195.59	1.20	22.31	22.88
8/11/2025 12:53:59 PM	16.83	3.80	34.17	0.00	0.00	0.00	0.00	0.00	54.80	71.35	2.04	21.96	8920	3804	15376	0	0	0	0	0	28100	130.15	85.97	14.94	62.77	126.62	63.15	194.69	1.20	22.32	22.87
8/11/2025 12:54:02 PM	16.64	3.92	33.75	0.00	0.00	0.00	0.00	0.00	54.31	71.56	2.06	21.91	8821	3915	15188	0	0	0	0	0	27924	130.53	85.01	15.12	62.88	125.15	62.65	192.49	1.20	22.32	22.85
8/11/2025 12:54:04 PM	16.18	3.71	31.81	0.00	0.00	0.00	0.00	0.00	51.70	71.59	2.05	21.90	8574	3715	14313	0	0	0	0	0	26601	130.59	80.31	15.52	59.78	119.14	59.59	183.05	1.20	22.33	22.85
8/11/2025 12:54:07 PM	16.58	3.81	31.08	0.00	0.00	0.00	0.00	0.00	51.47	71.61	2.06	21.84	8788	3807	13988	0	0	0	0	0	26583	130.63	79.18	15.39	59.90	118.86	59.25	181.18	1.20	22.36	22.83
8/11/2025 12:54:10 PM	17.04	4.00	31.63	0.00	0.00	0.00	0.00	0.00	52.67	71.30	2.06	21.84	9031	4004	14233	0	0	0	0	0	27267	130.05	80.74	14.61	61.46	121.02	61.18	185.21	1.20	22.40	22.91
8/11/2025 12:54:13 PM	17.45	3.87	33.27	0.00	0.00	0.00	0.00	0.00	54.59	71.31	2.09	21.72	9246	3871	14972	0	0	0	0	0	28089	130.07	84.37	15.33	63.27	125.73	62.27	193.25	1.21	22.39	22.87
8/11/2025 12:54:16 PM	16.69	3.87	31.73	0.00	0.00	0.00	0.00	0.00	52.29	71.51	2.12	21.69	8848	3868	14280	0	0	0	0	0	26996	130.44	80.74	15.05	60.62	120.86	60.51	184.10	1.21	22.42	22.87
8/11/2025 12:54:18 PM	14.33	3.52	26.56	0.00	0.00	0.00	0.00	0.00	44.41	71.46	2.15	21.71	7597	3516	11950	0	0	0	0	0	23063	130.34	67.88	12.50	52.22	101.47	52.79	155.93	1.21	22.43	22.90
8/11/2025 12:54:21 PM	14.11	3.53	22.84	0.00	0.00	0.00	0.00	0.00	40.47	72.15	2.17	21.67	7476	3528	10276	0	0	0	0	0	21280	131.61	59.76	11.58	48.39	91.93	49.03	140.10	1.21	22.47	22.91
8/11/2025 12:54:23 PM	14.94	3.56	23.60	0.00	0.00	0.00	0.00	0.00	42.10	72.12	2.20	21.68	7920	3557	10620	0	0	0	0	0	22097	131.56	62.06	11.87	49.76	96.50	50.57	145.47	1.22	22.48	22.96
8/11/2025 12:54:27 PM	14.67	3.60	20.83	0.00	0.00	0.00	0.00	0.00	39.11	72.45	2.21	21.65	7777	3602	9375	0	0	0	0	0	20754	132.16	55.95	11.52	47.22	89.09	47.50	133.45	1.22	22.47	22.96
8/11/2025 12:54:29 PM	14.38	3.78	20.84	0.00	0.00	0.00	0.00	0.00	38.99	72.31	2.24	21.64	7620	3780	9376	0	0	0	0	0	20776	131.89	55.98	12.01	48.02	88.82	47.29	132.33	1.22	22.52	22.98
8/11/2025 12:54:32 PM	14.25	3.59	19.47	0.00	0.00	0.00	0.00	0.00	37.31	72.31	2.26	21.63	7552	3592	8761	0	0	0	0	0	19905	131.90	52.86	10.69	45.78	84.83	45.53	126.46	1.22	22.52	23.01
8/11/2025 12:54:35 PM	14.86	3.39	19.70	0.00	0.00	0.00	0.00	0.00	37.95	72.44	2.27	21.62	7876	3393	8863	0	0	0	0	0	20132	132.14	53.75	10.33	45.64	87.32	45.65	128.88	1.22	22.54	22.99
8/11/2025 12:54:37 PM	13.59	3.53	18.35	0.00	0.00	0.00	0.00	0.00	35.47	72.67	2.29	21.63	7203	3529	8256	0	0	0	0	0	18989	132.55	50.14	9.92	44.13	80.65	43.47	119.62	1.22	22.55	23.04
8/11/2025 12:54:40 PM	13.84	3.60	17.21	0.00	0.00	0.00	0.00	0.00	34.65	73.14	2.31	21.61	7337	3603	7743	0	0	0	0	0	18684	133.41	47.80	9.89	43.72	78.23	42.61	116.07	1.23	22.57	23.01
8/11/2025 12:54:43 PM	13.92	3.48	18.21	0.00	0.00	0.00	0.00	0.00	35.62	72.66	2.33	21.59	7378	3482	8197	0	0	0	0	0	19057	132.54	49.98	10.23	43.82	81.22	43.66	120.06	1.23	22.59	23.01
8/11/2025 12:54:46 PM	12.84	3.53	15.39	0.00	0.00	0.00	0.00	0.00	31.75	72.61	2.34	21.63	6805	3527	6924	0	0	0	0	0	17256	132.45	43.30	9.36	40.28	71.69	40.25	105.17	1.23	22.61	23.01
8/11/2025 12:54:48 PM	13.28	3.57	14.71	0.00	0.00	0.00	0.00	0.00	31.56	72.86	2.34	21.62	7039	3575	6619	0	0	0	0	0	17233	132.90	42.20	9.29	39.67	71.62	40.50	103.54	1.23	22.61	23.04
8/11/2025 12:54:51 PM	13.25	3.31	13.73	0.00	0.00	0.00	0.00	0.00	30.28	73.01	2.36	21.59	7020	3311	6178	0	0	0	0	0	16508	133.17	39.92	8.53	38.04	68.82	38.36	99.46	1.23	22.63	23.04
8/11/2025 12:54:54 PM	12.84	3.56	13.81	0.00	0.00	0.00	0.00	0.00	30.21	73.33	2.39	21.57	6807	3560	6213	0	0	0	0	0	16579	133.76	39.92	9.07	39.13	67.81	38.51	98.83	1.23	22.62	23.06
8/11/2025 12:54:57 PM	12.99	3.68	15.17	0.00	0.00	0.00	0.00	0.00	31.84	72.66	2.40	21.53	6883	3682	6827	0	0	0	0	0	17392	132.54	43.14	9.24	41.42	71.77	39.94	104.71	1.24	22.67	23.09
8/11/2025 12:54:59 PM	13.55	3.55	14.70	0.00	0.00	0.00	0.00	0.00	31.80	72.74	2.43	21.49	7182	3546	6615	0	0	0	0	0	17343	132.67	42.36	9.21	40.53	72.09	39.84	104.47	1.24	22.68	23.11
8/11/2025 12:55:02 PM	12.01	3.45	14.39	0.00	0.00	0.00	0.00	0.00	29.85	72.72	2.44	21.48	6365	3455	6476	0	0	0	0	0	16296	132.64	40.72	8.68	38.09	67.53	38.61	98.18	1.24	22.68	23.17
8/11/2025 12:55:05 PM	11.87	3.77	11.79	0.00	0.00	0.00	0.00	0.08	27.44	73.10	2.46	21.45	6292	3773	5307	0	0	0	0	0	15372	133.34	35.48	8.68	37.16	62.36	36.38	87.76	1.24	22.71	23.17
8/11/2025 12:55:08 PM	11.90	3.52	12.14	0.00	0.00	0.00	0.00	0.00	27.56	73.07	2.48	21.40	6309	3515	5464	0	0	0	0	0	15288	133.27	35.80	8.33	36.64	61.44	35.92	89.03	1.24	22.68	23.15
8/11/2025 12:55:10 PM	11.35	4.05	9.66	0.00	0.00	0.00	0.00	0.06	25.06	73.13	2.50	21.45	6016	4048	4346	0	0	0	0	0	14411	133.40	30.77	7.76	35.66	55.77	34.85	77.43	1.25	22.72	23.19
8/11/2025 12:55:13 PM	10.89	5.03	7.86	0.00	0.00	0.00	0.00	0.05	23.79	73.29	2.49	21.16	5774	5029	3538	0	0	0	0	0	14341	133.68	27.27	7.74	36.93	50.83	36.20	68.89	1.24	22.74	23.17
8/11/2025 12:55:16 PM	10.53	5.26	8.30	0.00	0.00	0.00	0.00	0.11	24.09	73.15	2.51	20.93	5579	5262	3736	0	0	0	0	0	14577	133.43	28.34	7.86	37.98	52.18	37.11	69.97	1.25	22.74	23.19
8/11/2025 12:55:18 PM	10.51	5.25	8.54	0.00	0.00	0.00	0.00	0.06	24.30	73.00	2.51	20.91	5572	5248	3845	0	0	0	0	0	14664	133.16	28.71	8.18	38.19	52.00	37.14	70.51	1.25	22.75	23.17
8/11/2025 12:55:21 PM	11.04	5.24	8.01	0.00	0.00	0.00	0.00	0.05	24.29	73.00	2.55	20.98	5851	5240	3605	0	0	0	0	0	14696	133.15	27.83	8.18	38.18	51.79	36.90	70.05	1.25	22.78	23.19
8/11/2025 12:55:24 PM	10.73	5.34	8.21	0.00	0.00	0.00	0.00	0.10	24.28	72.84	2.53	20.97	5687	5336	3694	0	0	0	0	0	14717	132.86	28.29	7.83	38.32	52.34	37.45	70.21	1.25	22.76	23.15
8/11/2025 12:55:27 PM	10.58	5.60	7.45	0.00	0.00	0.00	0.00	0.05	23.64	72.75	2.57	20.96	5609	5601	3353	0	0	0	0	0	14563	132.69	26.61	7.88	38.26	49.58	37.58	66.39	1.25	22.77	23.17
8/11/2025 12:55:29 PM	10.29	6.25	7.65	0.00	0.00	0.00	0.00	0.05	24.19	72.75	2.58	20.87	5455	6249	3442	0	0	0	0	0	15146	132.71	27.33	8.55	40.89	49.93	39.30	66.38	1.25	22.79	23.22
8/11/2025 12:55:32 PM	9.92	6.22	7.85	0.01	0.00	0.00	0.00	0.06	24.00	72.74	2.59	20.83	5259	6219	3533	0	0	0	0	0	15011	132.68	27.47	9.09	40.15	49.65	39.63	66.08	1.25	22.82	23.28
8/11/2025 12:55:35 PM	10.13	6.71	6.82	0.00	0.00	0.00	0.00	0.10	23.65	72.38	2.63	20.54	5367	6708	3069	0	0	0	0	0	15144	132.03	25.82	8.85	41.30	48.60	40.26	63.03	1.26	22.80	23.28
8/11/2025 12:55:38 PM	9.88	7.14	6.65	0.00	0.00	0.00	0.00	0.19	23.67	72.68	2.65	20.35	5236	7141	2991	0	0	0	0	0	15368	132.57	25.78	9.11	42.42	49.13	41.52	62.24	1.26	22.82	23.27
8/11/2025 12:55:40 PM	9.84	7.15	7.45	0.00	0.00	0.00	0.00	0.10	24.43	72.52	2.64	20.40	5213	7151	3351	0	0	0	0	0	15715	132.28	27.39	8.68	43.36	49.82	42.12	64.67	1.26	22.83	23.30
8/11/2025 12:55:43 PM	9.86	7.09	7.54	0.00	0.00	0.00	0.00	0.10	24.49	72.30	2.69	20.33	5224	7094	3394	0	0	0	0	0	15712	131.88	27.48	9.17	42.93	50.03	42.32	65.11	1.26	22.83	23.32
8/11/2025 12:55:46 PM	10.09	7.19	7.54	0.29	0.00	0.00	0.00	0.14	25.11	72.44	2.70	20.08	5346	7194	3392	9	0	0	0	0	15941	132.13	28.59	9.66	44.05	51.88	44.02	67.25	1.26	22.85	23.32
8/11/2025 12:55:49 PM	10.27	7.00	7.59	0.18	0.00	0.00	0.00	0.04	25.05	72.14	2.72	20.11	5444	7004	3416	5	0	0	0	0	15870	131.58	28.17	9.26	43.24	50.74	43.21	66.97	1.27	22.86	23.36
8/11/2025 12:55:51 PM	10.37	6.72	8.05	0.00	0.00	0.00	0.00	0.03	25.14	72.19	2.74	20.26	5498	6720	3621	0	0	0	0	0	15839	131.68	28.47	8.98	42.53	51.22	41.88	68.24	1.27	22.86	23.33
8/11/2025 12:55:54 PM	10.52	7.13	7.52	0.03	0.00	0.00	0.00	0.06	25.20	72.38	2.77	20.34	5573	7133	3386	1	0	0	0	0	16093	132.03	27.79	9.50	43.61	51.04	43.02	67.02	1.27	22.88	23.30
8/11/2025 12:55:57 PM	11.30	10.07	8.25	0.63	0.00	0.00	0.00	0.03	30.25	71.11	2.80	20.30	5989	10066	3713	19	0	0	0	0	19787	129.70	33.54	12.68	56.94	58.24	56.39	75.40	1.27	22.86	23.36
8/11/2025 12:56:00 PM	11.92	10.83	7.45	1.99	0.00	0.00	0.00	0.07	32.18	70.88	2.81	20.24	6317	10828	3352	60	0	0	0	0	20557	129.29	36.78	14.68	62.54	62.20	63.66	79.89	1.27	22.88	23.33
8/11/2025 12:56:03 PM	12.23	12.60	7.97	0.38	0.00	0.00	0.00	0.02	33.18	70.47	2.82	20.21	6481	12602	3586	11	0	0	0	0	22681	128.54	34.41	14.55	66.20	61.19	64.21	77.00	1.28	22.87	23.38
8/11/2025 12:56:05 PM	12.93	16.99	6.14	1.64	0.00	0.00	0.00	0.01	37.70	68.82	2.85	20.30	6853	16991	2763	49	0	0	0	0	26656	125.52	37.62	17.83	83.53	64.81	82.70	77.84	1.28	22.88	23.40
8/11/2025 12:56:08 PM	12.69	15.51	5.69	2.27	0.00	0.00	0.00	0.05	36.16	68.97	2.87	20.39	6724	15506	2561	68	0	0	0	0	24859	125.81	37.47	17.43	78.98	64.06	79.43	77.60	1.28	22.88	23.40
8/11/2025 12:56:11 PM	12.45	20.15	7.03	0.90	0.00	0.00	0.00	0.00	40.53	68.16	2.90	20.46	6601	20145	3165	27	0	0	0	0	29939	124.33	39.08	19.67	93.95	66.04	90.85	78.15	1.28	22.87	23.38
8/11/2025 12:56:13 PM	12.53	20.90	6.90	0.85	0.00	0.00	0.00	0.00	41.18	67.99	2.91	20.51	6641	20898	3107	26	0	0	0	0	30671	124.03	39.19	19.97	96.48	66.30	93.18	77.95	1.29	22.91	23.38
8/11/2025 12:56:16 PM	12.64	20.33	6.99	0.79	0.00	0.00	0.00	0.00	40.76	68.02	2.94	20.49	6701	20333	3146	24	0	0	0	0	30204	124.08	38.92	19.57	94.44	66.35	91.24	78.16	1.29	22.88	23.38
8/11/2025 12:56:19 PM	12.44	25.45	7.74	0.00	0.00	0.00	0.00	0.00	45.63	66.24	2.95	20.51	6595	25451	3481	0	0	0	0	0	35527	120.83	41.38	23.05	112.35	69.32	105.42	79.30	1.29	22.89	23.40
8/11/2025 12:56:22 PM	12.38	25.37	7.37	0.47	0.00	0.00	0.00	0.00	45.59	66.90	2.97	20.55	6560	25371	3315	14	0	0	0	0	35260	122.03	41.91	22.61	112.21	69.29	107.17	79.41	1.29	22.92	23.48
8/11/2025 12:56:24 PM	13.07	27.05	6.42	0.80	0.00	0.00	0.00	0.00	47.34	66.11	2.99	20.55	6925	27053	2888	24	0	0	0	0	36890	120.60	42.46	23.75	118.61	71.01	113.75	79.42	1.29	22.93	23.46
8/11/2025 12:56:27 PM	12.48	27.08	7.33	0.44	0.00	0.00	0.00	0.00	47.33	66.03	3.00	20.47	6615	27082	3297	13	0	0	0	0	37008	120.44	42.92	23.80	118.47	70.54	112.81	80.11	1.29	22.92	23.49
8/11/2025 12:56:30 PM	13.79	29.12	4.91	2.05	0.00	0.00	0.00	0.00	49.87	65.38	3.02	20.07	7310	29120	2210	61	0	0	0	0	38702	119.26	44.58	26.07	128.18	73.09	124.43	81.53	1.30	22.93	23.46
8/11/2025 12:56:33 PM	14.37	37.03	7.78	0.00	0.00	0.00	0.00	0.00	59.19	64.29	3.03	19.80	7616	37034	3503	0	0	0	0	0	48154	117.27	49.96	30.07	156.56	80.82	146.03	90.78	1.30	22.92	23.49
8/11/2025 12:56:35 PM	15.50	41.07	7.69	0.76	0.00	0.00	0.00	0.00	65.02	63.06	3.08	19.92	8214	41066	3460	23	0	0	0	0	52763	115.03	55.23	33.75	173.21	87.92	163.89	98.47	1.30	22.93	23.48
8/11/2025 12:56:38 PM	16.11	40.40	6.56	2.15	0.00	0.00	0.00	0.00	65.21	62.49	3.11	19.30	8540	40395	2951	64	0	0	0	0	51951	113.99	56.80	33.25	172.93	89.09	166.87	101.29	1.30	22.92	23.49
8/11/2025 12:56:41 PM	17.16	45.92	9.67	0.59	0.00	0.00	0.00	0.00	73.33	61.53	3.14	18.77	9094	45920	4350	18	0	0	0	0	59381	112.24	62.78	37.62	194.03	98.51	182.83	113.74	1.31	22.94	23.48
8/11/2025 12:56:44 PM	21.80	53.61	12.44	0.71	0.00	0.00	0.00	0.00	88.55	60.45	3.15	18.63	11552	53613	5597	21	0	0	0	0	70783	110.27	76.34	45.80	229.60	120.79	214.82	144.16	1.31	22.94	23.49
8/11/2025 12:56:46 PM	21.86	51.77	10.76	2.00	0.00	0.00	0.00	0.00	86.39	60.33	3.18	18.81	11584	51775	4840	60	0	0	0	0	68259	110.05	75.48	45.22	224.10	118.91	212.00	141.75	1.31	22.92	23.52
8/11/2025 12:56:49 PM	22.66	50.90	9.73	4.48	0.00	0.00	0.00	0.00	87.76	60.07	3.22	18.79	12010	50898	4377	134	0	0	0	0	67419	109.57	80.10	47.19	226.52	122.13	217.86	150.54	1.32	22.93	23.49
8/11/2025 12:56:51 PM	25.78	59.94	11.16	19.17	0.00	0.00	0.00	0.00	116.05	58.39	3.23	18.76	13664	59941	5021	575	0	0	0	0	79201	106.51	132.74	73.63	298.73	168.93	305.32	230.65	1.32	22.93	23.51
8/11/2025 12:56:54 PM	25.95	60.07	7.88	27.55	0.00	0.00	0.00	0.00	121.45	57.93	3.29	18.66	13755	60074	3545	826	0	0	0	0	78200	105.68	150.44	83.59	315.64	180.98	333.11	250.82	1.32	22.92	23.54
8/11/2025 12:56:57 PM	27.28	68.84	10.02	33.15	0.00	0.00	0.00	0.00	139.30	56.24	3.30	18.64	14460	68839	4511	995	0	0	0	0	88805	102.59	178.17	99.11	363.82	209.99	385.40	287.94	1.32	22.95	23.57
8/11/2025 12:57:00 PM	25.73	72.89	10.18	31.39	0.00	0.00	0.00	0.00	140.20	56.50	3.34	18.75	13639	72892	4583	942	0	0	0	0	92056	103.08	175.63	101.03	373.33	207.88	390.70	276.33	1.33	22.92	23.57
8/11/2025 12:57:03 PM	24.90	72.83	10.01	30.80	0.00	0.00	0.00	0.00	138.53	56.46	3.37	18.54	13196	72834	4503	924	0	0	0	0	91457	102.99	173.14	99.86	370.66	204.58	387.60	270.12	1.33	22.92	23.54
8/11/2025 12:57:05 PM	22.80	74.94	11.72	25.20	0.00	0.00	0.00	0.00	134.67	57.29	3.37	18.47	12086	74945	5275	756	0	0	0	0	93062	104.52	160.69	93.19	364.92	192.13	374.97	249.04	1.33	22.91	23.57
8/11/2025 12:57:08 PM	24.77	75.22	11.62	26.76	0.00	0.00	0.00	0.00	138.36	57.42	3.40	18.54	13126	75220	5228	803	0	0	0	0	94376	104.75	166.27	96.30	371.29	200.41	382.65	261.22	1.33	22.90	23.56
8/11/2025 12:57:11 PM	21.54	79.87	15.93	16.10	0.00	0.00	0.00	0.00	133.44	57.28	3.45	17.89	11415	79873	7169	483	0	0	0	0	98940	104.50	145.51	85.54	364.72	181.25	361.77	228.20	1.34	22.91	23.59
8/11/2025 12:57:14 PM	21.71	79.32	13.98	13.18	0.00	0.00	0.00	0.00	128.19	58.28	3.49	17.73	11505	79319	6293	395	0	0	0	0	97512	106.32	132.98	79.10	353.31	171.14	348.43	208.24	1.34	22.90	23.56
8/11/2025 12:57:16 PM	20.69	81.40	14.15	2.73	0.00	0.00	0.00	0.00	118.98	60.28	3.46	17.20	10968	81400	6370	82	0	0	0	0	98819	109.97	104.50	66.87	335.03	150.30	316.83	162.53	1.34	22.87	23.54
8/11/2025 12:57:19 PM	21.46	80.50	13.42	4.67	0.00	0.00	0.00	0.00	120.05	59.99	3.52	17.02	11371	80504	6040	140	0	0	0	0	98056	109.44	108.44	68.79	336.23	154.24	320.67	169.34	1.35	22.87	23.56
8/11/2025 12:57:22 PM	21.66	80.53	13.61	5.26	0.00	0.00	0.00	0.00	121.07	59.79	3.56	17.20	11481	80530	6126	158	0	0	0	0	98295	109.07	110.62	69.97	338.24	156.26	323.10	173.35	1.35	22.88	23.59
8/11/2025 12:57:25 PM	22.09	77.59	14.17	4.18	0.00	0.00	0.00	0.00	118.02	59.62	3.64	16.93	11707	77586	6378	125	0	0	0	0	95796	108.76	106.93	67.41	326.07	154.17	309.83	171.64	1.36	22.88	23.57
8/11/2025 12:57:28 PM	19.22	65.30	12.31	2.84	0.00	0.00	0.00	0.00	99.66	61.08	3.68	16.44	10186	65296	5539	85	0	0	0	0	81106	111.41	89.43	55.34	273.64	131.10	260.12	145.10	1.36	22.85	23.59
8/11/2025 12:57:30 PM	21.31	70.29	13.46	2.53	0.00	0.00	0.00	0.00	107.60	61.30	3.73	16.43	11297	70292	6058	76	0	0	0	0	87722	111.82	95.39	59.56	294.21	141.60	278.27	157.24	1.37	22.84	23.60
8/11/2025 12:57:33 PM	17.86	61.74	13.59	0.00	0.00	0.00	0.00	0.00	93.18	62.61	3.77	16.58	9467	61737	6113	0	0	0	0	0	77318	114.21	80.62	50.70	255.10	121.47	236.94	133.73	1.37	22.83	23.62
8/11/2025 12:57:36 PM	15.69	49.94	10.16	0.11	0.00	0.00	0.00	0.00	75.90	62.76	3.83	16.44	8318	49940	4570	3	0	0	0	0	62831	114.49	64.47	39.60	206.53	98.85	193.97	109.78	1.38	22.84	23.64
8/11/2025 12:57:39 PM	11.13	33.43	7.72	0.16	0.00	0.00	0.00	0.00	52.44	65.24	3.86	15.72	5901	33426	3475	5	0	0	0	0	42807	119.00	46.03	27.10	140.37	70.58	132.67	79.45	1.38	22.79	23.62
8/11/2025 12:57:42 PM	11.78	33.88	7.66	0.00	0.00	0.00	0.00	0.00	53.32	65.39	3.90	16.09	6242	33877	3448	0	0	0	0	0	43567	119.28	46.11	27.21	142.56	71.83	133.60	80.89	1.38	22.78	23.60
8/11/2025 12:57:44 PM	9.40	23.48	5.96	0.00	0.00	0.00	0.00	0.00	38.85	66.49	3.92	16.15	4984	23482	2684	0	0	0	0	0	31150	121.29	34.36	19.54	101.24	54.91	94.87	62.49	1.38	22.78	23.62
8/11/2025 12:57:47 PM	9.62	23.74	6.37	0.00	0.00	0.00	0.00	0.00	39.74	66.98	3.94	16.07	5101	23738	2869	0	0	0	0	0	31708	122.17	35.24	20.20	102.84	55.61	96.40	65.67	1.39	22.78	23.62
8/11/2025 12:57:50 PM	10.08	23.37	5.53	0.00	0.00	0.00	0.00	0.00	38.98	66.88	3.97	15.90	5341	23373	2488	0	0	0	0	0	31202	122.00	33.72	19.88	102.22	55.05	93.28	63.12	1.39	22.79	23.62
8/11/2025 12:57:53 PM	7.64	15.60	4.65	0.23	0.00	0.00	0.00	0.00	28.11	68.14	3.99	15.76	4049	15597	2091	7	0	0	0	0	21744	124.29	25.69	13.71	70.04	41.21	67.13	50.43	1.39	22.73	23.60
8/11/2025 12:57:55 PM	7.34	13.55	4.44	0.71	0.00	0.00	0.00	0.00	26.04	67.96	4.06	15.45	3891	13548	1999	21	0	0	0	0	19460	123.96	25.10	13.02	63.34	39.54	61.45	49.89	1.40	22.72	23.64
8/11/2025 12:57:58 PM	6.40	11.71	4.74	0.34	0.00	0.00	0.00	0.00	23.18	68.07	4.12	14.75	3390	11706	2131	10	0	0	0	0	17238	124.17	22.91	11.24	55.25	35.85	53.48	45.88	1.40	22.73	23.59
8/11/2025 12:58:01 PM	6.56	13.61	4.80	0.00	0.00	0.00	0.00	0.00	24.98	68.09	4.17	14.93	3478	13610	2162	0	0	0	0	0	19251	124.20	23.37	12.80	62.79	36.61	57.54	46.28	1.41	22.70	23.64
8/11/2025 12:58:03 PM	6.05	12.40	5.08	0.00	0.00	0.00	0.00	0.00	23.54	67.97	4.21	14.81	3209	12403	2287	0	0	0	0	0	17898	123.98	22.84	11.83	57.35	35.32	54.32	45.27	1.41	22.68	23.70
8/11/2025 12:58:07 PM	5.09	9.10	4.33	0.43	0.00	0.00	0.00	0.00	18.95	68.05	4.25	14.17	2697	9101	1951	13	0	0	0	0	13761	124.14	19.63	9.45	44.80	29.14	43.49	40.10	1.42	22.68	23.62
8/11/2025 12:58:09 PM	4.50	8.47	4.80	1.01	0.00	0.00	0.00	0.00	18.78	67.44	4.29	14.11	2385	8468	2158	30	0	0	0	0	13041	123.02	21.63	9.88	43.76	29.96	43.50	42.01	1.42	22.65	23.59
8/11/2025 12:58:12 PM	2.95	7.00	5.51	1.10	0.00	0.00	0.00	0.00	16.55	67.12	4.31	14.18	1562	6997	2480	33	0	0	0	0	11073	122.42	21.36	9.01	38.18	26.31	38.32	40.22	1.42	22.62	23.64
8/11/2025 12:58:15 PM	2.90	7.24	5.33	1.20	0.00	0.00	0.00	0.00	16.67	66.89	4.38	14.65	1536	7241	2400	36	0	0	0	0	11213	122.02	21.37	9.36	39.17	26.02	39.21	39.92	1.43	22.60	23.65
8/11/2025 12:58:17 PM	1.78	4.96	5.04	1.35	0.00	0.00	0.00	0.00	13.13	66.79	4.44	14.76	944	4957	2267	41	0	0	0	0	8209	121.82	19.20	7.50	29.77	21.88	31.10	34.54	1.43	22.58	23.59
8/11/2025 12:58:20 PM	2.67	6.08	4.88	1.45	0.00	0.00	0.00	0.00	15.08	66.89	4.48	13.34	1416	6083	2198	43	0	0	0	0	9740	122.01	20.34	8.62	34.78	24.52	35.67	37.67	1.44	22.56	23.57
8/11/2025 12:58:23 PM	2.40	5.92	5.12	1.41	0.00	0.00	0.00	0.00	14.84	66.73	4.53	13.86	1271	5916	2304	42	0	0	0	0	9533	121.72	20.42	8.48	34.12	24.05	34.99	37.65	1.44	22.52	23.59
8/11/2025 12:58:26 PM	2.66	6.59	5.49	1.00	0.00	0.00	0.00	0.00	15.74	66.85	4.53	13.25	1411	6590	2469	30	0	0	0	0	10499	121.95	20.65	8.74	36.21	25.32	36.27	38.48	1.44	22.49	23.56
8/11/2025 12:58:28 PM	3.68	7.60	5.11	0.62	0.00	0.00	0.00	0.00	17.01	67.02	4.55	13.14	1949	7604	2298	19	0	0	0	0	11869	122.24	20.06	8.81	39.36	27.05	38.78	38.84	1.45	22.48	23.56
8/11/2025 12:58:31 PM	2.09	5.89	6.72	0.00	0.00	0.00	0.00	0.00	14.70	67.74	4.58	13.58	1109	5890	3025	0	0	0	0	0	10024	123.56	19.68	7.55	32.04	24.61	30.89	37.13	1.45	22.47	23.60
8/11/2025 12:58:34 PM	2.36	4.28	4.77	1.15	0.00	0.00	0.00	0.00	12.56	67.50	4.63	12.46	1253	4279	2145	35	0	0	0	0	7712	123.12	18.05	6.82	26.94	22.26	28.28	33.92	1.45	22.42	23.52
8/11/2025 12:58:37 PM	1.98	4.52	5.82	0.75	0.00	0.00	0.00	0.00	13.07	67.77	4.66	12.45	1048	4522	2620	23	0	0	0	0	8213	123.62	19.05	6.83	27.62	23.04	28.33	35.51	1.46	22.37	23.64
8/11/2025 12:58:40 PM	2.03	4.54	5.50	0.88	0.00	0.00	0.00	0.00	12.95	67.40	4.68	12.53	1076	4540	2474	27	0	0	0	0	8116	122.94	18.79	6.87	27.71	22.72	28.62	34.87	1.46	22.36	23.57
8/11/2025 12:58:42 PM	2.37	4.67	5.05	0.82	0.00	0.00	0.00	0.00	12.91	67.93	4.70	12.19	1256	4671	2271	25	0	0	0	0	8223	123.91	17.93	6.91	27.92	22.46	28.58	33.89	1.46	22.37	23.56
8/11/2025 12:58:45 PM	1.73	4.81	6.14	0.06	0.00	0.00	0.00	0.00	12.73	67.55	4.73	12.09	916	4811	2763	2	0	0	0	0	8491	123.22	17.78	6.38	27.17	22.01	26.80	33.20	1.46	22.34	23.54
8/11/2025 12:58:48 PM	1.80	5.02	6.09	0.02	0.00	0.00	0.00	0.00	12.93	68.00	4.76	12.49	954	5022	2741	1	0	0	0	0	8717	124.04	17.73	6.84	27.99	22.16	27.17	33.14	1.47	22.28	23.60
8/11/2025 12:58:50 PM	1.94	4.91	5.82	0.33	0.00	0.00	0.00	0.00	13.01	67.86	4.79	12.19	1029	4914	2619	10	0	0	0	0	8572	123.77	18.05	6.81	28.12	22.30	27.95	33.83	1.47	22.26	23.48
8/11/2025 12:58:53 PM	2.05	4.95	5.93	0.50	0.00	0.00	0.00	0.00	13.42	67.66	4.81	12.11	1086	4949	2666	15	0	0	0	0	8716	123.42	18.86	7.10	28.83	23.26	28.88	35.27	1.47	22.22	23.49
8/11/2025 12:58:55 PM	1.97	4.81	5.99	0.39	0.00	0.00	0.00	0.00	13.16	67.90	4.82	12.56	1042	4814	2696	12	0	0	0	0	8564	123.85	18.48	6.84	28.12	22.61	28.03	34.96	1.47	22.21	23.44
8/11/2025 12:58:58 PM	1.85	4.68	6.12	0.20	0.00	0.00	0.00	0.00	12.86	67.95	4.84	12.90	980	4680	2756	6	0	0	0	0	8422	123.95	18.11	6.41	27.16	22.26	27.02	34.24	1.47	22.17	23.62
8/11/2025 12:59:01 PM	1.75	5.02	6.08	0.00	0.00	0.00	0.00	0.00	12.85	68.01	4.87	13.22	926	5021	2735	0	0	0	0	0	8682	124.06	17.59	6.69	27.98	21.80	27.00	32.95	1.48	22.12	23.44
8/11/2025 12:59:04 PM	2.02	4.34	5.33	0.40	0.00	0.00	0.00	0.00	12.09	68.07	4.89	13.48	1069	4344	2398	12	0	0	0	0	7822	124.16	16.90	6.17	25.71	21.14	25.96	32.08	1.48	22.09	23.46
8/11/2025 12:59:06 PM	1.85	4.34	5.72	0.34	0.00	0.00	0.00	0.00	12.25	68.07	4.91	13.12	982	4338	2576	10	0	0	0	0	7906	124.16	17.43	6.26	25.85	21.40	25.94	33.02	1.48	22.08	23.46
8/11/2025 12:59:09 PM	1.92	4.51	5.81	0.34	0.00	0.00	0.00	0.00	12.59	68.20	4.92	12.63	1020	4508	2615	10	0	0	0	0	8153	124.41	17.80	6.35	26.58	21.98	26.71	33.64	1.48	22.05	23.46
8/11/2025 12:59:12 PM	1.72	4.88	6.10	0.00	0.00	0.00	0.00	0.00	12.69	67.91	4.93	12.80	912	4879	2743	0	0	0	0	0	8533	123.87	17.51	6.54	27.36	21.66	26.64	32.90	1.48	22.02	23.51
8/11/2025 12:59:15 PM	1.76	3.66	4.67	0.58	0.00	0.00	0.00	0.00	10.67	68.19	4.94	12.98	931	3660	2099	18	0	0	0	0	6708	124.39	15.51	5.37	22.61	19.14	23.65	28.83	1.48	21.96	23.49
8/11/2025 12:59:18 PM	1.63	4.04	4.68	0.00	0.00	0.00	0.00	0.00	10.34	68.33	4.94	12.97	863	4037	2106	0	0	0	0	0	7006	124.63	14.06	5.21	22.60	18.07	22.50	26.11	1.48	21.96	23.51
8/11/2025 12:59:20 PM	1.77	3.79	4.24	0.20	0.00	0.00	0.00	0.00	9.99	68.09	5.01	13.01	938	3785	1906	6	0	0	0	0	6635	124.21	13.61	5.19	21.83	17.66	22.05	25.42	1.49	21.92	23.41
8/11/2025 12:59:23 PM	1.67	3.68	4.31	0.38	0.00	0.00	0.00	0.00	10.04	68.32	5.09	12.77	885	3683	1940	11	0	0	0	0	6520	124.61	14.20	5.21	21.80	18.00	22.45	26.05	1.50	21.89	23.43
8/11/2025 12:59:26 PM	1.57	3.65	4.16	0.02	0.00	0.00	0.00	0.00	9.39	68.06	5.13	12.72	830	3652	1872	0	0	0	0	0	6354	124.15	12.72	4.79	20.67	16.48	20.71	23.69	1.50	21.87	23.36
8/11/2025 12:59:29 PM	1.55	3.53	3.97	0.06	0.00	0.00	0.00	0.00	9.10	68.43	5.19	12.85	824	3527	1784	2	0	0	0	0	6137	124.82	12.39	4.74	20.07	16.24	20.21	22.80	1.51	21.83	23.38
8/11/2025 12:59:32 PM	1.04	2.77	2.97	0.00	0.00	0.00	0.00	0.00	6.78	68.38	5.24	12.77	549	2774	1336	0	0	0	0	0	4660	124.73	9.37	3.70	15.78	12.17	16.06	16.41	1.51	21.80	23.38
8/11/2025 12:59:34 PM	1.28	2.87	2.76	0.00	0.00	0.00	0.00	0.00	6.91	68.63	5.30	12.69	678	2874	1242	0	0	0	0	0	4794	125.19	9.16	3.69	16.19	12.41	16.31	16.32	1.52	21.77	23.33
8/11/2025 12:59:37 PM	1.37	2.83	2.76	0.00	0.00	0.00	0.00	0.00	6.96	68.59	5.35	12.87	728	2828	1242	0	0	0	0	0	4798	125.11	9.15	3.64	16.12	12.47	16.26	16.71	1.52	21.71	23.35
8/11/2025 12:59:40 PM	1.34	2.98	2.96	0.00	0.00	0.00	0.00	0.00	7.28	68.50	5.38	12.95	711	2977	1332	0	0	0	0	0	5019	124.95	9.66	3.80	16.89	12.97	16.85	17.46	1.53	21.71	23.40
8/11/2025 12:59:43 PM	1.43	3.12	3.19	0.00	0.00	0.00	0.00	0.00	7.74	68.36	5.41	13.00	758	3118	1437	0	0	0	0	0	5312	124.69	10.29	4.05	17.61	13.85	17.72	18.75	1.53	21.65	23.36
8/11/2025 12:59:45 PM	1.34	2.95	3.06	0.02	0.00	0.00	0.00	0.00	7.36	68.61	5.44	13.29	709	2947	1375	1	0	0	0	0	5031	125.15	9.95	3.76	16.62	13.49	17.17	17.71	1.53	21.64	23.36
8/11/2025 12:59:48 PM	1.31	2.86	2.82	0.00	0.00	0.00	0.00	0.00	7.00	68.46	5.47	13.32	695	2863	1271	0	0	0	0	0	4829	124.88	9.27	3.72	16.18	12.52	16.45	16.76	1.54	21.62	23.30
8/11/2025 12:59:50 PM	1.32	2.77	2.81	0.00	0.00	0.00	0.00	0.00	6.90	68.44	5.48	13.19	698	2765	1266	0	0	0	0	0	4730	124.84	9.25	3.55	15.81	12.64	16.10	16.56	1.54	21.58	23.32
8/11/2025 12:59:53 PM	1.45	2.77	2.79	0.14	0.00	0.00	0.00	0.00	7.15	68.56	5.51	13.17	768	2772	1256	4	0	0	0	0	4800	125.05	9.62	3.73	16.19	12.98	16.84	17.63	1.54	21.57	23.30
8/11/2025 12:59:56 PM	1.42	3.05	3.01	0.00	0.00	0.00	0.00	0.00	7.48	68.51	5.57	12.77	753	3047	1355	0	0	0	0	0	5154	124.97	9.88	3.97	17.40	13.40	17.02	17.91	1.55	21.49	23.30
8/11/2025 12:59:59 PM	1.52	2.90	2.65	0.00	0.00	0.00	0.00	0.00	7.07	68.51	5.62	12.49	804	2900	1192	0	0	0	0	0	4896	124.97	9.09	3.72	16.53	12.75	16.31	16.64	1.55	21.50	23.25
8/11/2025 1:00:02 PM	1.48	2.92	2.68	0.00	0.00	0.00	0.00	0.00	7.08	68.06	5.66	12.29	784	2923	1208	0	0	0	0	0	4914	124.15	9.15	3.69	16.64	12.69	16.38	16.71	1.55	21.47	23.27
8/11/2025 1:00:04 PM	1.40	2.75	2.64	0.18	0.00	0.00	0.00	0.00	6.96	68.54	5.67	12.13	741	2746	1187	5	0	0	0	0	4679	125.02	9.36	3.78	16.01	12.60	16.65	16.94	1.56	21.41	23.24
8/11/2025 1:00:07 PM	1.42	3.11	2.86	0.00	0.00	0.00	0.00	0.00	7.40	68.47	5.69	12.30	754	3115	1286	0	0	0	0	0	5155	124.89	9.57	4.02	17.55	12.95	17.07	17.41	1.56	21.37	23.20
8/11/2025 1:00:10 PM	1.47	3.19	2.96	0.00	0.00	0.00	0.00	0.00	7.62	68.37	5.71	12.80	777	3190	1334	0	0	0	0	0	5301	124.72	9.87	4.06	18.00	13.35	17.44	18.02	1.56	21.35	23.22
8/11/2025 1:00:12 PM	1.50	3.36	3.28	0.00	0.00	0.00	0.00	0.00	8.14	68.15	5.73	12.64	793	3357	1477	0	0	0	0	0	5627	124.32	10.61	4.22	18.85	14.05	18.51	19.66	1.56	21.31	23.14
8/11/2025 1:00:15 PM	1.50	3.49	3.35	0.00	0.00	0.00	0.00	0.00	8.34	68.10	5.73	12.39	797	3493	1506	0	0	0	0	0	5796	124.23	10.84	4.33	19.35	14.31	19.11	20.00	1.56	21.26	23.19
8/11/2025 1:00:18 PM	1.44	3.25	3.33	0.00	0.00	0.00	0.00	0.00	8.01	68.24	5.74	12.62	761	3250	1497	0	0	0	0	0	5507	124.47	10.61	4.12	18.20	14.04	18.40	19.53	1.56	21.25	23.20
8/11/2025 1:00:20 PM	1.45	3.25	3.51	0.00	0.00	0.00	0.00	0.00	8.21	68.22	5.77	12.92	767	3251	1582	0	0	0	0	0	5600	124.45	11.02	4.27	18.46	14.56	18.51	20.31	1.57	21.25	23.17
8/11/2025 1:00:23 PM	1.38	3.13	3.38	0.00	0.00	0.00	0.00	0.00	7.89	68.39	5.76	12.94	733	3133	1519	0	0	0	0	0	5385	124.75	10.61	4.10	17.86	13.95	17.92	19.51	1.56	21.18	23.14
8/11/2025 1:00:26 PM	1.39	2.93	3.12	0.21	0.00	0.00	0.00	0.00	7.65	68.37	5.80	12.81	739	2927	1402	6	0	0	0	0	5074	124.72	10.56	4.00	17.21	13.74	17.91	19.22	1.57	21.18	23.09
8/11/2025 1:00:29 PM	1.33	3.02	3.08	0.00	0.00	0.00	0.00	0.00	7.43	68.10	5.79	12.42	704	3021	1384	0	0	0	0	0	5110	124.22	9.90	3.74	16.98	13.12	17.35	18.01	1.57	21.16	23.07
8/11/2025 1:00:31 PM	1.52	3.14	3.01	0.00	0.00	0.00	0.00	0.00	7.67	68.06	5.81	12.51	804	3137	1356	0	0	0	0	0	5297	124.14	9.96	3.99	17.61	13.58	17.66	18.35	1.57	21.10	23.12
8/11/2025 1:00:34 PM	1.52	2.92	2.96	0.00	0.00	0.00	0.00	0.00	7.40	68.06	5.81	12.68	806	2920	1331	0	0	0	0	0	5057	124.15	9.76	3.83	16.71	13.54	16.89	17.91	1.57	21.08	23.03
8/11/2025 1:00:37 PM	1.54	2.99	2.76	0.00	0.00	0.00	0.00	0.00	7.29	68.16	5.84	12.74	818	2986	1240	0	0	0	0	0	5044	124.32	9.40	3.73	17.07	13.07	16.64	17.24	1.57	21.06	22.99
8/11/2025 1:00:40 PM	1.44	2.97	2.82	0.00	0.00	0.00	0.00	0.00	7.23	68.35	5.87	12.64	764	2972	1268	0	0	0	0	0	5003	124.68	9.45	3.87	16.91	13.03	16.62	17.09	1.57	21.04	22.98
8/11/2025 1:00:43 PM	1.42	2.87	2.69	0.00	0.00	0.00	0.00	0.00	6.97	67.91	5.90	12.61	751	2865	1211	0	0	0	0	0	4827	123.87	9.07	3.72	16.17	12.53	16.36	16.51	1.58	21.01	22.99
8/11/2025 1:00:45 PM	1.29	2.62	2.63	0.00	0.00	0.00	0.00	0.00	6.53	68.40	5.94	12.72	681	2616	1184	0	0	0	0	0	4482	124.78	8.77	3.41	14.96	12.15	15.48	15.58	1.58	20.95	23.01
8/11/2025 1:00:48 PM	1.13	2.51	2.57	0.00	0.00	0.00	0.00	0.00	6.21	68.34	5.97	12.66	600	2509	1156	0	0	0	0	0	4265	124.66	8.44	3.26	14.39	11.41	14.96	14.89	1.59	20.92	23.03
8/11/2025 1:00:51 PM	1.14	2.57	2.47	0.00	0.00	0.00	0.00	0.00	6.18	68.12	6.00	12.72	605	2566	1112	0	0	0	0	0	4284	124.26	8.29	3.31	14.50	11.29	15.06	14.51	1.59	20.89	22.93
8/11/2025 1:00:54 PM	1.18	2.52	2.28	0.00	0.00	0.00	0.00	0.00	5.98	68.07	6.03	12.84	627	2523	1025	0	0	0	0	0	4175	124.17	7.87	3.16	14.32	10.83	14.64	13.88	1.59	20.85	22.93
8/11/2025 1:00:57 PM	1.23	2.56	2.17	0.00	0.00	0.00	0.00	0.00	5.96	68.30	6.06	12.92	654	2563	976	0	0	0	0	0	4192	124.59	7.70	3.16	14.39	10.77	14.71	13.57	1.59	20.83	22.90
8/11/2025 1:00:59 PM	1.40	2.68	2.43	0.00	0.00	0.00	0.00	0.00	6.51	68.12	6.09	12.82	741	2683	1095	0	0	0	0	0	4519	124.26	8.39	3.46	15.29	11.71	15.45	15.35	1.60	20.81	22.85
8/11/2025 1:01:02 PM	1.28	2.69	2.55	0.00	0.00	0.00	0.00	0.00	6.53	67.93	6.11	12.78	679	2691	1149	0	0	0	0	0	4520	123.91	8.59	3.53	15.21	11.81	15.61	15.42	1.60	20.80	22.90
8/11/2025 1:01:05 PM	1.44	2.64	2.31	0.00	0.00	0.00	0.00	0.00	6.39	68.10	6.14	12.66	762	2639	1040	0	0	0	0	0	4440	124.23	8.15	3.27	14.95	11.55	15.31	14.92	1.60	20.75	22.83
8/11/2025 1:01:07 PM	1.55	2.61	1.93	0.00	0.00	0.00	0.00	0.00	6.09	68.33	6.16	12.85	820	2611	870	0	0	0	0	0	4300	124.65	7.40	3.32	14.76	10.95	14.68	13.68	1.60	20.75	22.80
8/11/2025 1:01:10 PM	1.46	2.52	1.81	0.00	0.00	0.00	0.00	0.00	5.79	68.30	6.20	12.76	775	2522	813	0	0	0	0	0	4110	124.58	7.06	3.16	14.15	10.53	14.27	12.76	1.61	20.70	22.87
8/11/2025 1:01:13 PM	1.47	2.46	1.71	0.00	0.00	0.00	0.00	0.00	5.63	68.01	6.22	12.68	780	2455	768	0	0	0	0	0	4004	124.06	6.80	3.06	13.91	10.19	13.88	12.42	1.61	20.68	22.87
8/11/2025 1:01:15 PM	1.50	2.32	1.64	0.00	0.00	0.00	0.00	0.00	5.46	68.25	6.25	12.70	793	2319	740	0	0	0	0	0	3853	124.50	6.58	2.97	13.12	10.07	13.64	12.16	1.61	20.64	22.87
8/11/2025 1:01:19 PM	1.38	2.31	1.49	0.00	0.00	0.00	0.00	0.00	5.18	68.09	6.27	12.69	732	2309	670	0	0	0	0	0	3711	124.21	6.22	2.89	12.89	9.55	13.26	11.04	1.61	20.63	22.79
8/11/2025 1:01:21 PM	1.46	2.40	1.36	0.00	0.00	0.00	0.00	0.00	5.22	68.21	6.30	12.70	774	2395	613	0	0	0	0	0	3782	124.42	6.05	2.90	13.46	9.37	13.19	10.90	1.62	20.60	22.74
8/11/2025 1:01:24 PM	1.41	2.33	1.40	0.00	0.00	0.00	0.00	0.00	5.15	68.05	6.34	12.64	749	2329	631	0	0	0	0	0	3710	124.14	6.03	2.94	13.05	9.29	13.15	10.91	1.62	20.55	22.74
8/11/2025 1:01:27 PM	1.45	2.37	1.43	0.00	0.00	0.00	0.00	0.00	5.25	67.67	6.37	12.60	767	2375	642	0	0	0	0	0	3783	123.43	6.19	2.88	13.37	9.59	13.22	11.03	1.62	20.51	22.72
8/11/2025 1:01:29 PM	1.36	2.27	1.44	0.00	0.00	0.00	0.00	0.00	5.07	68.31	6.41	12.62	721	2265	648	0	0	0	0	0	3635	124.60	6.08	2.91	12.85	9.32	12.85	10.78	1.63	20.50	22.74
8/11/2025 1:01:32 PM	1.30	2.31	1.47	0.00	0.00	0.00	0.00	0.00	5.08	68.07	6.47	12.61	689	2311	662	0	0	0	0	0	3662	124.17	6.13	2.91	12.89	9.28	13.11	10.73	1.63	20.46	22.66