Date/Time	Green Algae	Bluegreen	Diatoms	Cryptophyta	#5	#6	#7	Yellow substances	Total conc.	Transmission	Depth	Temp. Sample	Green Algae	Bluegreen	Diatoms	Cryptophyta	#5	#6	#7	Yellow substances	Total cell count	Trans. 700 nm	LED 3 [525 nm]	LED 4 [570 nm]	LED 5 [610 nm]	LED 6 [370 nm]	LED 7 [590 nm]	LED 8 [470 nm]	Pressure	Temp. LEDs	Temp. Sensor
date	µg/l	µg/l	µg/l	µg/l	µg/l	µg/l	µg/l	r.u.	µg/l	%	m	°C	cells/ml	cells/ml	cells/ml	cells/ml	cells/ml	cells/ml	cells/ml	r.u.	cells/ml	digits	digits	digits	digits	digits	digits	digits	bar	°C	°C
4/21/2025 10:51:33 AM	8.72	0.01	16.61	0.84	0.00	0.00	0.00	0.00	26.17	83.01	0.01	17.63	4620	6	7473	25	0	0	0	0	12124	151.40	43.31	8.22	27.03	62.82	29.79	99.70	1.00	22.38	22.24
4/21/2025 10:51:36 AM	9.14	0.17	18.29	0.00	0.00	0.00	0.00	0.00	27.61	82.83	0.07	17.56	4845	171	8232	0	0	0	0	0	13248	151.07	44.52	7.54	27.89	64.74	29.45	105.64	1.01	22.39	22.24
4/21/2025 10:51:38 AM	8.80	0.31	16.16	0.60	0.00	0.00	0.00	0.00	25.87	82.34	0.12	17.55	4667	309	7274	18	0	0	0	0	12267	150.19	41.85	7.88	27.26	61.35	29.60	97.53	1.01	22.42	22.29
4/21/2025 10:51:41 AM	9.21	0.18	18.29	0.26	0.00	0.00	0.00	0.00	27.95	82.69	0.11	17.61	4883	183	8231	8	0	0	0	0	13305	150.82	45.26	7.79	28.60	65.27	30.55	107.06	1.01	22.43	22.30
4/21/2025 10:51:44 AM	9.78	0.08	17.26	0.46	0.00	0.00	0.00	0.00	27.57	82.43	0.12	17.62	5184	76	7767	14	0	0	0	0	13040	150.35	44.16	7.34	27.78	65.53	30.57	104.76	1.01	22.46	22.32
4/21/2025 10:51:47 AM	9.86	0.09	17.32	0.77	0.00	0.00	0.00	0.00	28.04	82.91	0.13	17.66	5224	89	7796	23	0	0	0	0	13132	151.22	44.97	8.36	29.16	65.53	31.54	107.28	1.01	22.47	22.34
4/21/2025 10:51:50 AM	10.92	0.00	17.64	0.77	0.00	0.00	0.00	0.00	29.33	82.52	0.13	17.57	5787	0	7940	23	0	0	0	0	13749	150.51	46.37	8.03	29.47	69.48	32.80	111.52	1.01	22.46	22.34
4/21/2025 10:51:52 AM	8.90	0.62	19.84	0.01	0.00	0.00	0.00	0.00	29.38	82.72	0.16	17.59	4718	621	8929	0	0	0	0	0	14269	150.88	48.04	8.57	30.87	68.38	32.26	111.28	1.02	22.48	22.37
4/21/2025 10:51:55 AM	9.52	0.00	18.52	0.51	0.00	0.00	0.00	0.00	28.54	82.42	0.19	17.75	5044	0	8333	15	0	0	0	0	13392	150.33	46.61	8.41	28.68	67.53	31.31	109.55	1.02	22.51	22.38
4/21/2025 10:51:58 AM	9.74	0.22	19.40	0.33	0.00	0.00	0.00	0.00	29.69	82.17	0.23	17.87	5162	224	8729	10	0	0	0	0	14124	149.88	48.01	8.73	30.68	68.87	32.25	113.95	1.02	22.54	22.43
4/21/2025 10:52:01 AM	9.62	0.00	18.84	0.44	0.00	0.00	0.00	0.00	28.90	82.50	0.24	17.93	5101	0	8479	13	0	0	0	0	13593	150.48	47.13	8.33	28.38	68.44	31.80	110.98	1.02	22.52	22.34
4/21/2025 10:52:03 AM	10.13	0.23	19.22	0.51	0.00	0.00	0.00	0.00	30.08	82.56	0.29	18.10	5370	225	8648	15	0	0	0	0	14258	150.59	48.64	8.07	30.73	70.65	33.56	114.60	1.03	22.52	22.37
4/21/2025 10:52:06 AM	9.76	0.00	19.55	0.64	0.00	0.00	0.00	0.00	29.96	82.04	0.29	18.17	5174	0	8800	19	0	0	0	0	13993	149.63	49.20	9.41	30.24	70.48	32.91	115.46	1.03	22.55	22.40
4/21/2025 10:52:09 AM	9.05	0.00	19.67	0.59	0.00	0.00	0.00	0.00	29.32	82.65	0.31	18.19	4798	0	8853	18	0	0	0	0	13668	150.74	49.10	7.98	29.17	69.36	32.96	113.10	1.03	22.59	22.43
4/21/2025 10:52:12 AM	10.16	0.00	19.41	0.81	0.00	0.00	0.00	0.00	30.38	82.09	0.34	18.15	5385	0	8733	24	0	0	0	0	14143	149.73	49.62	9.85	31.40	71.39	33.31	116.82	1.03	22.56	22.35
4/21/2025 10:52:14 AM	9.46	0.00	20.72	0.63	0.00	0.00	0.00	0.00	30.81	82.20	0.35	18.13	5012	0	9326	19	0	0	0	0	14356	149.93	51.49	9.32	30.92	72.44	34.01	119.20	1.03	22.57	22.40
4/21/2025 10:52:17 AM	10.13	0.50	20.23	0.14	0.00	0.00	0.00	0.00	31.00	81.93	0.36	18.04	5371	501	9102	4	0	0	0	0	14978	149.44	49.72	9.18	32.32	72.02	33.54	117.63	1.04	22.58	22.43
4/21/2025 10:52:20 AM	9.92	0.00	20.60	0.46	0.00	0.00	0.00	0.00	30.98	82.15	0.39	17.91	5259	0	9268	14	0	0	0	0	14541	149.84	51.05	9.50	30.31	73.41	33.72	119.23	1.04	22.57	22.38
4/21/2025 10:52:22 AM	10.19	0.40	22.30	0.37	0.00	0.00	0.00	0.00	33.26	82.32	0.40	17.85	5401	400	10034	11	0	0	0	0	15846	150.14	54.94	9.96	34.29	78.24	36.27	126.68	1.04	22.58	22.43
4/21/2025 10:52:25 AM	10.30	0.31	22.14	0.43	0.00	0.00	0.00	0.00	33.17	82.01	0.40	17.83	5458	308	9961	13	0	0	0	0	15739	149.59	54.53	9.90	34.27	77.17	36.08	127.26	1.04	22.61	22.46
4/21/2025 10:52:28 AM	10.66	0.35	22.96	0.36	0.00	0.00	0.00	0.00	34.34	82.14	0.42	17.87	5652	350	10334	11	0	0	0	0	16347	149.81	56.38	10.71	35.47	80.26	36.81	131.34	1.04	22.61	22.50
4/21/2025 10:52:31 AM	11.54	0.35	23.76	0.30	0.00	0.00	0.00	0.00	35.94	81.77	0.44	17.79	6116	350	10690	9	0	0	0	0	17166	149.15	58.44	9.88	36.42	84.05	38.69	137.21	1.04	22.60	22.46
4/21/2025 10:52:33 AM	12.17	0.39	24.81	0.00	0.00	0.00	0.00	0.00	37.37	81.97	0.46	17.64	6448	392	11166	0	0	0	0	0	18006	149.50	60.20	9.83	37.91	87.19	38.85	142.56	1.04	22.61	22.50
4/21/2025 10:52:36 AM	12.00	0.00	27.61	0.48	0.00	0.00	0.00	0.00	40.08	81.95	0.49	17.41	6362	0	12423	14	0	0	0	0	18799	149.47	66.96	11.63	39.29	93.90	42.51	155.53	1.05	22.62	22.53
4/21/2025 10:52:39 AM	12.77	0.48	32.70	0.00	0.00	0.00	0.00	0.00	45.95	81.57	0.51	17.13	6766	483	14715	0	0	0	0	0	21965	148.77	77.13	13.48	46.49	106.82	47.35	177.25	1.05	22.61	22.51
4/21/2025 10:52:42 AM	11.18	0.00	32.82	0.06	0.00	0.00	0.00	0.00	44.06	81.80	0.55	17.29	5927	0	14768	2	0	0	0	0	20697	149.20	76.03	12.09	42.29	101.94	46.15	173.60	1.05	22.61	22.50
4/21/2025 10:52:45 AM	11.02	0.00	33.35	0.16	0.00	0.00	0.00	0.00	44.52	82.08	0.60	17.25	5838	0	15006	5	0	0	0	0	20849	149.72	77.64	12.26	42.12	104.36	47.22	174.71	1.06	22.61	22.51
4/21/2025 10:52:47 AM	11.86	0.00	33.16	0.18	0.00	0.00	0.00	0.00	45.20	82.12	0.63	17.18	6287	0	14922	5	0	0	0	0	21215	149.78	77.47	13.28	43.52	104.87	47.10	177.56	1.06	22.60	22.53
4/21/2025 10:52:50 AM	11.02	0.20	31.46	0.27	0.00	0.00	0.00	0.00	42.95	82.18	0.65	17.09	5841	201	14157	8	0	0	0	0	20207	149.89	73.98	11.79	43.04	99.27	45.58	168.01	1.06	22.62	22.54
4/21/2025 10:52:53 AM	10.96	0.00	32.80	0.00	0.00	0.00	0.00	0.00	43.76	81.93	0.70	16.99	5808	0	14762	0	0	0	0	0	20570	149.43	75.71	11.88	40.54	101.59	45.51	172.72	1.07	22.59	22.54
4/21/2025 10:52:56 AM	10.91	0.00	32.64	0.00	0.00	0.00	0.00	0.00	43.55	81.78	0.76	16.70	5780	0	14689	0	0	0	0	0	20468	149.16	75.34	12.13	40.31	101.30	45.99	171.55	1.07	22.59	22.51
4/21/2025 10:52:59 AM	10.86	0.00	29.63	0.00	0.00	0.00	0.00	0.00	40.50	81.71	0.81	16.46	5758	0	13334	0	0	0	0	0	19092	149.03	68.73	12.30	37.43	93.75	42.47	159.40	1.08	22.61	22.53
4/21/2025 10:53:01 AM	11.37	0.00	29.65	0.44	0.00	0.00	0.00	0.00	41.47	82.04	0.83	16.52	6027	0	13343	13	0	0	0	0	19383	149.64	70.79	11.81	40.93	96.66	43.97	162.03	1.08	22.60	22.53
4/21/2025 10:53:04 AM	12.03	0.12	29.52	0.00	0.00	0.00	0.00	0.00	41.66	82.38	0.93	16.69	6375	119	13283	0	0	0	0	0	19777	150.26	69.76	11.15	41.53	97.05	42.51	161.81	1.09	22.62	22.54
4/21/2025 10:53:07 AM	7.95	0.00	23.17	0.47	0.00	0.00	0.00	0.00	31.59	82.93	1.04	15.64	4215	0	10425	14	0	0	0	0	14654	151.26	55.46	10.20	30.69	75.12	34.94	123.19	1.10	22.59	22.51
4/21/2025 10:53:09 AM	8.55	0.51	21.04	0.20	0.00	0.00	0.00	0.00	30.30	83.21	1.14	15.67	4529	512	9469	6	0	0	0	0	14516	151.76	50.89	8.88	31.68	70.79	33.62	115.68	1.11	22.58	22.56
4/21/2025 10:53:12 AM	8.66	0.63	20.15	0.00	0.00	0.00	0.00	0.00	29.45	83.52	1.20	15.63	4592	633	9069	0	0	0	0	0	14295	152.34	48.50	9.20	31.24	68.53	32.00	111.73	1.12	22.57	22.56
4/21/2025 10:53:15 AM	9.02	0.14	20.33	0.56	0.00	0.00	0.00	0.00	30.05	83.42	1.24	16.05	4782	141	9147	17	0	0	0	0	14087	152.15	50.54	9.35	30.89	71.33	33.13	115.23	1.12	22.57	22.53
4/21/2025 10:53:17 AM	8.59	0.00	19.69	0.47	0.00	0.00	0.00	0.00	28.75	83.38	1.28	16.19	4555	0	8860	14	0	0	0	0	13429	152.09	48.46	8.12	28.64	67.91	31.95	111.25	1.13	22.59	22.56
4/21/2025 10:53:20 AM	7.99	0.00	18.06	0.71	0.00	0.00	0.00	0.00	26.77	83.37	1.34	15.84	4236	0	8129	21	0	0	0	0	12386	152.06	45.56	8.37	26.84	64.16	30.62	102.96	1.13	22.56	22.59
4/21/2025 10:53:23 AM	7.70	0.00	16.03	0.86	0.00	0.00	0.00	0.00	24.58	83.70	1.38	15.26	4079	0	7212	26	0	0	0	0	11316	152.66	41.50	7.42	25.54	58.68	28.71	94.30	1.13	22.53	22.51
4/21/2025 10:53:26 AM	8.79	0.22	15.66	0.56	0.00	0.00	0.00	0.00	25.24	83.73	1.43	15.26	4659	225	7047	17	0	0	0	0	11948	152.72	40.60	7.42	26.36	59.83	28.78	95.38	1.14	22.55	22.54
4/21/2025 10:53:28 AM	7.79	0.73	15.22	0.00	0.00	0.00	0.00	0.00	23.75	83.94	1.50	15.10	4130	732	6850	0	0	0	0	0	11711	153.11	38.03	7.41	25.75	56.58	26.70	87.50	1.15	22.51	22.54
4/21/2025 10:53:31 AM	7.22	0.40	11.01	0.61	0.00	0.00	0.00	0.03	19.24	84.06	1.56	14.55	3828	401	4953	18	0	0	0	0	9201	153.33	30.52	6.43	21.10	47.45	23.39	70.46	1.15	22.53	22.53
4/21/2025 10:53:34 AM	5.25	0.72	9.32	0.10	0.00	0.00	0.00	0.06	15.39	84.29	1.61	14.36	2783	719	4195	3	0	0	0	0	7700	153.74	24.57	4.96	17.79	37.93	19.47	55.52	1.16	22.50	22.50
4/21/2025 10:53:37 AM	5.64	0.25	9.63	0.76	0.00	0.00	0.00	0.05	16.28	84.29	1.64	14.39	2991	252	4334	23	0	0	0	0	7600	153.74	27.02	6.06	18.36	40.72	20.67	60.38	1.16	22.50	22.51
4/21/2025 10:53:40 AM	5.83	0.20	8.71	0.77	0.00	0.00	0.00	0.02	15.51	84.64	1.68	14.67	3089	203	3920	23	0	0	0	0	7234	154.37	25.11	5.42	17.39	38.45	19.96	57.14	1.17	22.49	22.59
4/21/2025 10:53:42 AM	6.30	0.51	7.78	0.58	0.00	0.00	0.00	0.00	15.18	84.42	1.72	14.81	3341	514	3501	18	0	0	0	0	7374	153.97	22.99	5.10	17.60	36.79	19.77	54.24	1.17	22.49	22.53
4/21/2025 10:53:45 AM	6.45	0.47	7.65	0.54	0.00	0.00	0.00	0.01	15.10	84.16	1.78	14.32	3419	469	3440	16	0	0	0	0	7344	153.50	22.63	5.13	17.38	36.85	19.35	54.06	1.17	22.44	22.50
4/21/2025 10:53:48 AM	5.60	0.47	7.46	0.69	0.00	0.00	0.00	0.16	14.22	84.57	1.80	13.95	2968	466	3358	21	0	0	0	0	6813	154.25	22.55	5.14	16.88	36.84	19.17	52.17	1.18	22.45	22.51
4/21/2025 10:53:51 AM	6.35	0.37	7.75	0.78	0.00	0.00	0.00	0.00	15.25	84.61	1.80	14.25	3366	365	3489	23	0	0	0	0	7243	154.32	23.43	5.22	17.52	37.17	20.01	55.00	1.18	22.42	22.59
4/21/2025 10:53:53 AM	5.78	0.96	7.84	0.00	0.00	0.00	0.00	0.07	14.59	84.65	1.86	14.42	3064	964	3529	0	0	0	0	0	7557	154.39	21.60	4.38	17.55	35.67	18.87	51.13	1.18	22.41	22.53
4/21/2025 10:53:56 AM	5.29	0.46	6.74	0.62	0.00	0.00	0.00	0.14	13.10	84.91	1.88	14.10	2801	458	3031	19	0	0	0	0	6309	154.87	20.56	4.68	15.72	33.82	17.95	47.82	1.18	22.37	22.54
4/21/2025 10:53:59 AM	5.80	0.34	6.27	0.78	0.00	0.00	0.00	0.04	13.19	84.82	1.92	14.19	3074	343	2820	23	0	0	0	0	6261	154.71	20.01	4.54	15.56	32.72	18.09	47.48	1.19	22.39	22.59
4/21/2025 10:54:02 AM	5.33	0.25	6.41	0.89	0.00	0.00	0.00	0.10	12.87	84.77	1.97	14.30	2823	250	2885	27	0	0	0	0	5984	154.62	20.45	4.68	15.25	33.05	17.94	47.34	1.19	22.37	22.50
4/21/2025 10:54:05 AM	5.11	0.13	5.86	1.20	0.00	0.00	0.00	0.11	12.30	84.93	2.06	13.77	2708	131	2637	36	0	0	0	0	5512	154.91	19.94	5.63	15.14	31.87	17.51	45.61	1.20	22.32	22.58
4/21/2025 10:54:07 AM	5.11	0.61	5.85	0.84	0.00	0.00	0.00	0.16	12.41	84.73	2.14	13.26	2711	611	2631	25	0	0	0	0	5978	154.55	19.33	4.67	15.77	32.03	18.27	44.65	1.21	22.33	22.50
4/21/2025 10:54:10 AM	5.30	0.40	5.78	1.02	0.00	0.00	0.00	0.11	12.50	84.82	2.21	13.21	2810	395	2601	31	0	0	0	0	5837	154.70	19.58	4.66	15.45	31.90	18.31	45.30	1.22	22.29	22.56
4/21/2025 10:54:13 AM	4.74	0.62	6.83	0.82	0.00	0.00	0.00	0.09	13.01	84.76	2.27	13.10	2514	617	3073	25	0	0	0	0	6228	154.59	21.07	4.64	16.23	32.65	19.03	46.83	1.22	22.31	22.61
4/21/2025 10:54:16 AM	4.56	0.57	7.14	1.00	0.00	0.00	0.00	0.10	13.26	84.57	2.31	13.05	2417	568	3211	30	0	0	0	0	6227	154.24	22.10	5.32	16.73	33.47	19.45	48.17	1.23	22.26	22.50
4/21/2025 10:54:19 AM	4.68	0.85	7.65	0.72	0.00	0.00	0.00	0.06	13.91	84.62	2.33	13.11	2481	846	3445	22	0	0	0	0	6793	154.35	22.59	5.46	17.73	34.12	19.91	49.42	1.23	22.24	22.53
4/21/2025 10:54:21 AM	4.93	0.45	7.53	0.89	0.00	0.00	0.00	0.02	13.80	84.73	2.34	13.10	2615	446	3389	27	0	0	0	0	6476	154.54	22.62	4.98	16.60	33.97	19.45	50.03	1.23	22.24	22.53
4/21/2025 10:54:24 AM	5.15	0.30	7.05	1.19	0.00	0.00	0.00	0.09	13.68	84.77	2.36	13.23	2727	302	3173	36	0	0	0	0	6238	154.62	22.60	5.46	16.62	34.80	19.60	50.37	1.23	22.23	22.50
4/21/2025 10:54:27 AM	4.67	0.83	7.82	0.70	0.00	0.00	0.00	0.13	14.03	84.73	2.42	13.46	2476	830	3521	21	0	0	0	0	6847	154.54	23.02	5.34	17.74	35.38	20.06	50.44	1.24	22.21	22.53
4/21/2025 10:54:30 AM	4.97	0.53	6.72	0.92	0.00	0.00	0.00	0.13	13.14	84.63	2.49	13.34	2632	527	3024	28	0	0	0	0	6212	154.35	21.25	5.00	16.34	33.59	19.03	47.75	1.24	22.16	22.48
4/21/2025 10:54:32 AM	4.85	0.56	6.53	0.95	0.00	0.00	0.00	0.14	12.88	84.79	2.57	13.02	2568	561	2938	28	0	0	0	0	6096	154.66	20.87	5.28	16.35	33.08	18.78	46.77	1.25	22.12	22.50
4/21/2025 10:54:35 AM	4.45	0.52	6.99	0.99	0.00	0.00	0.00	0.11	12.95	84.79	2.62	13.00	2361	523	3143	30	0	0	0	0	6057	154.65	21.71	5.08	16.28	33.03	19.11	47.29	1.26	22.11	22.51
4/21/2025 10:54:38 AM	4.95	0.51	6.21	1.04	0.00	0.00	0.00	0.09	12.71	84.95	2.72	13.28	2622	513	2792	31	0	0	0	0	5959	154.94	20.41	4.87	16.02	32.04	18.92	45.84	1.27	22.11	22.51
4/21/2025 10:54:40 AM	4.10	0.82	7.28	0.58	0.00	0.00	0.00	0.12	12.77	84.81	2.77	13.26	2173	821	3275	17	0	0	0	0	6286	154.69	21.15	4.77	16.38	32.29	18.64	45.86	1.27	22.10	22.48
4/21/2025 10:54:43 AM	3.89	0.70	6.43	0.91	0.00	0.00	0.00	0.18	11.94	85.04	2.84	12.99	2064	705	2894	27	0	0	0	0	5690	155.10	20.23	4.81	15.77	31.19	18.49	43.42	1.28	22.07	22.46
4/21/2025 10:54:46 AM	3.91	0.72	5.96	0.94	0.00	0.00	0.00	0.20	11.53	84.85	2.92	12.88	2072	717	2681	28	0	0	0	0	5498	154.76	19.38	4.91	15.55	30.47	18.12	41.88	1.29	22.02	22.46
4/21/2025 10:54:49 AM	4.25	0.64	5.05	1.02	0.00	0.00	0.00	0.20	10.95	85.11	2.97	12.56	2251	638	2272	31	0	0	0	0	5192	155.23	17.78	4.56	14.83	29.14	17.55	39.64	1.29	22.00	22.45
4/21/2025 10:54:51 AM	3.75	0.94	6.23	0.59	0.00	0.00	0.00	0.19	11.50	84.59	3.02	12.62	1985	940	2804	18	0	0	0	0	5747	154.28	18.94	4.80	15.70	29.88	17.63	41.04	1.30	21.97	22.43
4/21/2025 10:54:54 AM	4.48	0.95	5.91	0.48	0.00	0.00	0.00	0.13	11.83	84.74	3.06	12.88	2375	954	2662	14	0	0	0	0	6005	154.55	18.25	4.34	15.71	29.75	17.69	41.37	1.30	21.98	22.48
4/21/2025 10:54:57 AM	4.34	0.29	5.29	1.33	0.00	0.00	0.00	0.15	11.25	84.87	3.11	12.77	2299	287	2382	40	0	0	0	0	5008	154.80	18.91	4.87	14.57	29.63	17.76	41.62	1.30	21.93	22.43
4/21/2025 10:55:00 AM	3.84	0.63	5.64	0.92	0.00	0.00	0.00	0.15	11.03	84.74	3.16	12.76	2034	630	2536	28	0	0	0	0	5227	154.56	18.41	4.61	14.78	28.64	17.38	39.89	1.31	21.90	22.42
4/21/2025 10:55:02 AM	3.52	0.76	6.12	0.78	0.00	0.00	0.00	0.23	11.18	84.74	3.21	12.78	1867	763	2754	23	0	0	0	0	5407	154.57	19.08	5.05	15.29	29.96	17.36	40.82	1.31	21.87	22.37
4/21/2025 10:55:05 AM	3.51	0.83	6.45	0.63	0.00	0.00	0.00	0.19	11.42	84.76	3.26	12.83	1861	832	2901	19	0	0	0	0	5613	154.60	19.36	4.39	15.27	29.88	17.70	41.27	1.32	21.86	22.40
4/21/2025 10:55:08 AM	4.38	0.46	5.23	1.10	0.00	0.00	0.00	0.15	11.17	84.70	3.34	12.82	2322	461	2354	33	0	0	0	0	5169	154.49	18.26	4.50	14.59	29.26	17.56	40.71	1.33	21.87	22.40
4/21/2025 10:55:11 AM	3.80	0.79	5.99	0.70	0.00	0.00	0.00	0.23	11.27	84.79	3.42	12.60	2013	786	2695	21	0	0	0	0	5515	154.64	18.76	4.62	15.18	30.06	17.42	40.89	1.34	21.82	22.37
4/21/2025 10:55:13 AM	3.42	0.89	5.50	0.58	0.00	0.00	0.00	0.24	10.38	84.75	3.49	12.37	1812	891	2474	17	0	0	0	0	5195	154.57	17.22	4.37	14.53	27.92	16.51	37.32	1.34	21.77	22.35
4/21/2025 10:55:16 AM	3.28	0.59	5.35	0.81	0.00	0.00	0.00	0.24	10.04	85.03	3.60	12.52	1740	592	2410	24	0	0	0	0	4766	155.08	17.32	4.40	13.73	27.56	16.10	37.11	1.35	21.75	22.34
4/21/2025 10:55:18 AM	3.95	0.60	4.56	0.86	0.00	0.00	0.00	0.22	9.97	84.95	3.70	12.28	2094	603	2052	26	0	0	0	0	4776	154.94	16.10	4.26	13.69	27.03	16.07	36.20	1.36	21.72	22.37
4/21/2025 10:55:21 AM	3.40	0.54	4.57	0.92	0.00	0.00	0.00	0.26	9.42	84.94	3.78	12.24	1799	537	2057	27	0	0	0	0	4421	154.92	16.02	4.01	13.06	26.31	15.76	34.86	1.37	21.73	22.35
4/21/2025 10:55:24 AM	3.22	0.69	4.74	0.80	0.00	0.00	0.00	0.28	9.45	84.99	3.87	11.99	1706	688	2135	24	0	0	0	0	4553	155.01	16.12	3.93	13.34	26.48	15.94	34.72	1.38	21.66	22.34
4/21/2025 10:55:27 AM	3.21	0.91	5.19	0.52	0.00	0.00	0.00	0.30	9.85	85.19	3.94	11.98	1704	914	2337	16	0	0	0	0	4971	155.38	16.44	4.30	14.09	27.41	15.92	35.67	1.39	21.64	22.32
4/21/2025 10:55:30 AM	2.91	0.88	5.07	0.46	0.00	0.00	0.00	0.24	9.32	84.97	4.09	11.96	1542	881	2283	14	0	0	0	0	4718	154.98	15.66	3.91	13.36	25.30	15.25	33.45	1.40	21.61	22.29
4/21/2025 10:55:32 AM	3.20	0.75	4.36	0.49	0.00	0.00	0.00	0.20	8.80	84.92	4.13	11.79	1696	749	1961	15	0	0	0	0	4421	154.90	14.23	3.55	12.50	23.69	14.50	31.41	1.41	21.60	22.34
4/21/2025 10:55:35 AM	3.18	0.80	4.68	0.48	0.00	0.00	0.00	0.24	9.15	84.97	4.16	11.83	1685	801	2108	15	0	0	0	0	4609	154.99	15.01	3.61	12.94	24.99	15.01	32.88	1.41	21.57	22.30
4/21/2025 10:55:38 AM	3.22	0.77	4.60	0.67	0.00	0.00	0.00	0.24	9.25	84.92	4.19	12.03	1705	766	2068	20	0	0	0	0	4559	154.89	15.37	4.04	13.27	25.32	15.40	33.38	1.41	21.51	22.27
4/21/2025 10:55:41 AM	3.08	0.70	4.33	0.66	0.00	0.00	0.00	0.25	8.77	84.83	4.27	12.00	1635	696	1948	20	0	0	0	0	4298	154.72	14.66	3.62	12.54	24.36	14.88	31.85	1.42	21.51	22.22
4/21/2025 10:55:43 AM	3.08	1.01	5.16	0.26	0.00	0.00	0.00	0.26	9.51	85.12	4.34	11.93	1634	1013	2322	8	0	0	0	0	4976	155.26	15.49	3.97	13.68	25.91	15.13	33.83	1.43	21.49	22.24
4/21/2025 10:55:46 AM	3.09	0.68	4.69	0.65	0.00	0.00	0.00	0.22	9.11	85.19	4.38	12.02	1638	682	2112	19	0	0	0	0	4452	155.38	15.33	3.88	12.86	24.85	15.05	33.09	1.43	21.46	22.21
4/21/2025 10:55:49 AM	3.20	0.78	4.46	0.60	0.00	0.00	0.00	0.27	9.04	84.80	4.50	11.89	1697	781	2006	18	0	0	0	0	4502	154.66	14.91	4.00	13.06	25.19	15.00	32.71	1.44	21.44	22.21
4/21/2025 10:55:52 AM	2.89	1.04	4.68	0.19	0.00	0.00	0.00	0.26	8.80	85.13	4.60	11.78	1533	1038	2105	6	0	0	0	0	4681	155.27	14.19	3.44	12.92	24.11	14.48	31.02	1.45	21.41	22.21
4/21/2025 10:55:55 AM	2.49	0.81	4.60	0.43	0.00	0.00	0.00	0.31	8.32	84.87	4.72	11.85	1318	808	2068	13	0	0	0	0	4207	154.80	14.42	3.60	12.25	24.03	14.15	30.55	1.46	21.36	22.19
4/21/2025 10:55:57 AM	2.48	0.83	4.02	0.48	0.00	0.00	0.00	0.28	7.80	84.94	4.82	11.76	1315	827	1809	14	0	0	0	0	3964	154.93	13.26	3.54	11.90	22.27	13.75	28.19	1.47	21.35	22.17
4/21/2025 10:56:00 AM	2.41	1.04	4.60	0.18	0.00	0.00	0.00	0.26	8.24	84.95	4.93	11.66	1279	1041	2071	5	0	0	0	0	4396	154.95	13.72	3.53	12.50	22.81	13.88	29.12	1.48	21.31	22.11
4/21/2025 10:56:03 AM	2.62	1.06	4.63	0.21	0.00	0.00	0.00	0.27	8.51	84.76	4.96	11.66	1388	1062	2081	6	0	0	0	0	4538	154.60	13.99	3.67	12.85	23.52	14.22	30.04	1.49	21.29	22.14
4/21/2025 10:56:06 AM	2.72	0.98	4.97	0.29	0.00	0.00	0.00	0.25	8.95	84.87	5.05	11.84	1443	977	2235	9	0	0	0	0	4663	154.81	14.92	3.72	13.08	24.46	14.69	31.88	1.49	21.25	22.11
4/21/2025 10:56:08 AM	2.58	0.85	4.42	0.37	0.00	0.00	0.00	0.26	8.22	84.86	5.17	11.81	1365	847	1991	11	0	0	0	0	4214	154.78	13.88	3.35	12.12	23.04	14.04	29.62	1.51	21.21	22.09
4/21/2025 10:56:11 AM	2.28	0.76	3.27	0.40	0.00	0.00	0.00	0.32	6.72	84.85	5.34	11.59	1209	762	1472	12	0	0	0	0	3455	154.76	11.39	3.02	10.62	20.30	12.45	24.55	1.52	21.21	22.09
4/21/2025 10:56:13 AM	2.06	0.89	3.65	0.23	0.00	0.00	0.00	0.32	6.83	84.91	5.48	11.57	1090	894	1642	7	0	0	0	0	3633	154.87	11.64	2.99	10.86	20.38	12.44	24.67	1.54	21.18	22.06
4/21/2025 10:56:16 AM	2.34	0.85	3.31	0.32	0.00	0.00	0.00	0.32	6.82	84.94	5.57	11.66	1240	848	1491	10	0	0	0	0	3588	154.93	11.32	3.04	10.85	20.38	12.51	24.60	1.55	21.18	22.06
4/21/2025 10:56:19 AM	2.16	0.89	3.33	0.22	0.00	0.00	0.00	0.29	6.61	85.08	5.69	11.59	1147	887	1499	7	0	0	0	0	3540	155.18	10.92	2.90	10.61	19.34	12.14	23.49	1.56	21.11	22.05
4/21/2025 10:56:22 AM	2.13	1.02	3.48	0.08	0.00	0.00	0.00	0.32	6.71	85.05	5.74	11.50	1131	1019	1564	2	0	0	0	0	3717	155.13	10.94	2.76	10.84	19.77	12.24	23.64	1.56	21.09	22.05
4/21/2025 10:56:25 AM	2.20	0.78	2.90	0.34	0.00	0.00	0.00	0.33	6.22	84.96	5.76	11.49	1164	781	1306	10	0	0	0	0	3262	154.97	10.39	2.79	10.12	19.15	11.87	22.62	1.56	21.06	22.05
4/21/2025 10:56:27 AM	2.29	0.71	2.77	0.43	0.00	0.00	0.00	0.34	6.20	84.97	5.84	11.46	1214	714	1248	13	0	0	0	0	3188	154.98	10.39	2.82	10.03	19.36	11.91	22.79	1.57	21.03	22.01
4/21/2025 10:56:30 AM	2.13	0.79	2.67	0.40	0.00	0.00	0.00	0.35	5.99	84.91	5.91	11.47	1129	791	1201	12	0	0	0	0	3132	154.87	10.06	2.78	10.02	18.78	11.84	21.79	1.58	21.01	22.00
4/21/2025 10:56:33 AM	1.83	0.79	3.21	0.28	0.00	0.00	0.00	0.36	6.13	84.76	5.98	11.57	972	795	1446	9	0	0	0	0	3222	154.59	10.77	2.69	10.00	19.32	11.81	22.64	1.59	20.97	21.95
4/21/2025 10:56:36 AM	2.18	0.92	3.21	0.15	0.00	0.00	0.00	0.33	6.46	84.76	6.02	11.45	1155	923	1444	5	0	0	0	0	3526	154.60	10.57	2.80	10.49	19.53	11.92	23.09	1.59	20.93	21.90
4/21/2025 10:56:38 AM	2.06	0.83	2.96	0.22	0.00	0.00	0.00	0.34	6.07	84.79	6.16	11.52	1090	833	1331	7	0	0	0	0	3260	154.65	10.14	2.54	9.92	18.87	11.62	22.00	1.60	20.90	21.92
4/21/2025 10:56:41 AM	1.75	0.82	1.47	0.31	0.00	0.00	0.00	0.39	4.35	84.92	6.30	11.40	926	818	662	9	0	0	0	0	2415	154.90	7.12	2.24	8.49	15.33	10.13	15.72	1.62	20.90	21.87
4/21/2025 10:56:43 AM	1.76	0.84	1.20	0.26	0.00	0.00	0.00	0.39	4.05	84.97	6.44	11.33	931	839	540	8	0	0	0	0	2317	154.98	6.38	2.15	8.22	14.45	9.70	14.41	1.63	20.86	21.90
4/21/2025 10:56:46 AM	1.70	0.87	1.11	0.33	0.00	0.00	0.00	0.39	4.01	84.95	6.58	11.29	900	868	500	10	0	0	0	0	2278	154.95	6.41	2.19	8.36	14.34	9.97	14.19	1.65	20.82	21.89
4/21/2025 10:56:49 AM	1.52	0.97	0.88	0.19	0.00	0.00	0.00	0.39	3.56	84.72	6.72	11.29	807	970	396	6	0	0	0	0	2179	154.53	5.46	2.01	8.05	13.08	9.41	12.16	1.66	20.80	21.85
4/21/2025 10:56:52 AM	1.51	0.93	0.79	0.24	0.00	0.00	0.00	0.38	3.47	84.47	6.82	11.29	803	926	357	7	0	0	0	0	2093	154.06	5.36	2.01	7.90	12.84	9.33	11.91	1.67	20.77	21.87
4/21/2025 10:56:55 AM	1.66	0.90	0.80	0.26	0.00	0.00	0.00	0.34	3.62	84.74	6.90	11.26	880	903	359	8	0	0	0	0	2150	154.56	5.41	1.98	7.96	12.64	9.45	12.18	1.68	20.74	21.84
4/21/2025 10:56:57 AM	1.50	0.96	0.77	0.24	0.00	0.00	0.00	0.33	3.47	84.45	7.04	11.26	797	961	345	7	0	0	0	0	2111	154.03	5.24	2.07	8.01	12.14	9.37	11.47	1.69	20.71	21.81
4/21/2025 10:57:00 AM	1.44	1.05	0.72	0.22	0.00	0.00	0.00	0.33	3.44	83.54	7.13	11.26	764	1054	326	7	0	0	0	0	2150	152.38	5.10	1.95	8.15	11.87	9.56	11.01	1.70	20.69	21.79
4/21/2025 10:57:03 AM	1.43	1.10	0.83	0.16	0.00	0.00	0.00	0.31	3.52	84.07	7.19	11.34	756	1104	373	5	0	0	0	0	2238	153.33	5.16	1.98	8.30	11.73	9.61	11.05	1.70	20.65	21.77
4/21/2025 10:57:06 AM	1.53	1.19	0.89	0.13	0.00	0.00	0.00	0.29	3.74	84.00	7.27	11.49	812	1191	398	4	0	0	0	0	2406	153.22	5.24	2.10	8.70	11.83	9.86	11.38	1.71	20.62	21.74
4/21/2025 10:57:08 AM	1.48	1.29	1.12	0.10	0.00	0.00	0.00	0.27	3.99	83.63	7.28	11.40	786	1289	504	3	0	0	0	0	2581	152.54	5.64	2.24	9.17	11.97	10.23	11.89	1.71	20.60	21.72
4/21/2025 10:57:11 AM	1.63	1.39	1.02	0.14	0.00	0.00	0.00	0.26	4.19	83.15	7.34	11.36	864	1394	459	4	0	0	0	0	2722	151.67	5.70	2.34	9.67	12.16	10.77	12.12	1.72	20.56	21.74
4/21/2025 10:57:14 AM	1.62	2.55	1.99	0.00	0.00	0.00	0.00	0.12	6.16	83.09	7.38	11.47	860	2548	894	0	0	0	0	0	4303	151.56	7.93	3.10	14.97	13.28	14.33	14.74	1.72	20.57	21.74
