Date/Time	Green Algae	Bluegreen	Diatoms	Cryptophyta	#5	#6	#7	Yellow substances	Total conc.	Transmission	Depth	Temp. Sample	Green Algae	Bluegreen	Diatoms	Cryptophyta	#5	#6	#7	Yellow substances	Total cell count	Trans. 700 nm	LED 3 [525 nm]	LED 4 [570 nm]	LED 5 [610 nm]	LED 6 [370 nm]	LED 7 [590 nm]	LED 8 [470 nm]	Pressure	Temp. LEDs	Temp. Sensor
date	µg/l	µg/l	µg/l	µg/l	µg/l	µg/l	µg/l	r.u.	µg/l	%	m	°C	cells/ml	cells/ml	cells/ml	cells/ml	cells/ml	cells/ml	cells/ml	r.u.	cells/ml	digits	digits	digits	digits	digits	digits	digits	bar	°C	°C
7/14/2025 10:51:49 AM	6.73	8.59	1.30	0.00	0.00	0.00	0.00	0.00	16.62	73.64	0.02	27.27	3568	8594	585	0	0	0	0	0	12746	134.31	12.73	7.65	42.05	24.68	36.72	31.07	1.00	23.40	23.43
7/14/2025 10:51:52 AM	6.84	7.22	0.00	1.75	0.00	0.00	0.00	0.00	15.82	72.28	0.05	27.13	3626	7222	0	53	0	0	0	0	10901	131.84	13.95	9.20	37.68	26.22	39.42	31.74	1.00	23.42	23.44
7/14/2025 10:51:55 AM	6.11	7.56	2.58	0.00	0.00	0.00	0.00	0.00	16.26	72.21	0.08	26.90	3240	7565	1163	0	0	0	0	0	11968	131.72	14.76	7.32	38.65	26.91	34.11	32.98	1.01	23.47	23.49
7/14/2025 10:51:57 AM	5.54	7.54	2.62	0.00	0.00	0.00	0.00	0.00	15.71	73.68	0.13	26.84	2939	7543	1180	0	0	0	0	0	11662	134.39	14.48	7.05	36.26	26.14	35.57	30.93	1.01	23.52	23.49
7/14/2025 10:52:00 AM	6.80	7.85	1.97	0.00	0.00	0.00	0.00	0.00	16.63	72.70	0.15	27.19	3605	7852	888	0	0	0	0	0	12345	132.60	13.92	7.05	38.06	27.32	36.84	32.86	1.01	23.57	23.49
7/14/2025 10:52:03 AM	6.70	7.83	1.75	0.00	0.00	0.00	0.00	0.00	16.27	72.13	0.17	27.33	3552	7826	787	0	0	0	0	0	12164	131.57	13.05	6.40	37.90	25.03	36.65	32.63	1.02	23.61	23.54
7/14/2025 10:52:06 AM	7.62	7.70	0.89	0.05	0.00	0.00	0.00	0.02	16.27	72.49	0.20	27.15	4040	7705	401	2	0	0	0	0	12147	132.22	12.38	5.82	36.60	27.63	36.88	30.90	1.02	23.65	23.51
7/14/2025 10:52:08 AM	8.18	7.99	0.00	0.30	0.00	0.00	0.00	0.08	16.47	72.88	0.23	27.17	4336	7991	0	9	0	0	0	0	12337	132.93	11.56	7.93	38.32	28.45	37.53	30.63	1.02	23.66	23.52
7/14/2025 10:52:11 AM	7.36	7.16	0.00	1.04	0.00	0.00	0.00	0.00	15.56	72.32	0.25	27.21	3899	7160	0	31	0	0	0	0	11090	131.91	11.91	6.70	35.95	24.55	37.90	31.43	1.02	23.69	23.56
7/14/2025 10:52:14 AM	6.53	8.45	1.38	0.00	0.00	0.00	0.00	0.00	16.36	72.11	0.30	27.15	3463	8447	620	0	0	0	0	0	12530	131.53	12.97	7.08	39.44	25.92	37.98	29.58	1.03	23.74	23.59
7/14/2025 10:52:16 AM	7.26	7.22	0.66	0.94	0.00	0.00	0.00	0.00	16.09	73.09	0.35	27.18	3850	7221	298	28	0	0	0	0	11397	133.31	13.66	8.65	37.25	27.18	36.77	32.39	1.03	23.80	23.64
7/14/2025 10:52:19 AM	6.87	8.04	1.53	0.00	0.00	0.00	0.00	0.00	16.44	73.01	0.38	27.16	3641	8040	690	0	0	0	0	0	12370	133.17	13.14	7.01	38.35	26.54	37.12	31.35	1.04	23.83	23.67
7/14/2025 10:52:22 AM	6.77	8.03	1.42	0.00	0.00	0.00	0.00	0.00	16.22	73.22	0.40	27.09	3586	8033	641	0	0	0	0	0	12260	133.56	13.27	5.62	39.41	26.67	35.60	30.08	1.04	23.87	23.64
7/14/2025 10:52:25 AM	6.59	7.86	1.89	0.00	0.00	0.00	0.00	0.00	16.35	73.32	0.42	27.02	3495	7862	850	0	0	0	0	0	12207	133.74	13.77	6.63	37.79	27.03	36.64	31.55	1.04	23.89	23.65
7/14/2025 10:52:27 AM	6.08	7.82	1.97	0.00	0.00	0.00	0.00	0.00	15.87	73.45	0.44	27.07	3224	7821	886	0	0	0	0	0	11932	133.98	13.51	7.65	37.88	25.76	35.41	30.34	1.04	23.94	23.65
7/14/2025 10:52:30 AM	6.59	7.70	1.63	0.00	0.00	0.00	0.00	0.01	15.92	72.97	0.46	27.16	3492	7704	732	0	0	0	0	0	11928	133.10	13.11	7.53	36.98	26.78	35.54	30.18	1.05	24.01	23.75
7/14/2025 10:52:33 AM	6.33	7.86	1.82	0.00	0.00	0.00	0.00	0.00	16.00	71.97	0.48	27.19	3354	7856	818	0	0	0	0	0	12028	131.28	13.24	7.52	38.19	25.51	35.58	30.89	1.05	24.02	23.72
7/14/2025 10:52:36 AM	6.91	8.15	1.54	0.00	0.00	0.00	0.00	0.00	16.60	72.83	0.50	27.09	3660	8153	695	0	0	0	0	0	12508	132.85	13.01	7.38	39.21	25.76	37.30	32.24	1.05	24.08	23.78
7/14/2025 10:52:38 AM	6.58	7.50	1.21	0.51	0.00	0.00	0.00	0.00	15.79	72.80	0.55	26.97	3487	7502	543	15	0	0	0	0	11548	132.79	13.15	7.58	37.21	24.99	36.53	31.49	1.05	24.10	23.80
7/14/2025 10:52:41 AM	6.25	7.65	2.48	0.30	0.00	0.00	0.00	0.00	16.68	72.46	0.58	27.03	3315	7649	1116	9	0	0	0	0	12089	132.17	15.44	7.98	37.97	28.08	37.20	34.01	1.06	24.12	23.80
7/14/2025 10:52:43 AM	6.55	7.86	0.96	0.69	0.00	0.00	0.00	0.00	16.06	73.78	0.59	27.11	3473	7863	431	21	0	0	0	0	11788	134.57	13.64	7.69	38.33	26.01	38.32	30.54	1.06	24.16	23.80
7/14/2025 10:52:46 AM	6.63	6.53	0.09	2.18	0.00	0.00	0.00	0.00	15.44	72.31	0.60	27.09	3516	6533	41	65	0	0	0	0	10155	131.89	15.00	9.00	36.67	25.47	38.13	33.48	1.06	24.22	23.86
7/14/2025 10:52:49 AM	7.88	7.46	0.21	0.77	0.00	0.00	0.00	0.00	16.31	72.88	0.61	27.09	4177	7455	94	23	0	0	0	0	11749	132.93	12.51	7.54	37.70	26.32	37.46	32.67	1.06	24.24	23.83
7/14/2025 10:52:52 AM	7.68	7.42	0.00	0.95	0.00	0.00	0.00	0.00	16.05	73.26	0.63	27.01	4071	7421	0	29	0	0	0	0	11520	133.63	12.63	7.14	37.16	26.57	38.08	31.31	1.06	24.28	23.88
7/14/2025 10:52:55 AM	8.22	7.31	0.00	0.68	0.00	0.00	0.00	0.00	16.20	73.01	0.64	26.93	4354	7310	0	20	0	0	0	0	11684	133.17	11.99	8.46	37.15	27.25	36.17	31.87	1.06	24.29	23.96
7/14/2025 10:52:57 AM	7.79	7.26	0.00	0.98	0.00	0.00	0.00	0.00	16.03	73.61	0.65	26.92	4130	7258	0	29	0	0	0	0	11417	134.27	12.60	8.07	37.19	26.57	37.06	31.85	1.06	24.34	23.97
7/14/2025 10:53:00 AM	6.59	8.10	2.14	0.00	0.00	0.00	0.00	0.00	16.82	73.24	0.66	26.85	3491	8099	962	0	0	0	0	0	12552	133.59	14.47	6.37	39.28	27.52	37.40	32.78	1.06	24.42	23.93
7/14/2025 10:53:03 AM	5.75	7.90	2.42	0.00	0.00	0.00	0.00	0.05	16.07	71.54	0.69	26.69	3048	7901	1088	0	0	0	0	0	12037	130.49	14.89	6.25	39.14	27.58	35.10	30.89	1.07	24.41	23.96
7/14/2025 10:53:06 AM	6.06	7.91	2.20	0.00	0.00	0.00	0.00	0.00	16.16	72.79	0.70	26.68	3209	7906	991	0	0	0	0	0	12106	132.77	14.00	7.03	38.35	25.85	36.19	31.54	1.07	24.45	23.99
7/14/2025 10:53:08 AM	7.27	7.93	1.11	0.00	0.00	0.00	0.00	0.00	16.31	73.60	0.72	26.80	3851	7926	501	0	0	0	0	0	12278	134.24	12.36	6.01	38.30	25.81	36.45	31.30	1.07	24.50	24.02
7/14/2025 10:53:11 AM	6.79	7.74	1.54	0.00	0.00	0.00	0.00	0.04	16.07	72.54	0.75	26.80	3598	7741	693	0	0	0	0	0	12031	132.31	13.33	5.93	37.44	27.56	35.80	30.72	1.07	24.54	24.05
7/14/2025 10:53:14 AM	6.43	7.90	2.18	0.00	0.00	0.00	0.00	0.00	16.51	71.66	0.78	26.81	3406	7897	982	0	0	0	0	0	12285	130.72	14.24	6.40	37.66	27.06	37.48	32.41	1.08	24.57	24.05
7/14/2025 10:53:17 AM	6.77	7.46	1.83	0.00	0.00	0.00	0.00	0.00	16.06	73.43	0.80	26.93	3588	7456	824	0	0	0	0	0	11868	133.94	13.48	6.51	37.26	26.77	34.47	31.91	1.08	24.59	24.10
7/14/2025 10:53:19 AM	6.80	7.51	1.19	0.66	0.00	0.00	0.00	0.00	16.17	73.86	0.84	26.93	3603	7514	538	20	0	0	0	0	11675	134.72	13.84	7.98	37.68	26.47	37.21	32.33	1.08	24.60	24.15
7/14/2025 10:53:22 AM	7.08	7.21	1.62	0.57	0.00	0.00	0.00	0.00	16.47	72.67	0.86	26.95	3751	7212	728	17	0	0	0	0	11708	132.56	14.14	7.95	37.34	26.54	36.40	35.31	1.08	24.64	24.15
7/14/2025 10:53:25 AM	8.11	8.58	1.21	0.00	0.00	0.00	0.00	0.00	17.90	72.56	0.88	26.92	4298	8576	546	0	0	0	0	0	13420	132.36	13.42	5.80	41.93	27.83	39.22	35.16	1.09	24.65	24.14
7/14/2025 10:53:27 AM	4.95	8.73	3.05	0.00	0.00	0.00	0.00	0.02	16.73	73.94	0.91	26.85	2624	8730	1374	0	0	0	0	0	12727	134.86	16.23	7.19	41.64	27.46	38.25	30.78	1.09	24.72	24.25
7/14/2025 10:53:30 AM	6.72	8.53	1.76	0.00	0.00	0.00	0.00	0.00	17.01	73.02	0.96	26.70	3560	8534	791	0	0	0	0	0	12885	133.19	13.96	7.39	40.89	27.22	38.15	31.82	1.09	24.74	24.25
7/14/2025 10:53:33 AM	7.15	8.04	1.26	0.21	0.00	0.00	0.00	0.00	16.67	73.30	1.01	26.66	3791	8044	567	6	0	0	0	0	12408	133.70	13.20	8.48	39.13	26.94	37.34	32.09	1.10	24.75	24.23
7/14/2025 10:53:36 AM	6.44	9.41	2.55	0.00	0.00	0.00	0.00	0.00	18.41	72.32	1.04	26.53	3415	9415	1148	0	0	0	0	0	13978	131.91	16.26	7.09	44.77	29.28	41.66	34.31	1.10	24.80	24.25
7/14/2025 10:53:38 AM	7.99	12.07	1.46	0.24	0.00	0.00	0.00	0.05	21.76	71.87	1.07	26.40	4235	12066	659	7	0	0	0	0	16968	131.09	17.40	9.97	53.88	34.51	52.72	36.51	1.10	24.85	24.26
7/14/2025 10:53:41 AM	8.20	12.12	1.61	0.00	0.00	0.00	0.00	0.05	21.92	71.51	1.10	26.36	4345	12117	723	0	0	0	0	0	17184	130.45	17.24	9.98	55.10	34.77	50.88	36.78	1.11	24.91	24.30
7/14/2025 10:53:44 AM	8.16	12.09	1.88	0.00	0.00	0.00	0.00	0.00	22.14	71.38	1.13	26.24	4327	12091	847	0	0	0	0	0	17265	130.21	17.43	10.21	54.71	33.94	51.72	37.98	1.11	24.91	24.33
7/14/2025 10:53:47 AM	7.41	12.34	1.61	0.00	0.00	0.00	0.00	0.08	21.35	71.85	1.15	26.16	3925	12339	724	0	0	0	0	0	16987	131.06	16.96	10.42	54.87	33.58	51.37	34.50	1.11	24.93	24.38
7/14/2025 10:53:49 AM	8.96	11.82	0.66	0.00	0.00	0.00	0.00	0.00	21.44	71.76	1.17	26.13	4749	11820	298	0	0	0	0	0	16867	130.88	15.28	8.90	53.35	33.05	50.15	35.30	1.11	24.95	24.34
7/14/2025 10:53:52 AM	6.76	10.92	2.26	0.00	0.00	0.00	0.00	0.00	19.94	71.67	1.19	26.10	3583	10921	1017	0	0	0	0	0	15522	130.72	16.93	9.04	50.16	31.33	46.39	34.05	1.12	24.98	24.38
7/14/2025 10:53:55 AM	7.38	11.41	1.90	0.00	0.00	0.00	0.00	0.00	20.69	71.80	1.21	26.08	3912	11414	853	0	0	0	0	0	16179	130.96	16.52	9.19	51.41	31.31	49.20	35.46	1.12	25.02	24.46
7/14/2025 10:53:58 AM	7.94	12.41	2.18	0.00	0.00	0.00	0.00	0.05	22.54	71.02	1.25	26.03	4211	12409	983	0	0	0	0	0	17602	129.55	18.40	11.16	55.89	35.85	52.73	38.36	1.12	25.04	24.44
7/14/2025 10:54:01 AM	9.03	13.00	1.69	0.00	0.00	0.00	0.00	0.07	23.72	71.36	1.27	26.01	4784	12999	762	0	0	0	0	0	18545	130.17	18.44	11.11	58.40	38.01	55.27	40.28	1.12	25.05	24.44
7/14/2025 10:54:03 AM	8.88	12.27	1.42	0.87	0.00	0.00	0.00	0.00	23.44	71.86	1.29	25.98	4708	12268	638	26	0	0	0	0	17640	131.07	19.54	11.75	57.11	37.07	55.92	41.69	1.13	25.09	24.47
7/14/2025 10:54:06 AM	7.36	13.62	3.14	0.00	0.00	0.00	0.00	0.02	24.12	72.21	1.31	25.93	3901	13624	1411	0	0	0	0	0	18936	131.72	21.09	11.37	61.60	37.50	56.42	40.34	1.13	25.11	24.54
7/14/2025 10:54:08 AM	8.56	13.43	1.83	0.00	0.00	0.00	0.00	0.12	23.82	71.79	1.33	25.90	4538	13426	825	0	0	0	0	0	18789	130.95	19.05	9.71	59.65	38.29	56.86	39.74	1.13	25.17	24.57
7/14/2025 10:54:12 AM	8.89	13.60	2.34	0.00	0.00	0.00	0.00	0.00	24.83	71.25	1.34	25.84	4713	13595	1053	0	0	0	0	0	19361	129.96	19.95	10.97	61.72	38.02	57.33	42.62	1.13	25.15	24.57
7/14/2025 10:54:14 AM	8.84	13.40	2.85	0.00	0.00	0.00	0.00	0.00	25.09	71.49	1.36	25.82	4686	13399	1282	0	0	0	0	0	19367	130.40	20.84	11.80	61.03	39.31	57.38	44.24	1.13	25.19	24.60
7/14/2025 10:54:17 AM	9.39	13.65	2.77	0.00	0.00	0.00	0.00	0.03	25.81	72.37	1.38	25.77	4977	13649	1247	0	0	0	0	0	19874	132.01	21.46	11.48	62.85	41.60	58.01	45.67	1.14	25.23	24.59
7/14/2025 10:54:20 AM	9.74	14.13	3.13	0.00	0.00	0.00	0.00	0.00	27.00	71.19	1.40	25.72	5162	14132	1409	0	0	0	0	0	20703	129.85	22.65	12.13	65.09	43.21	60.36	48.18	1.14	25.26	24.60
7/14/2025 10:54:22 AM	9.54	14.11	3.13	0.00	0.00	0.00	0.00	0.00	26.78	71.14	1.42	25.66	5054	14113	1410	0	0	0	0	0	20576	129.77	22.39	12.25	64.72	42.31	60.35	47.80	1.14	25.28	24.67
7/14/2025 10:54:25 AM	9.18	13.99	3.25	0.00	0.00	0.00	0.00	0.03	26.41	71.40	1.44	25.59	4864	13990	1461	0	0	0	0	0	20315	130.24	22.47	11.87	63.17	42.45	60.72	46.95	1.14	25.29	24.65
7/14/2025 10:54:28 AM	9.34	13.55	3.14	0.00	0.00	0.00	0.00	0.01	26.03	71.08	1.46	25.58	4953	13546	1413	0	0	0	0	0	19912	129.65	22.17	10.63	62.36	42.04	58.59	46.84	1.14	25.32	24.71
7/14/2025 10:54:31 AM	9.35	13.84	2.90	0.00	0.00	0.00	0.00	0.04	26.09	71.39	1.48	25.53	4957	13836	1307	0	0	0	0	0	20099	130.21	21.81	12.16	63.45	42.13	58.85	46.21	1.15	25.36	24.70
7/14/2025 10:54:33 AM	8.62	12.10	2.83	0.00	0.00	0.00	0.00	0.11	23.54	72.12	1.51	25.41	4566	12097	1273	0	0	0	0	0	17936	131.55	20.09	11.15	55.88	39.66	53.02	43.51	1.15	25.36	24.78
7/14/2025 10:54:36 AM	8.46	11.13	2.75	0.00	0.00	0.00	0.00	0.12	22.34	72.86	1.53	25.35	4483	11132	1236	0	0	0	0	0	16851	132.90	19.30	9.76	52.53	38.48	49.33	42.49	1.15	25.39	24.75
7/14/2025 10:54:39 AM	9.02	9.93	2.50	0.00	0.00	0.00	0.00	0.05	21.46	72.57	1.55	25.34	4781	9934	1126	0	0	0	0	0	15841	132.37	18.08	9.07	48.23	37.20	45.64	42.57	1.15	25.40	24.81
7/14/2025 10:54:42 AM	9.19	10.08	1.89	0.00	0.00	0.00	0.00	0.11	21.17	72.96	1.57	25.33	4873	10084	852	0	0	0	0	0	15809	133.08	17.08	9.19	48.52	37.01	45.52	41.13	1.15	25.41	24.81
7/14/2025 10:54:44 AM	9.73	9.48	1.69	0.00	0.00	0.00	0.00	0.00	20.90	72.64	1.60	25.17	5155	9482	761	0	0	0	0	0	15398	132.50	16.33	8.38	46.74	35.69	43.53	41.19	1.16	25.43	24.79
7/14/2025 10:54:47 AM	7.82	8.05	2.63	0.00	0.00	0.00	0.00	0.14	18.50	72.79	1.63	24.86	4146	8049	1183	0	0	0	0	0	13378	132.76	16.49	8.27	40.34	34.33	38.68	39.27	1.16	25.45	24.81
7/14/2025 10:54:50 AM	7.32	6.58	2.97	0.00	0.00	0.00	0.00	0.13	16.87	73.47	1.66	24.66	3880	6583	1336	0	0	0	0	0	11799	134.02	15.99	6.34	34.57	32.67	34.26	38.55	1.16	25.50	24.92
7/14/2025 10:54:53 AM	7.76	6.35	2.12	0.34	0.00	0.00	0.00	0.05	16.57	73.07	1.69	24.23	4113	6352	953	10	0	0	0	0	11429	133.29	14.99	6.97	34.07	31.00	34.03	37.21	1.17	25.49	24.87
7/14/2025 10:54:55 AM	7.62	6.40	2.67	0.00	0.00	0.00	0.00	0.06	16.70	72.98	1.70	24.03	4037	6404	1204	0	0	0	0	0	11645	133.12	15.16	7.67	34.57	31.53	32.54	37.81	1.17	25.51	24.89
7/14/2025 10:54:58 AM	7.04	6.37	2.84	0.19	0.00	0.00	0.00	0.17	16.43	73.83	1.73	24.17	3730	6368	1276	6	0	0	0	0	11380	134.67	15.96	7.30	34.02	32.48	33.60	38.03	1.17	25.55	24.94
7/14/2025 10:55:01 AM	7.12	5.67	2.29	0.00	0.00	0.00	0.00	0.25	15.09	73.58	1.75	24.01	3775	5673	1033	0	0	0	0	0	10480	134.22	13.93	7.12	30.95	31.42	29.73	35.80	1.17	25.56	24.95
7/14/2025 10:55:03 AM	6.94	4.38	2.57	0.14	0.00	0.00	0.00	0.18	14.03	74.05	1.80	23.91	3677	4383	1156	4	0	0	0	0	9221	135.07	13.88	5.15	26.19	29.89	26.77	35.98	1.18	25.57	24.99
7/14/2025 10:55:06 AM	6.84	3.49	1.87	0.49	0.00	0.00	0.00	0.22	12.70	74.48	1.84	23.90	3623	3494	843	15	0	0	0	0	7976	135.85	12.80	5.41	23.28	28.60	23.95	34.26	1.18	25.59	24.97
7/14/2025 10:55:09 AM	7.05	3.21	1.45	0.69	0.00	0.00	0.00	0.23	12.39	74.03	1.87	23.09	3737	3206	651	21	0	0	0	0	7615	135.03	12.36	5.98	22.70	28.49	23.10	34.03	1.18	25.57	25.08
7/14/2025 10:55:12 AM	7.04	3.58	2.42	0.21	0.00	0.00	0.00	0.15	13.25	74.20	1.90	22.91	3732	3578	1089	6	0	0	0	0	8405	135.33	13.19	4.99	23.49	28.95	24.04	35.62	1.19	25.60	25.02
7/14/2025 10:55:14 AM	6.93	3.09	2.23	0.24	0.00	0.00	0.00	0.08	12.49	74.36	1.95	22.67	3674	3085	1003	7	0	0	0	0	7769	135.63	12.22	6.13	22.02	26.91	21.32	33.99	1.19	25.62	25.10
7/14/2025 10:55:17 AM	6.99	2.30	1.65	0.41	0.00	0.00	0.00	0.25	11.35	75.01	1.99	22.49	3705	2302	744	12	0	0	0	0	6763	136.82	11.44	4.10	18.61	27.71	19.75	33.50	1.20	25.66	25.10
7/14/2025 10:55:20 AM	7.60	2.31	0.94	0.92	0.00	0.00	0.00	0.17	11.78	75.17	2.02	22.50	4028	2312	425	28	0	0	0	0	6793	137.12	11.56	5.05	19.79	27.48	21.12	34.04	1.20	25.64	25.08
7/14/2025 10:55:23 AM	7.12	2.80	1.71	0.43	0.00	0.00	0.00	0.20	12.06	74.99	2.05	22.54	3772	2804	770	13	0	0	0	0	7359	136.78	11.87	5.55	20.98	27.96	21.06	34.03	1.20	25.63	25.13
7/14/2025 10:55:25 AM	7.06	2.16	1.56	1.04	0.00	0.00	0.00	0.18	11.82	74.92	2.08	22.62	3740	2160	703	31	0	0	0	0	6634	136.66	12.90	4.40	19.33	28.01	21.68	35.20	1.20	25.66	25.13
7/14/2025 10:55:28 AM	7.71	2.78	1.37	0.25	0.00	0.00	0.00	0.25	12.11	74.88	2.11	22.72	4084	2784	615	8	0	0	0	0	7491	136.58	11.06	4.62	20.47	28.66	20.87	34.22	1.21	25.66	25.15
7/14/2025 10:55:31 AM	7.24	2.73	2.00	0.07	0.00	0.00	0.00	0.18	12.04	74.61	2.15	22.58	3838	2727	901	2	0	0	0	0	7467	136.09	11.46	3.91	19.81	27.62	20.52	33.99	1.21	25.70	25.18
7/14/2025 10:55:34 AM	7.96	1.66	0.75	1.14	0.00	0.00	0.00	0.12	11.51	74.95	2.19	22.38	4216	1657	337	34	0	0	0	0	6245	136.70	11.44	4.85	18.02	27.13	19.80	34.77	1.21	25.67	25.18
7/14/2025 10:55:36 AM	8.49	1.68	0.12	1.27	0.00	0.00	0.00	0.15	11.56	74.99	2.22	22.41	4501	1682	55	38	0	0	0	0	6277	136.78	10.87	4.22	18.04	27.53	20.51	34.69	1.22	25.71	25.23
7/14/2025 10:55:39 AM	7.37	2.19	1.90	0.15	0.00	0.00	0.00	0.13	11.61	74.89	2.27	22.32	3904	2190	857	5	0	0	0	0	6956	136.59	11.09	3.88	18.15	26.83	18.86	33.89	1.22	25.71	25.24
7/14/2025 10:55:42 AM	7.75	2.03	0.86	0.65	0.00	0.00	0.00	0.16	11.30	74.90	2.30	22.25	4107	2035	386	20	0	0	0	0	6548	136.62	10.45	4.49	18.21	26.60	19.24	33.03	1.23	25.71	25.26
7/14/2025 10:55:44 AM	7.21	1.21	0.12	1.43	0.00	0.00	0.00	0.18	9.96	74.64	2.35	21.28	3820	1206	52	43	0	0	0	0	5121	136.14	10.36	4.35	15.76	25.02	18.29	31.21	1.23	25.71	25.28
7/14/2025 10:55:48 AM	6.88	1.32	0.54	1.14	0.00	0.00	0.00	0.21	9.89	75.20	2.41	20.03	3647	1322	244	34	0	0	0	0	5248	137.17	10.39	3.92	15.57	25.06	17.94	30.95	1.24	25.72	25.28
7/14/2025 10:55:50 AM	6.76	1.67	1.33	0.75	0.00	0.00	0.00	0.16	10.51	74.59	2.43	20.33	3585	1666	599	22	0	0	0	0	5872	136.05	10.94	4.39	16.70	25.32	18.03	31.92	1.24	25.71	25.26
7/14/2025 10:55:53 AM	6.95	1.09	0.29	1.36	0.00	0.00	0.00	0.25	9.70	74.66	2.48	20.41	3686	1085	132	41	0	0	0	0	4944	136.19	10.44	4.47	15.23	25.54	17.52	31.27	1.24	25.72	25.31
7/14/2025 10:55:56 AM	6.36	1.58	1.36	0.67	0.00	0.00	0.00	0.17	9.96	74.52	2.52	20.16	3369	1580	612	20	0	0	0	0	5580	135.93	10.50	4.35	15.96	24.35	17.07	30.45	1.25	25.70	25.32
7/14/2025 10:55:58 AM	5.98	1.12	0.58	1.64	0.00	0.00	0.00	0.25	9.32	74.92	2.58	20.25	3171	1115	259	49	0	0	0	0	4594	136.66	11.39	4.42	15.28	24.69	18.37	30.30	1.25	25.72	25.31
7/14/2025 10:56:01 AM	5.36	1.60	1.33	1.65	0.00	0.00	0.00	0.26	9.94	74.97	2.64	19.48	2843	1600	600	49	0	0	0	0	5092	136.75	13.01	5.36	17.38	25.65	20.04	31.48	1.26	25.72	25.32
7/14/2025 10:56:04 AM	5.58	1.23	1.05	2.32	0.00	0.00	0.00	0.20	10.17	75.06	2.66	19.89	2957	1227	472	70	0	0	0	0	4726	136.91	14.16	5.30	17.25	25.92	21.42	33.11	1.26	25.70	25.39
7/14/2025 10:56:07 AM	5.07	1.45	1.20	2.81	0.00	0.00	0.00	0.26	10.54	74.92	2.69	20.21	2690	1452	539	84	0	0	0	0	4765	136.65	15.89	6.96	19.24	27.36	23.28	34.43	1.26	25.69	25.37
7/14/2025 10:56:09 AM	5.67	1.48	0.28	3.68	0.00	0.00	0.00	0.26	11.11	74.58	2.76	19.56	3003	1477	128	110	0	0	0	0	4718	136.04	16.84	7.89	20.96	28.66	26.09	36.07	1.27	25.69	25.39
7/14/2025 10:56:12 AM	4.45	2.17	1.68	3.86	0.00	0.00	0.00	0.28	12.17	73.59	2.82	19.06	2360	2175	757	116	0	0	0	0	5408	134.24	20.21	8.93	24.18	30.47	29.51	38.62	1.28	25.72	25.44
7/14/2025 10:56:15 AM	5.58	1.96	0.55	4.17	0.00	0.00	0.00	0.23	12.26	73.99	2.87	19.81	2957	1957	249	125	0	0	0	0	5288	134.96	19.09	8.76	23.91	30.24	29.75	38.62	1.28	25.67	25.42
7/14/2025 10:56:18 AM	6.01	2.42	0.95	4.07	0.00	0.00	0.00	0.21	13.44	73.54	2.91	19.94	3183	2419	426	122	0	0	0	0	6150	134.13	20.09	9.73	26.28	32.06	31.31	41.16	1.28	25.67	25.42
7/14/2025 10:56:21 AM	6.08	2.21	0.97	4.25	0.00	0.00	0.00	0.11	13.50	73.56	2.96	19.80	3222	2205	435	127	0	0	0	0	5989	134.18	20.36	9.56	25.86	31.15	31.40	41.42	1.29	25.66	25.42
7/14/2025 10:56:23 AM	7.08	1.95	0.04	6.84	0.00	0.00	0.00	0.04	15.92	73.50	3.00	19.37	3753	1951	20	205	0	0	0	0	5929	134.06	26.31	12.34	30.74	36.50	39.95	50.46	1.29	25.67	25.44
7/14/2025 10:56:26 AM	9.67	3.58	0.00	16.47	0.00	0.00	0.00	0.00	29.72	70.64	3.05	18.90	5126	3578	0	494	0	0	0	0	9198	128.85	56.60	28.14	61.70	65.30	81.52	97.00	1.30	25.67	25.45
7/14/2025 10:56:29 AM	6.86	3.60	2.21	9.09	0.00	0.00	0.00	0.00	21.76	70.77	3.07	18.83	3636	3595	994	273	0	0	0	0	8498	129.08	38.27	17.04	43.91	46.51	55.64	67.98	1.30	25.66	25.45
7/14/2025 10:56:31 AM	6.55	3.95	2.96	8.55	0.00	0.00	0.00	0.00	22.01	70.73	3.10	18.82	3473	3953	1331	257	0	0	0	0	9014	129.02	38.15	17.43	44.81	45.95	54.99	68.46	1.30	25.61	25.44
7/14/2025 10:56:34 AM	7.48	2.70	1.15	9.32	0.00	0.00	0.00	0.00	20.64	71.25	3.13	18.99	3966	2695	517	280	0	0	0	0	7457	129.96	36.21	16.30	40.85	44.38	52.93	66.94	1.31	25.61	25.47
7/14/2025 10:56:36 AM	9.19	4.37	2.01	6.75	0.00	0.00	0.00	0.00	22.32	67.66	3.21	17.45	4872	4370	904	202	0	0	0	0	10349	123.42	32.54	14.78	43.37	45.57	51.32	66.66	1.31	25.60	25.52
7/14/2025 10:56:39 AM	8.98	4.93	2.51	5.81	0.00	0.00	0.00	0.00	22.23	66.92	3.24	16.28	4757	4931	1129	174	0	0	0	0	10992	122.07	30.87	13.96	43.76	43.45	50.15	65.22	1.32	25.62	25.57
7/14/2025 10:56:42 AM	9.32	4.98	3.11	5.07	0.00	0.00	0.00	0.00	22.47	65.60	3.30	16.67	4938	4978	1399	152	0	0	0	0	11467	119.66	30.16	13.29	43.10	43.88	48.45	65.96	1.32	25.55	25.55
7/14/2025 10:56:45 AM	9.23	4.74	2.49	5.33	0.00	0.00	0.00	0.00	21.79	66.04	3.34	16.28	4893	4738	1122	160	0	0	0	0	10912	120.47	29.42	13.09	42.10	42.66	47.99	64.08	1.33	25.54	25.53
7/14/2025 10:56:48 AM	8.90	4.62	2.31	5.63	0.00	0.00	0.00	0.00	21.44	66.02	3.37	16.15	4714	4618	1037	169	0	0	0	0	10538	120.42	29.41	13.84	42.29	41.27	47.90	63.88	1.33	25.53	25.57
7/14/2025 10:56:50 AM	8.79	4.94	2.71	5.23	0.00	0.00	0.00	0.00	21.67	66.14	3.39	16.45	4658	4944	1218	157	0	0	0	0	10977	120.64	29.41	13.62	42.68	41.91	47.91	63.29	1.33	25.52	25.57
7/14/2025 10:56:53 AM	7.90	4.60	2.37	4.88	0.00	0.00	0.00	0.00	19.75	65.71	3.40	16.48	4186	4602	1067	146	0	0	0	0	10001	119.85	27.01	12.44	39.40	38.15	44.58	57.33	1.33	25.51	25.60
7/14/2025 10:56:56 AM	6.90	4.23	2.21	4.33	0.00	0.00	0.00	0.00	17.68	65.54	3.48	16.15	3659	4228	997	130	0	0	0	0	9014	119.56	24.25	11.29	35.84	33.72	40.39	51.28	1.34	25.46	25.57
7/14/2025 10:56:59 AM	4.31	3.49	1.60	3.95	0.00	0.00	0.00	0.00	13.35	66.04	3.56	14.78	2282	3486	720	119	0	0	0	0	6607	120.46	19.78	9.38	29.50	24.11	34.02	38.89	1.35	25.45	25.55
7/14/2025 10:57:01 AM	4.55	3.50	1.47	3.91	0.00	0.00	0.00	0.00	13.44	66.44	3.60	14.30	2413	3505	660	117	0	0	0	0	6695	121.19	19.58	9.39	29.53	24.52	33.98	38.86	1.35	25.41	25.58
7/14/2025 10:57:04 AM	4.40	3.27	1.52	4.08	0.00	0.00	0.00	0.00	13.27	66.80	3.64	15.31	2332	3270	686	122	0	0	0	0	6411	121.84	19.97	9.36	28.93	24.60	33.77	39.10	1.36	25.39	25.57
7/14/2025 10:57:07 AM	4.64	3.75	1.77	3.69	0.00	0.00	0.00	0.00	13.85	66.35	3.69	15.47	2460	3746	796	111	0	0	0	0	7113	121.02	19.80	9.41	30.24	25.21	34.33	39.51	1.36	25.37	25.58
7/14/2025 10:57:10 AM	3.95	3.01	1.03	3.47	0.00	0.00	0.00	0.00	11.46	67.10	3.75	14.87	2096	3010	464	104	0	0	0	0	5674	122.39	16.76	8.63	25.80	21.10	29.58	32.91	1.37	25.32	25.53
7/14/2025 10:57:13 AM	3.56	3.12	1.47	3.02	0.00	0.00	0.00	0.00	11.18	67.59	3.80	14.24	1889	3123	661	91	0	0	0	0	5764	123.30	16.29	8.09	25.20	20.38	28.55	31.62	1.37	25.30	25.58
7/14/2025 10:57:15 AM	3.54	2.88	1.19	3.22	0.00	0.00	0.00	0.00	10.83	67.60	3.83	14.05	1877	2876	535	97	0	0	0	0	5386	123.30	16.06	7.74	24.42	19.68	28.33	31.29	1.38	25.27	25.57
7/14/2025 10:57:18 AM	3.54	2.76	1.03	3.18	0.00	0.00	0.00	0.00	10.50	68.11	3.87	14.21	1876	2756	465	95	0	0	0	0	5192	124.24	15.56	7.65	23.70	19.32	27.55	30.27	1.38	25.22	25.57
7/14/2025 10:57:21 AM	3.52	2.53	0.88	3.33	0.00	0.00	0.00	0.00	10.26	67.33	3.92	14.38	1865	2531	394	100	0	0	0	0	4890	122.81	15.51	7.73	23.10	19.11	27.13	30.08	1.38	25.21	25.60
7/14/2025 10:57:24 AM	3.25	2.56	0.93	3.17	0.00	0.00	0.00	0.00	9.90	68.09	3.99	14.71	1721	2560	418	95	0	0	0	0	4794	124.21	15.02	7.53	22.64	18.28	26.46	28.73	1.39	25.15	25.57
7/14/2025 10:57:26 AM	2.77	2.18	0.65	2.81	0.00	0.00	0.00	0.00	8.40	68.27	4.04	14.81	1467	2176	292	84	0	0	0	0	4019	124.54	13.01	6.45	19.52	15.97	23.34	24.05	1.40	25.14	25.55
7/14/2025 10:57:29 AM	2.30	2.40	1.34	2.42	0.00	0.00	0.00	0.00	8.47	68.35	4.09	14.84	1222	2402	603	73	0	0	0	0	4299	124.68	13.15	6.45	19.86	15.49	22.89	24.11	1.40	25.10	25.57
7/14/2025 10:57:31 AM	2.14	2.18	1.09	2.15	0.00	0.00	0.00	0.00	7.55	68.55	4.11	14.92	1134	2180	488	64	0	0	0	0	3867	125.04	11.64	5.71	17.92	13.95	20.84	21.19	1.40	25.08	25.48
7/14/2025 10:57:34 AM	2.54	2.41	0.92	2.24	0.00	0.00	0.00	0.00	8.11	68.46	4.15	14.95	1348	2414	414	67	0	0	0	0	4243	124.88	11.86	6.40	19.36	14.70	21.88	22.42	1.41	25.07	25.57
7/14/2025 10:57:37 AM	2.28	2.33	1.13	1.99	0.00	0.00	0.00	0.00	7.73	68.85	4.21	14.19	1209	2325	510	60	0	0	0	0	4104	125.58	11.47	5.96	18.34	14.27	20.75	21.22	1.41	24.99	25.55
7/14/2025 10:57:40 AM	1.93	1.96	0.80	1.60	0.00	0.00	0.00	0.00	6.30	69.39	4.25	13.56	1025	1963	360	48	0	0	0	0	3396	126.58	9.32	4.82	15.32	11.93	17.66	16.76	1.42	24.99	25.58
7/14/2025 10:57:43 AM	1.80	1.58	0.45	1.60	0.00	0.00	0.00	0.00	5.43	69.60	4.29	13.67	953	1584	202	48	0	0	0	0	2787	126.96	8.29	4.24	13.34	10.73	16.00	14.55	1.42	24.95	25.48
7/14/2025 10:57:45 AM	1.59	1.96	0.92	1.31	0.00	0.00	0.00	0.00	5.78	69.77	4.33	14.11	844	1957	414	39	0	0	0	0	3255	127.26	8.53	4.43	14.43	10.77	16.41	14.94	1.42	24.90	25.48
7/14/2025 10:57:48 AM	1.84	1.76	0.54	1.61	0.00	0.00	0.00	0.00	5.75	69.58	4.38	14.48	974	1760	241	48	0	0	0	0	3024	126.92	8.60	4.59	14.27	10.94	16.68	15.35	1.43	24.86	25.53
7/14/2025 10:57:51 AM	1.76	1.75	0.63	1.21	0.00	0.00	0.00	0.00	5.35	69.64	4.44	13.81	935	1745	285	36	0	0	0	0	3001	127.03	7.66	4.30	13.26	10.53	15.07	13.56	1.43	24.81	25.45
7/14/2025 10:57:53 AM	1.71	1.64	0.50	1.08	0.00	0.00	0.00	0.00	4.92	70.45	4.49	13.20	904	1637	223	32	0	0	0	0	2797	128.51	6.90	3.84	12.34	9.67	14.15	12.29	1.44	24.75	25.52
7/14/2025 10:57:56 AM	1.79	1.64	0.42	1.18	0.00	0.00	0.00	0.00	5.05	70.02	4.57	13.42	951	1643	191	36	0	0	0	0	2821	127.73	7.10	3.85	12.58	9.91	14.61	12.73	1.45	24.73	25.53
7/14/2025 10:57:59 AM	1.73	1.68	0.52	1.09	0.00	0.00	0.00	0.00	5.02	70.31	4.64	12.75	919	1678	234	33	0	0	0	0	2863	128.25	7.04	3.69	12.47	9.87	14.48	12.49	1.45	24.71	25.47
7/14/2025 10:58:01 AM	1.70	1.61	0.53	1.02	0.00	0.00	0.00	0.00	4.86	70.19	4.68	12.47	902	1609	238	31	0	0	0	0	2779	128.03	6.79	3.75	12.11	9.64	13.88	12.13	1.46	24.67	25.47
7/14/2025 10:58:04 AM	1.77	1.62	0.39	1.09	0.00	0.00	0.00	0.00	4.86	70.02	4.79	12.84	936	1623	174	33	0	0	0	0	2765	127.73	6.75	3.76	12.20	9.69	14.11	11.97	1.47	24.59	25.45
7/14/2025 10:58:07 AM	1.65	1.44	0.38	1.03	0.00	0.00	0.00	0.00	4.51	70.63	4.86	12.18	876	1441	172	31	0	0	0	0	2521	128.83	6.39	3.54	11.29	9.20	13.19	11.26	1.48	24.57	25.42
7/14/2025 10:58:10 AM	1.77	1.66	0.45	0.86	0.00	0.00	0.00	0.00	4.73	70.40	4.91	11.99	937	1660	200	26	0	0	0	0	2823	128.42	6.24	3.45	11.85	9.34	13.50	11.34	1.48	24.53	25.45
7/14/2025 10:58:12 AM	1.85	1.50	0.28	1.08	0.00	0.00	0.00	0.00	4.71	70.56	4.98	12.34	979	1497	127	32	0	0	0	0	2636	128.71	6.47	3.51	11.66	9.48	13.70	11.78	1.49	24.48	25.42
7/14/2025 10:58:15 AM	1.63	1.61	0.54	0.87	0.00	0.00	0.00	0.00	4.66	70.39	5.03	12.71	864	1609	245	26	0	0	0	0	2745	128.39	6.37	3.32	11.63	9.19	13.42	11.35	1.49	24.46	25.37
7/14/2025 10:58:18 AM	1.69	1.53	0.42	0.95	0.00	0.00	0.00	0.00	4.59	70.26	5.09	13.18	893	1530	190	29	0	0	0	0	2642	128.17	6.35	3.44	11.46	9.32	13.31	11.24	1.50	24.40	25.37
7/14/2025 10:58:21 AM	1.95	1.38	0.06	1.27	0.00	0.00	0.00	0.00	4.66	70.42	5.14	13.19	1032	1381	26	38	0	0	0	0	2477	128.45	6.54	3.55	11.51	9.58	13.89	11.88	1.50	24.34	25.39
7/14/2025 10:58:24 AM	1.78	1.61	0.38	1.10	0.00	0.00	0.00	0.00	4.88	70.63	5.21	12.92	944	1609	173	33	0	0	0	0	2758	128.84	6.79	3.75	12.18	9.76	14.14	12.05	1.51	24.29	25.37
7/14/2025 10:58:26 AM	1.82	1.50	0.26	0.97	0.00	0.00	0.00	0.00	4.55	70.45	5.26	12.65	965	1501	118	29	0	0	0	0	2613	128.50	6.10	3.40	11.35	9.25	13.22	11.09	1.51	24.24	25.29
7/14/2025 10:58:29 AM	1.78	1.52	0.32	1.00	0.00	0.00	0.00	0.00	4.62	70.53	5.33	12.91	944	1517	143	30	0	0	0	0	2634	128.65	6.32	3.43	11.50	9.38	13.47	11.32	1.52	24.21	25.31
7/14/2025 10:58:32 AM	1.63	1.59	0.53	0.87	0.00	0.00	0.00	0.00	4.62	69.57	5.39	12.67	866	1587	238	26	0	0	0	0	2718	126.90	6.34	3.41	11.54	9.27	13.27	11.18	1.53	24.16	25.26
7/14/2025 10:58:35 AM	1.62	1.52	0.45	0.90	0.00	0.00	0.00	0.01	4.49	70.15	5.43	12.55	860	1520	204	27	0	0	0	0	2611	127.95	6.22	3.37	11.28	9.17	13.07	10.97	1.53	24.14	25.24
7/14/2025 10:58:38 AM	1.67	1.81	0.62	0.68	0.00	0.00	0.00	0.00	4.79	70.36	5.47	12.81	887	1814	278	20	0	0	0	0	3000	128.34	6.13	3.45	12.10	9.23	13.41	11.07	1.54	24.07	25.26
7/14/2025 10:58:40 AM	1.70	1.54	0.37	0.83	0.00	0.00	0.00	0.01	4.43	70.42	5.56	12.22	899	1537	165	25	0	0	0	0	2626	128.45	5.90	3.37	11.21	9.00	12.82	10.64	1.55	24.00	25.26
7/14/2025 10:58:43 AM	1.68	1.57	0.37	0.90	0.00	0.00	0.00	0.02	4.52	70.53	5.63	11.61	889	1575	167	27	0	0	0	0	2657	128.65	6.14	3.38	11.45	9.34	13.23	10.94	1.55	24.00	25.28
7/14/2025 10:58:46 AM	1.78	1.49	0.28	0.94	0.00	0.00	0.00	0.00	4.49	70.14	5.68	12.42	945	1493	124	28	0	0	0	0	2590	127.94	6.02	3.40	11.25	9.11	13.06	10.91	1.56	23.91	25.15
7/14/2025 10:58:48 AM	1.79	1.68	0.50	0.90	0.00	0.00	0.00	0.00	4.87	70.57	5.70	12.62	948	1679	226	27	0	0	0	0	2880	128.72	6.50	3.63	12.10	9.65	13.72	11.77	1.56	23.89	25.24
7/14/2025 10:58:51 AM	1.83	1.67	0.46	0.93	0.00	0.00	0.00	0.00	4.89	70.49	5.73	12.77	970	1670	207	28	0	0	0	0	2875	128.57	6.51	3.70	12.14	9.73	13.77	11.85	1.56	23.84	25.21
7/14/2025 10:58:54 AM	1.84	1.62	0.36	1.00	0.00	0.00	0.00	0.00	4.82	70.39	5.75	13.03	973	1623	163	30	0	0	0	0	2788	128.40	6.48	3.69	12.04	9.61	13.80	11.75	1.56	23.80	25.15
7/14/2025 10:58:56 AM	1.76	1.63	0.51	1.05	0.00	0.00	0.00	0.00	4.95	70.27	5.79	13.24	933	1631	227	32	0	0	0	0	2823	128.17	6.89	3.72	12.24	9.87	14.13	12.30	1.57	23.75	25.12
7/14/2025 10:59:00 AM	1.66	1.76	0.61	0.87	0.00	0.00	0.00	0.00	4.89	70.34	5.82	13.26	878	1758	274	26	0	0	0	0	2936	128.30	6.63	3.60	12.28	9.61	13.92	11.68	1.57	23.69	25.10
7/14/2025 10:59:02 AM	1.80	1.71	0.48	0.95	0.00	0.00	0.00	0.00	4.94	70.32	5.84	12.97	957	1711	215	28	0	0	0	0	2911	128.27	6.62	3.62	12.30	9.73	14.05	11.96	1.57	23.66	25.13
7/14/2025 10:59:05 AM	1.74	1.76	0.62	0.87	0.00	0.00	0.00	0.00	4.99	70.36	5.87	12.77	921	1761	278	26	0	0	0	0	2986	128.34	6.68	3.72	12.41	9.81	13.95	11.98	1.58	23.63	25.10
7/14/2025 10:59:08 AM	1.78	1.61	0.40	0.97	0.00	0.00	0.00	0.00	4.77	70.39	5.90	12.82	943	1614	181	29	0	0	0	0	2768	128.39	6.45	3.57	11.89	9.53	13.69	11.58	1.58	23.56	25.03
7/14/2025 10:59:10 AM	1.52	1.93	0.93	0.65	0.00	0.00	0.00	0.00	5.02	70.28	5.94	12.87	805	1930	418	19	0	0	0	0	3172	128.20	6.66	3.69	12.66	9.57	13.79	11.76	1.58	23.52	25.03
7/14/2025 10:59:13 AM	1.73	1.66	0.59	0.85	0.00	0.00	0.00	0.00	4.83	70.24	5.98	12.87	915	1662	265	25	0	0	0	0	2868	128.13	6.52	3.56	11.93	9.73	13.54	11.70	1.59	23.47	24.97
7/14/2025 10:59:16 AM	1.82	1.65	0.43	0.99	0.00	0.00	0.00	0.00	4.89	69.95	6.01	12.83	963	1647	194	30	0	0	0	0	2834	127.60	6.61	3.58	12.13	9.69	13.98	11.97	1.59	23.42	24.99
7/14/2025 10:59:18 AM	1.75	1.71	0.51	0.83	0.00	0.00	0.00	0.01	4.80	70.36	6.02	12.88	929	1713	230	25	0	0	0	0	2898	128.34	6.34	3.53	12.01	9.64	13.57	11.43	1.59	23.38	24.92
7/14/2025 10:59:21 AM	1.70	1.73	0.61	0.80	0.00	0.00	0.00	0.00	4.85	70.31	6.02	12.86	902	1729	277	24	0	0	0	0	2932	128.25	6.45	3.56	12.09	9.56	13.59	11.57	1.59	23.36	24.95
7/14/2025 10:59:24 AM	1.69	1.75	0.61	0.93	0.00	0.00	0.00	0.00	4.97	70.15	6.03	12.93	895	1748	275	28	0	0	0	0	2946	127.95	6.78	3.83	12.48	9.75	14.02	12.04	1.59	23.31	24.95
7/14/2025 10:59:27 AM	1.76	1.68	0.45	0.92	0.00	0.00	0.00	0.01	4.80	69.99	6.07	13.11	931	1682	202	28	0	0	0	0	2842	127.66	6.45	3.67	12.07	9.65	13.71	11.51	1.59	23.25	24.89
7/14/2025 10:59:29 AM	1.73	1.67	0.54	0.86	0.00	0.00	0.00	0.00	4.81	70.31	6.10	13.06	919	1672	245	26	0	0	0	0	2861	128.25	6.43	3.54	11.95	9.54	13.56	11.58	1.60	23.22	24.86
7/14/2025 10:59:32 AM	1.75	1.82	0.68	0.70	0.00	0.00	0.00	0.01	4.96	70.22	6.12	12.94	929	1821	308	21	0	0	0	0	3078	128.08	6.39	3.72	12.34	9.80	13.52	11.63	1.60	23.17	24.92
7/14/2025 10:59:35 AM	1.77	1.75	0.63	0.76	0.00	0.00	0.00	0.00	4.91	69.95	6.19	12.66	937	1751	281	23	0	0	0	0	2992	127.60	6.40	3.47	12.11	9.66	13.61	11.67	1.61	23.13	24.81
7/14/2025 10:59:37 AM	1.80	1.65	0.45	0.84	0.00	0.00	0.00	0.00	4.74	70.26	6.23	12.14	953	1652	202	25	0	0	0	0	2832	128.16	6.20	3.49	11.80	9.40	13.38	11.33	1.61	23.09	24.79
7/14/2025 10:59:41 AM	1.71	1.74	0.53	0.89	0.00	0.00	0.00	0.00	4.87	69.75	6.27	12.00	904	1742	238	27	0	0	0	0	2911	127.23	6.54	3.53	12.20	9.58	13.93	11.57	1.61	23.03	24.79
7/14/2025 10:59:43 AM	1.91	1.55	0.27	1.01	0.00	0.00	0.00	0.00	4.74	70.27	6.30	12.28	1011	1554	121	30	0	0	0	0	2716	128.18	6.32	3.54	11.74	9.58	13.61	11.57	1.62	22.97	24.75
7/14/2025 10:59:46 AM	1.81	1.70	0.58	0.73	0.00	0.00	0.00	0.02	4.81	70.17	6.32	12.64	957	1695	259	22	0	0	0	0	2934	128.00	6.23	3.55	11.88	9.79	13.22	11.55	1.62	22.92	24.71
7/14/2025 10:59:49 AM	1.80	1.56	0.36	0.95	0.00	0.00	0.00	0.02	4.66	70.31	6.35	12.88	954	1559	160	28	0	0	0	0	2701	128.26	6.31	3.42	11.58	9.64	13.44	11.44	1.62	22.88	24.68
7/14/2025 10:59:51 AM	1.80	1.74	0.56	0.77	0.00	0.00	0.00	0.00	4.87	70.16	6.38	12.88	953	1745	252	23	0	0	0	0	2972	127.97	6.31	3.50	12.08	9.63	13.56	11.51	1.63	22.87	24.75
7/14/2025 10:59:54 AM	1.69	1.73	0.65	0.85	0.00	0.00	0.00	0.01	4.92	68.72	6.43	12.73	894	1730	294	25	0	0	0	0	2944	125.36	6.69	3.58	12.18	9.93	13.81	11.88	1.63	22.78	24.63
7/14/2025 10:59:57 AM	1.55	1.90	0.91	0.61	0.00	0.00	0.00	0.00	4.98	69.99	6.47	12.73	821	1905	411	18	0	0	0	0	3155	127.67	6.57	3.51	12.42	9.65	13.66	11.55	1.63	22.77	24.59
7/14/2025 11:00:00 AM	1.89	1.77	0.47	0.83	0.00	0.00	0.00	0.01	4.97	69.94	6.51	12.66	1004	1772	213	25	0	0	0	0	3014	127.58	6.40	3.62	12.33	9.97	13.86	11.80	1.64	22.73	24.60
7/14/2025 11:00:02 AM	1.60	1.92	0.82	0.57	0.00	0.00	0.00	0.01	4.91	70.00	6.53	12.66	846	1922	370	17	0	0	0	0	3156	127.69	6.32	3.34	12.31	9.55	13.59	11.22	1.64	22.67	24.57
7/14/2025 11:00:05 AM	1.75	1.85	0.68	0.65	0.00	0.00	0.00	0.02	4.92	69.64	6.59	12.70	928	1846	305	19	0	0	0	0	3098	127.03	6.27	3.58	12.28	9.83	13.47	11.49	1.65	22.68	24.59
7/14/2025 11:00:08 AM	1.73	1.93	0.88	0.53	0.00	0.00	0.00	0.00	5.07	70.07	6.72	12.21	919	1928	396	16	0	0	0	0	3259	127.81	6.39	3.43	12.44	9.89	13.57	11.73	1.66	22.60	24.52
7/14/2025 11:00:11 AM	1.77	1.64	0.45	0.75	0.00	0.00	0.00	0.02	4.60	69.97	6.82	11.38	936	1640	203	22	0	0	0	0	2801	127.63	5.97	3.12	11.44	9.39	13.13	10.97	1.67	22.57	24.55
7/14/2025 11:00:13 AM	1.70	1.92	0.73	0.47	0.00	0.00	0.00	0.01	4.82	69.94	6.87	11.30	900	1924	330	14	0	0	0	0	3167	127.58	5.87	3.25	12.10	9.36	13.15	10.81	1.67	22.51	24.46
7/14/2025 11:00:16 AM	1.76	1.92	0.70	0.56	0.00	0.00	0.00	0.00	4.95	69.69	6.97	11.49	933	1920	315	17	0	0	0	0	3185	127.12	6.10	3.41	12.35	9.54	13.50	11.20	1.68	22.46	24.47
7/14/2025 11:00:19 AM	1.70	1.89	0.81	0.47	0.00	0.00	0.00	0.01	4.86	70.12	7.02	11.44	899	1887	363	14	0	0	0	0	3163	127.90	6.03	3.32	12.07	9.58	13.10	11.14	1.69	22.44	24.47
7/14/2025 11:00:22 AM	1.75	1.81	0.66	0.65	0.00	0.00	0.00	0.02	4.87	70.06	7.06	11.57	930	1810	297	19	0	0	0	0	3056	127.80	6.24	3.33	12.06	9.87	13.45	11.47	1.69	22.41	24.46
7/14/2025 11:00:24 AM	1.74	1.89	0.70	0.51	0.00	0.00	0.00	0.02	4.84	69.85	7.08	11.73	921	1888	314	15	0	0	0	0	3139	127.41	5.96	3.27	12.08	9.58	13.23	11.04	1.69	22.37	24.39
7/14/2025 11:00:27 AM	1.79	1.87	0.69	0.64	0.00	0.00	0.00	0.00	4.99	69.77	7.12	11.94	948	1868	311	19	0	0	0	0	3147	127.26	6.28	3.27	12.29	9.65	13.72	11.58	1.70	22.29	24.34
7/14/2025 11:00:30 AM	1.63	2.71	1.52	0.00	0.00	0.00	0.00	0.00	5.86	68.85	7.16	12.13	863	2706	685	0	0	0	0	0	4255	125.58	6.56	3.84	15.19	10.04	14.17	12.45	1.70	22.25	24.34
7/14/2025 11:00:33 AM	1.82	1.71	0.52	0.74	0.00	0.00	0.00	0.02	4.79	69.91	7.22	12.22	963	1714	232	22	0	0	0	0	2932	127.52	6.16	3.37	11.86	9.73	13.36	11.40	1.71	22.25	24.34
7/14/2025 11:00:35 AM	1.80	1.87	0.73	0.57	0.00	0.00	0.00	0.00	4.97	69.92	7.32	12.18	954	1868	328	17	0	0	0	0	3168	127.54	6.18	3.34	12.21	9.72	13.44	11.48	1.72	22.17	24.28
7/14/2025 11:00:38 AM	1.70	1.84	0.69	0.56	0.00	0.00	0.00	0.01	4.78	69.62	7.38	11.53	902	1838	310	17	0	0	0	0	3067	127.00	6.01	3.17	11.92	9.48	13.23	11.01	1.72	22.17	24.26
7/14/2025 11:00:41 AM	1.81	1.79	0.61	0.59	0.00	0.00	0.00	0.01	4.81	69.72	7.44	11.29	961	1792	275	18	0	0	0	0	3046	127.17	5.96	3.21	11.86	9.57	13.19	11.17	1.73	22.12	24.26
7/14/2025 11:00:43 AM	1.61	1.74	0.59	0.63	0.00	0.00	0.00	0.03	4.57	69.90	7.49	11.34	855	1735	264	19	0	0	0	0	2874	127.50	5.92	3.19	11.57	9.35	12.98	10.69	1.73	22.06	24.22
7/14/2025 11:00:46 AM	1.79	1.73	0.53	0.66	0.00	0.00	0.00	0.03	4.71	69.92	7.54	11.48	949	1734	236	20	0	0	0	0	2939	127.54	5.96	3.26	11.73	9.61	13.14	11.09	1.74	22.03	24.22
7/14/2025 11:00:49 AM	1.77	1.76	0.54	0.65	0.00	0.00	0.00	0.02	4.71	69.83	7.63	11.61	938	1756	243	19	0	0	0	0	2957	127.37	5.94	3.30	11.79	9.48	13.14	11.00	1.75	22.00	24.14
7/14/2025 11:00:52 AM	1.63	2.04	0.89	0.44	0.00	0.00	0.00	0.02	5.00	70.04	7.70	11.53	866	2036	400	13	0	0	0	0	3315	127.76	6.18	3.46	12.58	9.74	13.48	11.21	1.75	21.96	24.15
7/14/2025 11:00:54 AM	1.58	2.01	0.90	0.36	0.00	0.00	0.00	0.02	4.85	69.66	7.75	11.43	836	2009	406	11	0	0	0	0	3262	127.06	5.94	3.16	12.21	9.49	13.17	10.80	1.76	21.92	24.14
7/14/2025 11:00:57 AM	1.66	1.78	0.65	0.53	0.00	0.00	0.00	0.02	4.63	69.56	7.83	11.45	881	1782	293	16	0	0	0	0	2973	126.88	5.81	3.12	11.61	9.26	12.88	10.66	1.77	21.87	24.09
7/14/2025 11:01:00 AM	1.69	1.69	0.47	0.74	0.00	0.00	0.00	0.04	4.59	69.94	7.89	11.42	897	1687	212	22	0	0	0	0	2818	127.58	6.02	3.24	11.59	9.57	13.18	10.93	1.77	21.87	24.14
7/14/2025 11:01:03 AM	1.74	1.77	0.54	0.67	0.00	0.00	0.00	0.03	4.73	69.71	8.00	11.48	924	1769	243	20	0	0	0	0	2956	127.15	6.04	3.22	11.83	9.62	13.34	11.07	1.78	21.80	24.02
7/14/2025 11:01:06 AM	1.66	1.77	0.60	0.50	0.00	0.00	0.00	0.04	4.54	69.47	8.08	11.40	881	1768	272	15	0	0	0	0	2936	126.72	5.65	3.07	11.46	9.30	12.69	10.48	1.79	21.76	24.04
7/14/2025 11:01:08 AM	1.56	1.66	0.50	0.68	0.00	0.00	0.00	0.05	4.41	69.73	8.17	11.46	828	1661	226	20	0	0	0	0	2736	127.19	5.85	3.09	11.27	9.30	12.85	10.47	1.80	21.71	24.01
7/14/2025 11:01:11 AM	1.55	1.68	0.61	0.53	0.00	0.00	0.00	0.05	4.37	69.94	8.22	11.28	822	1677	274	16	0	0	0	0	2789	127.57	5.63	2.96	11.07	9.17	12.43	10.27	1.81	21.69	23.96
7/14/2025 11:01:14 AM	1.58	1.78	0.67	0.53	0.00	0.00	0.00	0.04	4.55	69.68	8.27	11.17	838	1776	301	16	0	0	0	0	2931	127.10	5.82	3.17	11.56	9.39	12.77	10.59	1.81	21.68	23.96
7/14/2025 11:01:17 AM	1.83	1.88	0.61	0.53	0.00	0.00	0.00	0.02	4.84	69.72	8.33	11.26	969	1878	275	16	0	0	0	0	3137	127.18	5.88	3.12	12.02	9.68	13.31	11.08	1.82	21.61	23.91
7/14/2025 11:01:19 AM	1.61	2.04	0.89	0.34	0.00	0.00	0.00	0.03	4.88	69.66	8.40	11.26	854	2037	400	10	0	0	0	0	3301	127.07	5.90	3.21	12.30	9.58	13.17	10.82	1.82	21.58	23.94
7/14/2025 11:01:22 AM	1.65	1.89	0.69	0.54	0.00	0.00	0.00	0.03	4.77	69.66	8.42	11.25	875	1890	312	16	0	0	0	0	3093	127.07	5.99	3.26	12.05	9.55	13.26	10.89	1.83	21.56	23.91
7/14/2025 11:01:25 AM	1.81	1.89	0.48	0.70	0.00	0.00	0.00	0.02	4.88	69.68	8.46	11.43	958	1893	218	21	0	0	0	0	3090	127.10	6.09	3.53	12.41	9.74	13.71	11.16	1.83	21.51	23.91
7/14/2025 11:01:27 AM	1.64	1.91	0.68	0.55	0.00	0.00	0.00	0.04	4.79	69.82	8.50	11.53	871	1915	307	17	0	0	0	0	3109	127.35	6.05	3.37	12.20	9.71	13.36	10.96	1.83	21.50	23.86
7/14/2025 11:01:30 AM	1.67	1.80	0.66	0.56	0.00	0.00	0.00	0.04	4.70	69.96	8.57	11.39	885	1800	299	17	0	0	0	0	3001	127.61	5.99	3.09	11.73	9.70	13.13	11.01	1.84	21.44	23.81
7/14/2025 11:01:33 AM	1.72	1.71	0.54	0.54	0.00	0.00	0.00	0.05	4.51	69.78	8.62	11.46	909	1709	242	16	0	0	0	0	2876	127.28	5.63	3.01	11.30	9.44	12.65	10.59	1.84	21.41	23.80
7/14/2025 11:01:36 AM	1.61	1.88	0.74	0.40	0.00	0.00	0.00	0.06	4.63	69.70	8.68	11.37	851	1879	334	12	0	0	0	0	3077	127.13	5.73	3.14	11.74	9.68	12.74	10.64	1.85	21.36	23.75
7/14/2025 11:01:38 AM	1.66	1.84	0.59	0.52	0.00	0.00	0.00	0.06	4.62	69.41	8.76	11.27	880	1844	266	16	0	0	0	0	3006	126.60	5.76	3.10	11.75	9.64	13.01	10.64	1.86	21.33	23.75
7/14/2025 11:01:41 AM	1.58	1.76	0.70	0.57	0.00	0.00	0.00	0.05	4.62	69.80	8.82	11.16	839	1760	314	17	0	0	0	0	2931	127.31	6.03	3.20	11.62	9.67	12.94	10.94	1.86	21.32	23.73
7/14/2025 11:01:44 AM	1.48	1.88	0.67	0.55	0.00	0.00	0.00	0.06	4.57	69.86	8.93	11.12	783	1876	299	16	0	0	0	0	2975	127.42	5.92	3.37	11.92	9.58	13.04	10.49	1.87	21.25	23.69
7/14/2025 11:01:47 AM	1.58	1.82	0.72	0.48	0.00	0.00	0.00	0.06	4.60	69.76	9.00	11.21	836	1817	326	14	0	0	0	0	2993	127.25	5.87	3.07	11.62	9.72	12.85	10.77	1.88	21.23	23.64
7/14/2025 11:01:49 AM	1.57	1.72	0.59	0.57	0.00	0.00	0.00	0.06	4.46	69.69	9.05	11.15	832	1722	268	17	0	0	0	0	2839	127.11	5.79	3.03	11.33	9.46	12.75	10.52	1.89	21.20	23.64
7/14/2025 11:01:52 AM	1.59	1.72	0.57	0.54	0.00	0.00	0.00	0.07	4.42	69.79	9.15	11.26	844	1716	258	16	0	0	0	0	2834	127.29	5.68	3.09	11.28	9.57	12.55	10.48	1.90	21.18	23.64
7/14/2025 11:01:55 AM	1.64	1.82	0.62	0.52	0.00	0.00	0.00	0.05	4.60	69.75	9.24	11.39	869	1816	279	16	0	0	0	0	2979	127.24	5.78	3.10	11.66	9.54	12.93	10.63	1.91	21.17	23.59
7/14/2025 11:01:58 AM	1.81	1.84	0.57	0.57	0.00	0.00	0.00	0.05	4.78	69.54	9.34	11.21	957	1841	257	17	0	0	0	0	3072	126.85	5.91	3.19	11.95	9.89	13.25	11.13	1.92	21.11	23.56
7/14/2025 11:02:00 AM	1.73	1.93	0.68	0.51	0.00	0.00	0.00	0.04	4.85	69.39	9.43	11.31	915	1931	306	15	0	0	0	0	3167	126.57	5.98	3.29	12.22	9.77	13.36	11.06	1.92	21.09	23.49
7/14/2025 11:02:03 AM	1.59	1.78	0.59	0.54	0.00	0.00	0.00	0.06	4.49	69.45	9.52	11.34	841	1781	264	16	0	0	0	0	2902	126.69	5.71	3.11	11.50	9.44	12.78	10.42	1.93	21.06	23.54
7/14/2025 11:02:05 AM	1.65	1.95	0.66	0.48	0.00	0.00	0.00	0.05	4.74	69.68	9.62	11.22	873	1948	298	14	0	0	0	0	3134	127.10	5.85	3.27	12.14	9.72	13.22	10.74	1.94	21.02	23.46
7/14/2025 11:02:08 AM	1.68	2.15	0.93	0.25	0.00	0.00	0.00	0.04	5.01	69.61	9.69	11.26	891	2149	420	7	0	0	0	0	3467	126.97	5.87	3.30	12.64	9.96	13.28	11.03	1.95	21.02	23.48
7/14/2025 11:02:11 AM	1.62	2.01	0.85	0.37	0.00	0.00	0.00	0.04	4.85	69.22	9.81	11.32	858	2006	382	11	0	0	0	0	3257	126.27	5.92	3.25	12.25	9.73	13.16	10.90	1.96	20.96	23.41
7/14/2025 11:02:14 AM	1.57	1.97	0.83	0.39	0.00	0.00	0.00	0.04	4.76	69.65	9.90	11.34	831	1973	374	12	0	0	0	0	3189	127.04	5.88	3.15	12.07	9.55	13.08	10.69	1.97	20.91	23.35
7/14/2025 11:02:17 AM	1.67	1.79	0.56	0.54	0.00	0.00	0.00	0.05	4.57	69.54	9.95	11.23	887	1792	251	16	0	0	0	0	2946	126.85	5.71	3.08	11.59	9.47	12.90	10.56	1.97	20.89	23.35
7/14/2025 11:02:19 AM	1.68	1.80	0.54	0.49	0.00	0.00	0.00	0.05	4.51	69.68	10.05	11.11	888	1803	244	15	0	0	0	0	2949	127.09	5.52	3.14	11.54	9.34	12.66	10.32	1.98	20.89	23.33
7/14/2025 11:02:22 AM	1.68	2.14	0.81	0.51	0.00	0.00	0.00	0.00	5.15	69.79	10.12	11.14	892	2144	364	15	0	0	0	0	3415	127.29	6.29	3.59	13.09	9.72	14.07	11.25	1.99	20.86	23.32
7/14/2025 11:02:25 AM	1.05	3.54	1.83	0.95	0.00	0.00	0.00	0.00	7.37	69.12	10.21	11.17	555	3539	824	28	0	0	0	0	4946	126.08	9.91	4.83	19.91	10.81	21.09	16.77	2.00	20.80	23.28
