Date/Time	Green Algae	Bluegreen	Diatoms	Cryptophyta	#5	#6	#7	Yellow substances	Total conc.	Transmission	Depth	Temp. Sample	Green Algae	Bluegreen	Diatoms	Cryptophyta	#5	#6	#7	Yellow substances	Total cell count	Trans. 700 nm	LED 3 [525 nm]	LED 4 [570 nm]	LED 5 [610 nm]	LED 6 [370 nm]	LED 7 [590 nm]	LED 8 [470 nm]	Pressure	Temp. LEDs	Temp. Sensor
date	µg/l	µg/l	µg/l	µg/l	µg/l	µg/l	µg/l	r.u.	µg/l	%	m	°C	cells/ml	cells/ml	cells/ml	cells/ml	cells/ml	cells/ml	cells/ml	r.u.	cells/ml	digits	digits	digits	digits	digits	digits	digits	bar	°C	°C
7/14/2025 12:40:05 PM	6.07	6.21	0.95	0.00	0.00	0.00	0.00	0.09	13.23	72.11	0.06	28.45	3217	6214	426	0	0	0	0	0	9857	131.54	10.72	3.57	29.92	23.73	30.66	25.92	1.01	23.24	24.89
7/14/2025 12:40:08 PM	4.40	5.25	1.44	0.00	0.00	0.00	0.00	0.53	11.09	72.64	0.12	28.26	2333	5249	648	0	0	0	0	0	8229	132.50	10.98	7.14	28.35	26.34	23.22	25.17	1.01	23.28	24.89
7/14/2025 12:40:10 PM	6.54	5.78	0.00	0.00	0.00	0.00	0.00	0.30	12.32	75.25	0.16	28.34	3466	5784	0	0	0	0	0	0	9250	137.26	7.76	3.96	33.79	25.48	22.59	24.97	1.02	23.33	24.91
7/14/2025 12:40:13 PM	7.75	7.16	0.00	0.11	0.00	0.00	0.00	0.00	15.02	71.95	0.26	28.33	4105	7164	0	3	0	0	0	0	11272	131.25	8.50	7.73	33.79	23.77	34.87	28.86	1.03	23.38	24.95
7/14/2025 12:40:16 PM	5.83	6.50	0.14	0.99	0.00	0.00	0.00	0.00	13.46	74.24	0.33	28.37	3090	6503	63	30	0	0	0	0	9685	135.42	10.65	7.56	33.78	18.84	32.93	27.80	1.03	23.45	24.97
7/14/2025 12:40:19 PM	4.93	4.99	0.00	2.21	0.00	0.00	0.00	0.25	12.13	73.41	0.33	28.06	2615	4990	0	66	0	0	0	0	7671	133.89	13.27	8.46	28.84	25.35	32.27	27.70	1.03	23.48	24.97
7/14/2025 12:40:21 PM	7.11	6.68	0.09	0.00	0.00	0.00	0.00	0.00	13.87	70.86	0.39	27.90	3766	6676	42	0	0	0	0	0	10484	129.25	8.24	10.94	35.33	19.55	27.76	28.01	1.04	23.54	24.94
7/14/2025 12:40:24 PM	7.36	5.76	0.00	0.58	0.00	0.00	0.00	0.21	13.70	75.38	0.43	27.76	3901	5758	0	18	0	0	0	0	9676	137.49	9.64	6.64	28.97	27.29	32.10	29.45	1.04	23.59	24.92
7/14/2025 12:40:26 PM	5.87	6.55	0.00	0.71	0.00	0.00	0.00	0.39	13.12	75.22	0.48	27.58	3109	6549	0	21	0	0	0	0	9679	137.20	10.37	10.62	32.73	27.17	31.49	26.41	1.05	23.59	24.95
7/14/2025 12:40:29 PM	6.67	7.45	1.76	0.00	0.00	0.00	0.00	0.00	15.88	72.83	0.52	27.69	3534	7453	794	0	0	0	0	0	11780	132.84	13.06	7.40	36.57	26.11	34.78	31.50	1.05	23.65	25.02
7/14/2025 12:40:32 PM	7.68	7.32	0.46	0.61	0.00	0.00	0.00	0.00	16.07	73.33	0.57	27.61	4073	7319	208	18	0	0	0	0	11618	133.76	12.44	9.00	37.34	26.69	35.60	31.91	1.06	23.71	25.03
7/14/2025 12:40:35 PM	6.84	7.96	1.30	0.35	0.00	0.00	0.00	0.14	16.45	72.16	0.62	27.39	3626	7963	583	10	0	0	0	0	12183	131.62	13.92	9.69	39.11	29.54	36.88	32.05	1.06	23.73	25.02
7/14/2025 12:40:38 PM	5.78	6.65	2.00	1.47	0.00	0.00	0.00	0.00	15.91	73.90	0.65	27.20	3065	6650	902	44	0	0	0	0	10662	134.79	16.91	8.38	36.16	27.65	37.39	34.90	1.06	23.79	25.05
7/14/2025 12:40:40 PM	6.28	8.03	2.52	0.00	0.00	0.00	0.00	0.00	16.82	73.37	0.68	27.23	3326	8028	1134	0	0	0	0	0	12489	133.83	14.67	7.71	40.45	26.17	36.00	34.33	1.07	23.83	25.05
7/14/2025 12:40:43 PM	4.69	8.16	3.85	0.00	0.00	0.00	0.00	0.00	16.70	74.54	0.71	27.35	2485	8159	1732	0	0	0	0	0	12376	135.96	17.05	8.02	40.82	27.01	36.23	33.64	1.07	23.90	25.15
7/14/2025 12:40:46 PM	6.75	8.02	2.53	0.00	0.00	0.00	0.00	0.02	17.31	72.00	0.73	27.03	3580	8020	1139	0	0	0	0	0	12739	131.33	15.78	3.44	38.25	29.79	39.38	34.46	1.07	23.93	25.13
7/14/2025 12:40:48 PM	7.05	7.66	0.00	1.39	0.00	0.00	0.00	0.00	16.10	73.52	0.76	27.10	3738	7663	0	42	0	0	0	0	11443	134.10	13.88	7.77	38.42	26.79	39.94	30.66	1.07	23.99	25.07
7/14/2025 12:40:51 PM	7.22	7.11	0.00	1.21	0.00	0.00	0.00	0.29	15.54	74.35	0.78	27.07	3828	7107	0	36	0	0	0	0	10972	135.62	12.41	8.75	35.23	30.75	38.74	32.31	1.08	24.03	25.12
7/14/2025 12:40:54 PM	8.24	7.26	1.34	0.40	0.00	0.00	0.00	0.00	17.25	73.16	0.82	26.92	4370	7261	605	12	0	0	0	0	12248	133.44	14.11	6.88	37.23	29.48	37.19	36.59	1.08	24.06	25.12
7/14/2025 12:40:56 PM	8.43	8.07	1.14	0.35	0.00	0.00	0.00	0.00	17.99	73.09	0.90	27.03	4468	8068	514	10	0	0	0	0	13060	133.32	14.33	7.10	39.74	30.58	39.78	35.94	1.09	24.12	25.10
7/14/2025 12:40:59 PM	5.64	8.28	2.25	0.00	0.00	0.00	0.00	0.29	16.16	73.33	0.95	26.90	2987	8279	1013	0	0	0	0	0	12278	133.76	15.21	5.83	39.46	30.48	37.35	31.61	1.09	24.20	25.13
7/14/2025 12:41:02 PM	9.04	7.72	0.29	0.71	0.00	0.00	0.00	0.00	17.76	72.67	0.93	26.91	4791	7723	131	21	0	0	0	0	12666	132.56	12.96	6.93	39.76	27.44	39.60	37.99	1.09	24.18	25.28
7/14/2025 12:41:05 PM	7.78	7.70	1.73	0.16	0.00	0.00	0.00	0.00	17.37	72.09	1.01	26.92	4123	7702	779	5	0	0	0	0	12609	131.50	14.47	7.67	38.24	30.16	37.44	35.10	1.10	24.24	25.20
7/14/2025 12:41:07 PM	8.78	8.03	0.19	0.75	0.00	0.00	0.00	0.00	17.75	72.96	1.02	26.83	4654	8033	84	22	0	0	0	0	12794	133.08	13.58	8.90	40.42	30.24	39.58	34.62	1.10	24.28	25.21
7/14/2025 12:41:10 PM	7.88	8.59	0.62	0.52	0.00	0.00	0.00	0.00	17.62	73.97	1.05	26.79	4178	8592	280	16	0	0	0	0	13066	134.92	13.61	7.42	41.27	28.14	41.22	33.37	1.10	24.34	25.24
7/14/2025 12:41:13 PM	6.83	8.32	2.04	0.48	0.00	0.00	0.00	0.00	17.67	72.88	1.10	26.73	3618	8318	920	15	0	0	0	0	12871	132.93	15.87	7.18	40.46	29.08	40.94	35.23	1.11	24.38	25.36
7/14/2025 12:41:16 PM	7.83	7.59	0.65	1.35	0.00	0.00	0.00	0.00	17.42	73.41	1.17	26.65	4147	7594	293	41	0	0	0	0	12075	133.90	15.44	9.26	39.90	29.84	40.08	35.83	1.12	24.43	25.23
7/14/2025 12:41:19 PM	7.46	9.48	1.94	0.00	0.00	0.00	0.00	0.00	18.88	73.86	1.19	26.46	3951	9478	875	0	0	0	0	0	14304	134.72	15.46	6.63	45.53	29.61	42.02	35.64	1.12	24.48	25.23
7/14/2025 12:41:21 PM	8.06	9.20	1.75	0.00	0.00	0.00	0.00	0.00	19.01	74.03	1.20	26.32	4269	9203	787	0	0	0	0	0	14260	135.03	15.27	7.52	45.42	30.84	40.47	36.40	1.12	24.50	25.32
7/14/2025 12:41:24 PM	8.77	10.16	1.18	0.00	0.00	0.00	0.00	0.00	20.11	72.02	1.21	26.14	4648	10159	530	0	0	0	0	0	15337	131.36	15.01	8.24	47.61	32.13	45.03	36.57	1.12	24.56	25.55
7/14/2025 12:41:27 PM	7.08	11.90	2.96	0.24	0.00	0.00	0.00	0.04	22.17	73.33	1.23	26.07	3753	11897	1332	7	0	0	0	0	16988	133.75	19.87	11.73	54.41	35.86	52.07	39.39	1.12	24.59	25.34
7/14/2025 12:41:30 PM	9.17	12.42	2.56	0.00	0.00	0.00	0.00	0.02	24.14	72.32	1.24	26.03	4858	12420	1150	0	0	0	0	0	18429	131.91	19.90	10.57	57.14	39.23	54.42	43.65	1.12	24.64	25.29
7/14/2025 12:41:32 PM	8.42	13.52	3.36	0.00	0.00	0.00	0.00	0.01	25.31	71.50	1.26	25.93	4464	13522	1514	0	0	0	0	0	19500	130.43	21.99	11.55	61.43	40.38	58.13	44.70	1.12	24.66	25.39
7/14/2025 12:41:35 PM	9.68	13.96	2.95	0.31	0.00	0.00	0.00	0.00	26.90	72.69	1.26	25.87	5128	13963	1328	9	0	0	0	0	20428	132.60	22.83	13.03	64.05	43.09	61.59	48.50	1.12	24.72	25.40
7/14/2025 12:41:38 PM	10.65	14.07	2.84	0.00	0.00	0.00	0.00	0.00	27.56	71.87	1.28	25.88	5643	14068	1279	0	0	0	0	0	20991	131.09	22.37	12.32	64.62	44.49	61.37	50.07	1.13	24.75	25.40
7/14/2025 12:41:41 PM	7.93	13.37	4.03	0.75	0.00	0.00	0.00	0.00	26.08	72.28	1.31	25.86	4202	13370	1812	23	0	0	0	0	19407	131.85	24.95	13.32	62.60	41.64	60.90	49.05	1.13	24.79	25.47
7/14/2025 12:41:43 PM	8.33	14.25	5.15	0.00	0.00	0.00	0.00	0.00	27.74	73.07	1.33	25.83	4416	14253	2319	0	0	0	0	0	20987	133.29	26.33	12.13	66.46	44.83	61.56	51.81	1.13	24.80	25.52
7/14/2025 12:41:46 PM	10.65	13.47	3.13	0.02	0.00	0.00	0.00	0.00	27.27	71.93	1.35	25.76	5643	13472	1408	1	0	0	0	0	20524	131.20	22.65	11.17	62.15	44.65	60.60	51.23	1.13	24.89	25.42
7/14/2025 12:41:49 PM	9.40	13.27	4.04	0.00	0.00	0.00	0.00	0.00	26.70	72.66	1.38	25.63	4980	13268	1817	0	0	0	0	0	20066	132.53	23.72	12.21	62.10	43.87	58.50	50.53	1.14	24.87	25.50
7/14/2025 12:41:51 PM	9.88	12.38	4.01	0.00	0.00	0.00	0.00	0.00	26.27	73.78	1.39	25.54	5237	12378	1806	0	0	0	0	0	19420	134.57	23.23	11.29	58.66	43.93	56.67	51.99	1.14	24.95	25.57
7/14/2025 12:41:54 PM	9.84	12.27	3.64	0.19	0.00	0.00	0.00	0.00	25.95	73.06	1.42	25.36	5218	12274	1638	6	0	0	0	0	19136	133.26	22.88	10.38	58.06	42.92	57.20	51.35	1.14	24.99	25.55
7/14/2025 12:41:57 PM	11.38	12.11	2.41	0.19	0.00	0.00	0.00	0.00	26.10	73.41	1.45	25.32	6032	12111	1085	6	0	0	0	0	19233	133.90	21.00	11.33	57.94	43.84	55.96	51.11	1.14	24.99	25.55
7/14/2025 12:42:00 PM	9.52	11.94	3.35	0.57	0.00	0.00	0.00	0.05	25.38	72.18	1.47	25.34	5048	11939	1506	17	0	0	0	0	18510	131.65	23.16	11.67	57.40	43.52	56.31	50.32	1.14	24.99	25.55
7/14/2025 12:42:03 PM	8.98	11.98	4.03	0.00	0.00	0.00	0.00	0.07	24.99	72.81	1.50	25.37	4759	11979	1812	0	0	0	0	0	18550	132.81	22.70	11.39	56.59	42.92	54.40	49.24	1.15	25.06	25.69
7/14/2025 12:42:05 PM	9.43	12.07	3.39	0.55	0.00	0.00	0.00	0.05	25.44	73.30	1.52	25.42	4998	12070	1527	16	0	0	0	0	18611	133.71	23.21	11.93	57.85	43.45	56.53	50.13	1.15	25.11	25.57
7/14/2025 12:42:08 PM	9.96	11.15	2.97	0.20	0.00	0.00	0.00	0.00	24.28	73.91	1.56	25.36	5279	11146	1339	6	0	0	0	0	17769	134.82	20.73	11.65	54.12	41.18	51.64	48.43	1.15	25.10	25.60
7/14/2025 12:42:11 PM	10.04	10.91	2.77	0.00	0.00	0.00	0.00	0.10	23.71	72.91	1.57	25.34	5319	10905	1247	0	0	0	0	0	17472	132.99	19.97	9.84	52.69	41.67	50.22	47.54	1.15	25.14	25.69
7/14/2025 12:42:13 PM	8.97	10.37	3.50	0.00	0.00	0.00	0.00	0.12	22.84	73.73	1.59	25.24	4752	10374	1574	0	0	0	0	0	16700	134.49	20.63	10.25	51.14	40.91	47.58	46.97	1.16	25.20	25.68
7/14/2025 12:42:16 PM	9.80	9.98	3.17	0.00	0.00	0.00	0.00	0.00	22.95	73.36	1.61	25.20	5196	9977	1425	0	0	0	0	0	16598	133.80	19.69	10.14	49.59	39.70	47.05	47.69	1.16	25.19	25.61
7/14/2025 12:42:19 PM	8.43	8.89	3.56	0.00	0.00	0.00	0.00	0.00	20.88	73.34	1.63	25.08	4466	8892	1602	0	0	0	0	0	14960	133.77	19.14	8.43	45.17	36.48	42.56	44.47	1.16	25.22	25.79
7/14/2025 12:42:22 PM	8.26	7.44	2.15	0.37	0.00	0.00	0.00	0.31	18.21	73.48	1.65	24.90	4376	7438	966	11	0	0	0	0	12791	134.02	16.79	7.23	38.39	36.85	38.78	41.21	1.16	25.26	25.76
7/14/2025 12:42:25 PM	6.62	6.87	3.84	0.00	0.00	0.00	0.00	0.31	17.32	74.26	1.67	24.84	3506	6866	1728	0	0	0	0	0	12100	135.45	18.07	6.85	36.14	35.89	35.35	41.02	1.16	25.28	25.73
7/14/2025 12:42:27 PM	8.02	5.59	1.81	1.08	0.00	0.00	0.00	0.34	16.51	74.57	1.69	24.81	4253	5591	815	33	0	0	0	0	10692	136.01	16.82	7.21	33.01	36.19	34.42	41.60	1.17	25.30	25.79
7/14/2025 12:42:30 PM	6.84	6.50	3.12	0.49	0.00	0.00	0.00	0.29	16.95	74.58	1.72	24.47	3625	6497	1403	15	0	0	0	0	11540	136.04	17.76	7.08	35.04	35.25	35.78	40.55	1.17	25.33	25.73
7/14/2025 12:42:32 PM	7.28	4.17	1.28	1.78	0.00	0.00	0.00	0.31	14.50	75.06	1.75	24.40	3856	4171	574	53	0	0	0	0	8655	136.91	16.19	7.77	28.63	33.17	30.52	39.06	1.17	25.37	25.95
7/14/2025 12:42:36 PM	7.73	5.11	2.83	0.00	0.00	0.00	0.00	0.22	15.67	75.41	1.78	24.42	4095	5113	1275	0	0	0	0	0	10482	137.55	15.12	5.30	29.62	33.29	29.47	39.58	1.17	25.35	25.84
7/14/2025 12:42:38 PM	7.48	4.44	2.56	0.17	0.00	0.00	0.00	0.23	14.66	75.35	1.81	24.40	3966	4437	1153	5	0	0	0	0	9561	137.44	14.43	4.81	26.75	31.95	27.79	38.22	1.18	25.39	25.85
7/14/2025 12:42:41 PM	7.03	3.76	2.34	0.73	0.00	0.00	0.00	0.21	13.87	75.80	1.83	24.19	3726	3760	1055	22	0	0	0	0	8563	138.25	14.83	5.53	25.20	30.96	26.64	37.73	1.18	25.42	25.84
7/14/2025 12:42:44 PM	6.72	4.48	2.59	0.00	0.00	0.00	0.00	0.39	13.79	75.10	1.87	23.91	3562	4475	1165	0	0	0	0	0	9203	136.98	13.88	5.85	26.62	32.14	25.85	36.31	1.18	25.48	25.85
7/14/2025 12:42:46 PM	8.51	3.55	1.99	0.00	0.00	0.00	0.00	0.04	14.05	75.17	1.91	23.50	4511	3547	897	0	0	0	0	0	8955	137.11	12.22	4.81	24.00	29.24	23.49	37.13	1.19	25.47	25.90
7/14/2025 12:42:49 PM	7.61	3.91	2.91	0.00	0.00	0.00	0.00	0.09	14.42	75.10	1.96	22.84	4034	3906	1309	0	0	0	0	0	9248	136.97	14.18	4.04	25.53	30.33	24.99	38.23	1.19	25.45	25.87
7/14/2025 12:42:52 PM	8.31	3.21	1.41	0.79	0.00	0.00	0.00	0.12	13.73	75.24	2.00	22.22	4406	3212	636	24	0	0	0	0	8278	137.23	13.11	5.74	23.77	30.15	24.68	37.70	1.20	25.50	26.03
7/14/2025 12:42:55 PM	6.95	3.69	2.55	0.31	0.00	0.00	0.00	0.33	13.50	74.72	2.03	22.14	3681	3694	1148	9	0	0	0	0	8532	136.29	14.14	5.97	24.50	31.90	24.58	37.50	1.20	25.52	25.90
7/14/2025 12:42:57 PM	9.09	1.81	0.37	1.53	0.00	0.00	0.00	0.09	12.80	75.45	2.06	21.78	4817	1815	166	46	0	0	0	0	6845	137.62	12.46	5.24	19.98	29.59	22.38	38.33	1.20	25.52	25.90
7/14/2025 12:43:00 PM	9.00	2.26	2.09	0.01	0.00	0.00	0.00	0.02	13.35	75.77	2.10	21.52	4768	2256	939	0	0	0	0	0	7964	138.20	11.79	3.95	19.55	29.33	20.02	38.71	1.21	25.52	25.92
7/14/2025 12:43:03 PM	8.50	1.56	1.42	0.91	0.00	0.00	0.00	0.16	12.38	75.76	2.15	22.31	4503	1555	637	27	0	0	0	0	6723	138.18	12.50	4.91	18.27	29.99	19.67	38.59	1.21	25.55	25.97
7/14/2025 12:43:06 PM	8.21	1.83	1.94	0.50	0.00	0.00	0.00	0.12	12.48	75.85	2.19	22.14	4352	1834	873	15	0	0	0	0	7074	138.36	12.39	4.02	18.32	29.27	19.73	37.95	1.21	25.59	25.97
7/14/2025 12:43:08 PM	8.19	1.67	2.50	0.00	0.00	0.00	0.00	0.07	12.36	75.93	2.23	21.94	4343	1666	1125	0	0	0	0	0	7133	138.50	11.90	3.63	17.19	28.66	17.71	37.87	1.22	25.55	26.02
7/14/2025 12:43:11 PM	8.25	1.43	1.46	0.25	0.00	0.00	0.00	0.21	11.38	75.67	2.25	21.80	4370	1425	657	8	0	0	0	0	6460	138.02	10.58	2.93	15.77	28.41	17.27	35.69	1.22	25.55	26.16
7/14/2025 12:43:14 PM	7.65	1.54	1.98	0.00	0.00	0.00	0.00	0.19	11.17	76.77	2.29	21.59	4054	1542	890	0	0	0	0	0	6486	140.03	10.62	4.13	16.57	27.55	15.48	34.73	1.22	25.66	26.05
7/14/2025 12:43:17 PM	7.12	1.01	1.66	0.75	0.00	0.00	0.00	0.09	10.54	76.25	2.34	21.30	3772	1013	745	23	0	0	0	0	5552	139.08	11.28	3.60	14.75	25.45	16.69	33.73	1.23	25.60	26.00
7/14/2025 12:43:19 PM	7.88	1.13	1.68	0.31	0.00	0.00	0.00	0.09	11.01	76.06	2.38	21.17	4179	1132	757	9	0	0	0	0	6077	138.72	10.54	3.54	14.97	26.42	15.96	34.75	1.23	25.60	26.22
7/14/2025 12:43:22 PM	7.83	0.70	0.34	1.41	0.00	0.00	0.00	0.09	10.28	75.50	2.41	21.07	4148	699	153	42	0	0	0	0	5043	137.72	10.57	3.96	14.52	25.20	17.25	33.25	1.24	25.60	26.03
7/14/2025 12:43:25 PM	6.74	0.72	1.35	0.91	0.00	0.00	0.00	0.20	9.73	76.57	2.43	20.99	3574	723	606	27	0	0	0	0	4931	139.67	10.89	4.28	13.81	25.59	15.34	32.64	1.24	25.62	26.18
7/14/2025 12:43:27 PM	7.33	1.12	0.86	0.81	0.00	0.00	0.00	0.17	10.11	75.16	2.46	21.04	3886	1115	385	24	0	0	0	0	5411	137.08	10.07	3.84	14.83	25.32	16.48	32.05	1.24	25.67	26.11
7/14/2025 12:43:30 PM	5.65	1.28	1.24	1.02	0.00	0.00	0.00	0.23	9.20	75.53	2.53	20.90	2993	1284	559	31	0	0	0	0	4867	137.78	10.83	4.46	15.00	23.84	16.75	29.35	1.25	25.62	26.11
7/14/2025 12:43:33 PM	5.66	1.44	1.63	0.85	0.00	0.00	0.00	0.25	9.57	75.93	2.58	20.73	2998	1438	731	26	0	0	0	0	5193	138.50	11.34	4.11	15.42	24.86	17.26	30.47	1.25	25.60	26.16
7/14/2025 12:43:36 PM	4.98	1.29	1.47	1.79	0.00	0.00	0.00	0.31	9.54	75.86	2.63	20.50	2640	1293	661	54	0	0	0	0	4647	138.37	13.45	5.03	16.32	25.88	19.59	31.61	1.26	25.60	26.19
7/14/2025 12:43:38 PM	5.55	1.32	1.32	2.50	0.00	0.00	0.00	0.22	10.68	75.57	2.68	20.18	2939	1316	593	75	0	0	0	0	4924	137.84	15.29	6.94	18.67	27.34	21.96	34.95	1.26	25.65	26.27
7/14/2025 12:43:41 PM	5.64	1.62	1.19	3.20	0.00	0.00	0.00	0.28	11.66	75.61	2.69	20.25	2991	1624	536	96	0	0	0	0	5247	137.92	17.49	7.67	21.22	30.06	25.72	37.93	1.26	25.69	26.13
7/14/2025 12:43:44 PM	5.83	2.29	2.22	4.88	0.00	0.00	0.00	0.24	15.22	74.83	2.75	19.92	3088	2291	1000	146	0	0	0	0	6526	136.49	25.16	10.72	28.57	37.21	35.21	49.02	1.27	25.61	26.05
7/14/2025 12:43:47 PM	8.97	3.18	1.37	11.20	0.00	0.00	0.00	0.00	24.72	72.54	2.82	19.04	4755	3175	616	336	0	0	0	0	8883	132.32	43.75	20.59	48.32	55.25	62.19	78.85	1.28	25.63	26.08
7/14/2025 12:43:49 PM	9.17	3.66	1.89	13.37	0.00	0.00	0.00	0.00	28.10	70.88	2.89	18.13	4861	3660	851	401	0	0	0	0	9773	129.28	51.49	23.60	55.86	61.58	72.57	90.87	1.28	25.60	26.19
7/14/2025 12:43:52 PM	8.81	4.03	2.54	13.53	0.00	0.00	0.00	0.00	28.92	71.07	2.94	18.30	4671	4027	1143	406	0	0	0	0	10248	129.64	53.25	24.63	58.14	62.48	74.51	93.40	1.29	25.61	26.21
7/14/2025 12:43:55 PM	9.17	4.64	2.64	14.24	0.00	0.00	0.00	0.00	30.69	69.33	2.98	18.77	4861	4637	1188	427	0	0	0	0	11114	126.46	55.82	25.57	62.60	64.20	79.73	98.97	1.29	25.62	26.19
7/14/2025 12:43:58 PM	10.23	6.37	2.80	20.80	0.00	0.00	0.00	0.00	40.21	68.06	3.07	17.86	5422	6372	1262	624	0	0	0	0	13681	124.15	76.74	36.34	85.78	82.29	109.93	130.39	1.30	25.60	26.10
7/14/2025 12:44:00 PM	9.18	4.85	2.92	21.73	0.00	0.00	0.00	0.00	38.68	66.54	3.11	16.92	4864	4849	1315	652	0	0	0	0	11680	121.38	78.13	34.97	81.19	80.77	108.27	130.78	1.30	25.61	26.22
7/14/2025 12:44:03 PM	8.88	7.25	4.23	19.64	0.00	0.00	0.00	0.00	39.99	67.04	3.17	16.98	4704	7247	1901	589	0	0	0	0	14442	122.30	75.93	35.39	86.72	79.16	109.14	128.36	1.31	25.59	26.24
7/14/2025 12:44:06 PM	8.59	6.86	4.20	18.59	0.00	0.00	0.00	0.00	38.23	63.82	3.22	16.96	4550	6863	1888	558	0	0	0	0	13859	116.42	72.21	33.01	82.57	74.84	104.11	123.58	1.32	25.56	26.24
7/14/2025 12:44:09 PM	9.04	6.82	4.85	12.71	0.00	0.00	0.00	0.00	33.42	62.63	3.24	16.89	4792	6822	2182	381	0	0	0	0	14177	114.25	56.55	25.62	69.91	63.48	83.58	104.88	1.32	25.55	26.22
7/14/2025 12:44:12 PM	10.40	6.74	3.72	10.35	0.00	0.00	0.00	0.00	31.20	62.36	3.26	17.33	5511	6737	1672	310	0	0	0	0	14231	113.76	47.72	22.24	64.40	57.54	74.64	96.04	1.32	25.55	26.22
7/14/2025 12:44:14 PM	10.20	6.52	4.10	8.73	0.00	0.00	0.00	0.00	29.55	62.05	3.33	16.05	5407	6519	1845	262	0	0	0	0	14032	113.19	43.80	20.02	59.75	55.19	68.30	89.73	1.33	25.53	26.18
7/14/2025 12:44:17 PM	10.27	5.98	3.86	6.95	0.00	0.00	0.00	0.00	27.06	61.83	3.39	14.80	5444	5982	1738	208	0	0	0	0	13373	112.78	37.91	16.82	53.23	50.73	60.10	81.50	1.33	25.50	26.22
7/14/2025 12:44:20 PM	10.38	5.60	3.26	7.84	0.00	0.00	0.00	0.00	27.08	62.00	3.44	15.17	5499	5602	1468	235	0	0	0	0	12804	113.10	38.98	17.51	53.48	51.04	61.55	82.96	1.34	25.47	26.22
7/14/2025 12:44:22 PM	10.10	5.76	3.86	5.07	0.00	0.00	0.00	0.00	24.77	62.68	3.51	15.50	5352	5756	1735	152	0	0	0	0	12995	114.34	32.35	14.15	47.67	46.63	52.39	72.83	1.34	25.47	26.22
7/14/2025 12:44:25 PM	9.56	4.96	3.08	5.41	0.00	0.00	0.00	0.00	23.01	63.55	3.58	15.96	5069	4956	1384	162	0	0	0	0	11571	115.92	31.03	13.58	44.15	44.32	49.85	68.56	1.35	25.46	26.24
7/14/2025 12:44:28 PM	9.19	4.95	3.29	5.00	0.00	0.00	0.00	0.00	22.43	64.15	3.64	15.61	4868	4951	1481	150	0	0	0	0	11451	117.01	30.15	13.45	43.09	43.44	48.05	66.25	1.36	25.40	26.18
7/14/2025 12:44:31 PM	8.89	4.36	2.62	5.13	0.00	0.00	0.00	0.00	21.00	65.21	3.72	15.38	4714	4363	1177	154	0	0	0	0	10408	118.95	28.73	12.33	39.99	41.62	46.02	62.45	1.36	25.39	26.18
7/14/2025 12:44:33 PM	8.11	4.02	2.33	4.59	0.00	0.00	0.00	0.00	19.06	66.80	3.79	15.14	4299	4017	1050	138	0	0	0	0	9504	121.86	25.94	11.52	36.60	37.86	41.83	56.31	1.37	25.35	26.21
7/14/2025 12:44:36 PM	8.15	3.86	2.05	4.40	0.00	0.00	0.00	0.00	18.45	67.01	3.86	15.45	4319	3861	922	132	0	0	0	0	9233	122.23	24.77	10.93	35.19	37.07	40.41	54.18	1.38	25.37	26.22
7/14/2025 12:44:39 PM	7.12	3.56	1.80	4.40	0.00	0.00	0.00	0.00	16.88	68.13	3.92	15.38	3773	3562	810	132	0	0	0	0	8277	124.28	23.33	10.62	33.18	33.27	38.27	50.08	1.38	25.31	26.24
7/14/2025 12:44:42 PM	7.82	3.68	1.98	4.45	0.00	0.00	0.00	0.00	17.93	68.02	3.98	15.48	4146	3676	890	134	0	0	0	0	8845	124.07	24.45	11.18	34.45	36.08	39.47	53.02	1.39	25.29	26.21
7/14/2025 12:44:44 PM	5.62	3.13	1.72	4.05	0.00	0.00	0.00	0.00	14.52	68.06	4.04	15.23	2980	3128	772	121	0	0	0	0	7002	124.15	21.04	9.36	29.35	28.44	34.42	43.27	1.40	25.29	26.21
7/14/2025 12:44:47 PM	6.07	3.42	1.82	4.41	0.00	0.00	0.00	0.00	15.71	68.34	4.08	14.82	3218	3417	817	132	0	0	0	0	7584	124.66	22.67	10.17	31.81	30.47	37.13	46.89	1.40	25.25	26.18
7/14/2025 12:44:50 PM	5.47	3.55	1.88	3.97	0.00	0.00	0.00	0.00	14.87	67.87	4.13	14.74	2901	3552	845	119	0	0	0	0	7417	123.81	21.14	9.90	31.04	27.84	35.38	43.78	1.40	25.23	26.18
7/14/2025 12:44:53 PM	4.00	2.94	1.56	4.22	0.00	0.00	0.00	0.00	12.73	67.59	4.17	15.15	2122	2942	704	127	0	0	0	0	5894	123.28	19.92	9.35	27.92	23.34	32.87	38.77	1.41	25.20	26.16
7/14/2025 12:44:55 PM	3.79	2.49	0.96	4.36	0.00	0.00	0.00	0.00	11.60	67.29	4.24	14.61	2009	2492	430	131	0	0	0	0	5062	122.74	18.64	8.60	25.72	21.36	31.31	36.01	1.42	25.15	26.14
7/14/2025 12:44:58 PM	2.85	3.01	1.78	3.55	0.00	0.00	0.00	0.00	11.20	67.11	4.28	13.41	1513	3010	800	107	0	0	0	0	5429	122.42	17.83	8.38	25.84	19.64	30.00	33.25	1.42	25.10	26.18
7/14/2025 12:45:00 PM	2.15	2.17	1.12	3.32	0.00	0.00	0.00	0.00	8.77	66.54	4.33	13.34	1140	2174	505	100	0	0	0	0	3919	121.37	14.94	7.02	20.86	15.75	25.25	26.75	1.42	25.10	26.19
7/14/2025 12:45:03 PM	2.29	2.31	1.27	2.79	0.00	0.00	0.00	0.00	8.66	67.31	4.42	13.66	1214	2312	572	84	0	0	0	0	4181	122.78	13.86	6.82	20.44	15.46	23.83	25.61	1.43	25.09	26.18
7/14/2025 12:45:06 PM	1.54	1.71	0.90	1.12	0.00	0.00	0.00	0.00	5.27	69.26	4.56	12.51	816	1715	403	34	0	0	0	0	2967	126.33	7.75	3.68	12.92	9.98	15.01	13.81	1.45	25.03	26.16
7/14/2025 12:45:09 PM	1.63	1.63	0.79	0.87	0.00	0.00	0.00	0.00	4.92	69.73	4.61	12.14	863	1631	357	26	0	0	0	0	2878	127.19	6.86	3.23	11.94	9.54	13.83	12.53	1.45	24.96	26.11
7/14/2025 12:45:12 PM	1.63	1.51	0.61	0.99	0.00	0.00	0.00	0.00	4.74	69.81	4.66	12.48	864	1506	275	30	0	0	0	0	2674	127.34	6.74	3.32	11.62	9.29	13.63	12.23	1.46	24.94	26.10
7/14/2025 12:45:14 PM	1.60	1.53	0.67	1.02	0.00	0.00	0.00	0.00	4.82	69.87	4.71	12.86	847	1529	303	31	0	0	0	0	2709	127.45	6.93	3.45	11.83	9.40	13.80	12.52	1.46	24.91	26.10
7/14/2025 12:45:17 PM	1.36	1.56	0.79	0.58	0.00	0.00	0.00	0.00	4.29	69.82	4.76	13.17	718	1561	356	17	0	0	0	0	2653	127.35	5.84	3.10	10.84	8.41	12.14	10.29	1.47	24.88	26.10
7/14/2025 12:45:20 PM	1.66	1.55	0.64	0.69	0.00	0.00	0.00	0.00	4.55	70.02	4.84	13.43	878	1553	290	21	0	0	0	0	2741	127.72	6.01	3.03	11.14	8.92	12.73	11.20	1.47	24.81	26.10
7/14/2025 12:45:23 PM	1.63	1.57	0.57	0.36	0.00	0.00	0.00	0.00	4.13	70.83	4.93	13.11	864	1567	257	11	0	0	0	0	2698	129.19	4.92	2.61	10.31	8.07	11.48	9.42	1.48	24.77	26.08
7/14/2025 12:45:25 PM	1.70	1.41	0.43	0.47	0.00	0.00	0.00	0.01	4.02	70.66	5.03	12.71	903	1414	195	14	0	0	0	0	2526	128.88	4.91	2.47	9.87	8.15	11.36	9.49	1.49	24.74	26.05
7/14/2025 12:45:28 PM	1.54	1.41	0.41	0.33	0.00	0.00	0.00	0.02	3.69	70.90	5.11	12.38	818	1409	185	10	0	0	0	0	2422	129.32	4.37	2.37	9.42	7.58	10.62	8.43	1.50	24.69	26.06
7/14/2025 12:45:31 PM	1.50	1.35	0.41	0.31	0.00	0.00	0.00	0.04	3.57	71.06	5.17	12.26	793	1353	186	9	0	0	0	0	2342	129.61	4.31	2.21	9.12	7.69	10.40	8.36	1.51	24.66	26.05
7/14/2025 12:45:34 PM	1.36	1.54	0.62	0.18	0.00	0.00	0.00	0.04	3.71	70.94	5.26	12.95	722	1539	281	5	0	0	0	0	2548	129.39	4.42	2.42	9.65	7.71	10.54	8.30	1.52	24.60	26.03
7/14/2025 12:45:37 PM	1.43	1.62	0.68	0.18	0.00	0.00	0.00	0.02	3.91	71.19	5.32	12.24	756	1623	306	5	0	0	0	0	2691	129.85	4.59	2.48	10.04	7.84	10.91	8.63	1.52	24.55	25.95
7/14/2025 12:45:39 PM	1.34	1.47	0.56	0.26	0.00	0.00	0.00	0.05	3.63	71.13	5.38	11.76	709	1472	253	8	0	0	0	0	2441	129.75	4.47	2.33	9.46	7.70	10.58	8.28	1.53	24.51	26.00
7/14/2025 12:45:42 PM	1.40	1.39	0.42	0.38	0.00	0.00	0.00	0.05	3.60	71.26	5.46	12.00	740	1391	191	12	0	0	0	0	2333	129.98	4.53	2.36	9.36	7.76	10.71	8.40	1.53	24.44	25.93
7/14/2025 12:45:45 PM	1.42	1.47	0.50	0.29	0.00	0.00	0.00	0.03	3.68	71.04	5.56	11.98	753	1471	224	9	0	0	0	0	2456	129.59	4.45	2.40	9.56	7.62	10.68	8.33	1.54	24.42	25.93
7/14/2025 12:45:48 PM	1.48	1.46	0.46	0.31	0.00	0.00	0.00	0.04	3.70	71.15	5.62	11.80	784	1460	205	9	0	0	0	0	2459	129.78	4.44	2.40	9.56	7.77	10.71	8.45	1.55	24.37	25.90
7/14/2025 12:45:51 PM	1.49	1.41	0.31	0.33	0.00	0.00	0.00	0.05	3.55	71.05	5.71	12.18	790	1411	141	10	0	0	0	0	2352	129.59	4.23	2.29	9.30	7.70	10.56	8.13	1.56	24.30	25.85
7/14/2025 12:45:53 PM	1.33	1.37	0.37	0.20	0.00	0.00	0.00	0.07	3.27	70.95	5.79	12.10	707	1369	166	6	0	0	0	0	2248	129.42	3.87	2.06	8.76	7.36	9.88	7.43	1.57	24.27	25.90
7/14/2025 12:45:56 PM	1.39	1.42	0.44	0.22	0.00	0.00	0.00	0.06	3.47	70.96	5.84	11.86	735	1416	197	7	0	0	0	0	2355	129.44	4.12	2.18	9.10	7.53	10.22	7.88	1.57	24.20	25.84
7/14/2025 12:45:59 PM	1.31	1.39	0.40	0.18	0.00	0.00	0.00	0.07	3.28	70.80	5.90	11.84	696	1387	182	5	0	0	0	0	2269	129.13	3.88	2.05	8.79	7.34	9.89	7.42	1.58	24.20	25.84
7/14/2025 12:46:02 PM	1.34	1.55	0.54	0.00	0.00	0.00	0.00	0.07	3.44	70.98	5.92	11.93	713	1551	244	0	0	0	0	0	2507	129.48	3.77	2.03	9.15	7.41	9.92	7.41	1.58	24.11	25.79
7/14/2025 12:46:04 PM	1.40	1.64	0.60	0.00	0.00	0.00	0.00	0.04	3.65	69.96	5.94	12.11	742	1645	271	0	0	0	0	0	2658	127.61	3.95	2.08	9.69	7.34	10.21	7.64	1.58	24.06	25.74
