Date/Time	Green Algae	Bluegreen	Diatoms	Cryptophyta	#5	#6	#7	Yellow substances	Total conc.	Transmission	Depth	Temp. Sample	Green Algae	Bluegreen	Diatoms	Cryptophyta	#5	#6	#7	Yellow substances	Total cell count	Trans. 700 nm	LED 3 [525 nm]	LED 4 [570 nm]	LED 5 [610 nm]	LED 6 [370 nm]	LED 7 [590 nm]	LED 8 [470 nm]	Pressure	Temp. LEDs	Temp. Sensor
date	µg/l	µg/l	µg/l	µg/l	µg/l	µg/l	µg/l	r.u.	µg/l	%	m	°C	cells/ml	cells/ml	cells/ml	cells/ml	cells/ml	cells/ml	cells/ml	r.u.	cells/ml	digits	digits	digits	digits	digits	digits	digits	bar	°C	°C
9/2/2025 10:07:17 AM	2.54	0.88	0.00	0.56	0.00	0.00	0.00	0.16	3.98	73.17	0.09	23.97	1347	876	0	17	0	0	0	0	2240	133.47	4.54	2.28	8.38	10.95	10.34	11.79	1.01	19.35	19.43
9/2/2025 10:07:20 AM	1.59	1.01	1.81	0.00	0.00	0.00	0.00	0.00	4.41	73.19	0.15	23.87	842	1008	816	0	0	0	0	0	2666	133.50	5.97	3.29	9.61	9.24	8.30	13.06	1.02	19.42	19.44
9/2/2025 10:07:23 AM	2.93	1.10	0.99	0.00	0.00	0.00	0.00	0.01	5.02	73.32	0.34	23.81	1551	1105	446	0	0	0	0	0	3102	133.74	5.38	0.87	9.89	11.14	9.62	13.89	1.03	19.48	19.48
9/2/2025 10:07:25 AM	2.63	1.60	0.82	0.00	0.00	0.00	0.00	0.00	5.06	72.75	0.34	24.06	1394	1602	371	0	0	0	0	0	3367	132.70	4.86	4.07	11.60	10.09	10.07	12.43	1.03	19.51	19.41
9/2/2025 10:07:28 AM	2.27	1.12	1.33	0.00	0.00	0.00	0.00	0.09	4.72	73.36	0.35	23.97	1205	1120	597	0	0	0	0	0	2922	133.80	5.85	0.96	9.05	11.50	10.28	13.64	1.03	19.58	19.51
9/2/2025 10:07:31 AM	1.04	1.07	1.95	0.00	0.00	0.00	0.00	0.21	4.06	73.69	0.35	23.98	551	1066	879	0	0	0	0	0	2496	134.41	6.66	1.80	8.56	11.75	9.57	12.91	1.03	19.66	19.56
9/2/2025 10:07:34 AM	2.66	0.85	1.09	0.32	0.00	0.00	0.00	0.06	4.91	73.12	0.40	23.92	1408	847	489	10	0	0	0	0	2754	133.37	6.01	3.71	9.42	11.92	9.53	14.87	1.04	19.69	19.51
9/2/2025 10:07:36 AM	2.04	0.94	1.36	0.31	0.00	0.00	0.00	0.14	4.66	72.66	0.41	23.88	1079	942	614	9	0	0	0	0	2645	132.53	6.66	1.39	8.68	12.32	11.01	14.51	1.04	19.74	19.54
9/2/2025 10:07:39 AM	3.65	0.83	0.00	0.68	0.00	0.00	0.00	0.05	5.17	73.55	0.42	23.80	1937	831	0	20	0	0	0	0	2788	134.16	5.26	2.52	9.38	12.37	11.46	15.16	1.04	19.78	19.57
9/2/2025 10:07:42 AM	2.83	0.86	0.57	0.66	0.00	0.00	0.00	0.01	4.92	72.88	0.43	23.89	1499	855	257	20	0	0	0	0	2631	132.94	5.94	3.73	9.79	11.25	10.55	14.37	1.04	19.85	19.65
9/2/2025 10:07:45 AM	2.57	1.41	0.53	0.10	0.00	0.00	0.00	0.20	4.62	73.44	0.44	23.98	1364	1408	241	3	0	0	0	0	3015	133.95	4.93	2.36	9.98	12.27	10.82	12.71	1.04	19.89	19.68
9/2/2025 10:07:48 AM	2.21	1.28	1.14	0.00	0.00	0.00	0.00	0.21	4.64	73.51	0.52	23.98	1173	1280	515	0	0	0	0	0	2967	134.08	5.69	1.95	9.55	12.65	10.40	13.57	1.05	19.93	19.70
9/2/2025 10:07:50 AM	2.21	1.35	0.87	0.54	0.00	0.00	0.00	0.12	4.97	72.88	0.58	24.05	1170	1348	393	16	0	0	0	0	2928	132.93	6.60	2.02	10.42	12.17	12.72	13.98	1.06	19.98	19.60
9/2/2025 10:07:53 AM	1.80	0.00	0.07	1.47	0.00	0.00	0.00	0.26	3.35	73.80	0.61	24.06	955	0	32	44	0	0	0	0	1031	134.61	6.79	1.81	6.53	12.33	10.69	13.64	1.06	20.03	19.76
9/2/2025 10:07:56 AM	1.49	1.13	1.60	0.57	0.00	0.00	0.00	0.11	4.80	73.28	0.64	24.03	791	1135	719	17	0	0	0	0	2662	133.66	7.59	3.32	10.23	12.02	11.56	14.49	1.06	20.10	19.70
9/2/2025 10:07:59 AM	1.92	0.74	2.00	0.17	0.00	0.00	0.00	0.00	4.83	73.53	0.70	23.95	1016	744	900	5	0	0	0	0	2664	134.12	7.01	2.37	8.50	11.11	9.65	15.17	1.07	20.14	19.70
9/2/2025 10:08:02 AM	1.11	1.12	1.31	0.37	0.00	0.00	0.00	0.23	3.91	73.60	0.77	24.10	589	1123	588	11	0	0	0	0	2310	134.25	6.47	2.16	8.92	11.55	10.71	12.14	1.08	20.19	19.83
9/2/2025 10:08:04 AM	2.42	1.20	1.44	0.00	0.00	0.00	0.00	0.05	5.06	73.90	0.80	24.13	1283	1204	646	0	0	0	0	0	3133	134.80	6.05	2.18	9.89	11.63	10.22	14.30	1.08	20.26	19.78
9/2/2025 10:08:07 AM	1.62	1.11	2.20	0.18	0.00	0.00	0.00	0.00	5.10	73.17	0.87	23.95	860	1106	989	5	0	0	0	0	2960	133.46	7.56	1.95	9.54	11.11	11.24	15.20	1.08	20.30	19.83
9/2/2025 10:08:10 AM	3.04	1.65	1.21	0.00	0.00	0.00	0.00	0.01	5.90	73.50	0.93	23.90	1611	1650	545	0	0	0	0	0	3806	134.07	6.17	2.35	12.09	12.31	11.65	15.25	1.09	20.32	19.88
9/2/2025 10:08:13 AM	2.55	1.11	0.83	0.37	0.00	0.00	0.00	0.15	4.86	73.57	0.97	23.96	1350	1106	373	11	0	0	0	0	2840	134.19	5.98	3.38	10.02	12.69	10.60	14.42	1.09	20.39	19.84
9/2/2025 10:08:15 AM	3.05	0.94	0.84	0.23	0.00	0.00	0.00	0.09	5.06	73.78	0.98	23.87	1616	939	377	7	0	0	0	0	2939	134.57	5.64	2.63	9.32	12.56	10.16	15.10	1.10	20.44	19.84
9/2/2025 10:08:18 AM	2.16	1.29	1.60	0.00	0.00	0.00	0.00	0.06	5.05	74.12	0.99	23.77	1147	1287	720	0	0	0	0	0	3154	135.19	6.35	2.53	10.57	11.61	9.94	14.18	1.10	20.48	19.91
9/2/2025 10:08:21 AM	2.36	0.85	1.97	0.00	0.00	0.00	0.00	0.00	5.18	73.65	1.01	23.66	1252	849	886	0	0	0	0	0	2987	134.33	6.87	1.78	9.15	11.88	9.42	15.82	1.10	20.52	19.91
9/2/2025 10:08:23 AM	3.41	0.86	0.13	0.45	0.00	0.00	0.00	0.14	4.85	73.77	1.00	23.61	1805	864	58	14	0	0	0	0	2741	134.55	5.02	2.54	9.16	12.72	10.40	14.57	1.10	20.57	19.94
9/2/2025 10:08:27 AM	2.36	0.77	0.67	0.98	0.00	0.00	0.00	0.11	4.79	73.62	0.99	23.62	1250	773	302	30	0	0	0	0	2355	134.28	7.05	3.41	9.73	12.47	11.62	15.13	1.10	20.61	19.97
9/2/2025 10:08:29 AM	2.13	1.15	1.67	0.00	0.00	0.00	0.00	0.17	4.95	73.49	1.00	23.66	1129	1151	751	0	0	0	0	0	3031	134.05	6.67	1.31	9.31	13.14	10.72	15.10	1.10	20.65	19.96
9/2/2025 10:08:32 AM	2.56	0.93	1.29	0.40	0.00	0.00	0.00	0.10	5.18	73.74	0.99	23.67	1358	925	581	12	0	0	0	0	2877	134.51	6.85	3.42	9.85	13.12	10.55	16.05	1.10	20.69	20.01
9/2/2025 10:08:35 AM	2.45	0.52	0.64	1.13	0.00	0.00	0.00	0.15	4.74	74.33	0.99	23.66	1299	524	286	34	0	0	0	0	2142	135.59	7.43	2.45	8.87	13.28	11.91	16.05	1.10	20.73	20.04
9/2/2025 10:08:37 AM	2.75	1.49	1.21	0.00	0.00	0.00	0.00	0.10	5.44	73.21	0.99	23.67	1457	1488	543	0	0	0	0	0	3488	133.53	6.02	2.15	10.66	12.73	11.64	14.88	1.10	20.77	20.07
9/2/2025 10:08:40 AM	2.76	0.85	1.23	0.35	0.00	0.00	0.00	0.04	5.18	73.60	0.98	23.61	1461	850	551	11	0	0	0	0	2874	134.24	6.59	1.49	8.90	12.33	11.16	15.77	1.10	20.84	20.05
9/2/2025 10:08:43 AM	2.72	1.12	1.48	0.00	0.00	0.00	0.00	0.00	5.32	74.28	1.01	23.56	1439	1120	667	0	0	0	0	0	3226	135.48	6.07	2.33	9.77	11.50	10.30	15.23	1.10	20.86	20.09
9/2/2025 10:08:46 AM	2.02	1.54	1.94	0.00	0.00	0.00	0.00	0.12	5.49	73.08	1.00	23.67	1070	1537	872	0	0	0	0	0	3480	133.29	7.32	2.15	11.21	13.13	11.68	15.54	1.10	20.90	20.15
9/2/2025 10:08:48 AM	2.56	1.35	1.03	0.39	0.00	0.00	0.00	0.09	5.33	74.07	1.02	23.68	1358	1350	464	12	0	0	0	0	3183	135.10	6.57	2.41	10.68	12.55	12.30	14.94	1.10	20.94	20.13
9/2/2025 10:08:51 AM	2.46	1.02	1.55	0.27	0.00	0.00	0.00	0.06	5.30	73.87	1.04	23.68	1302	1023	697	8	0	0	0	0	3030	134.75	6.97	2.83	9.84	12.69	10.86	15.97	1.10	21.01	20.13
9/2/2025 10:08:54 AM	2.80	1.18	1.35	0.00	0.00	0.00	0.00	0.03	5.34	74.09	1.07	23.72	1485	1183	609	0	0	0	0	0	3277	135.14	6.04	2.54	10.60	12.04	9.70	15.07	1.10	21.01	20.15
9/2/2025 10:08:57 AM	2.03	0.81	1.43	0.58	0.00	0.00	0.00	0.11	4.84	73.97	1.10	23.72	1076	812	642	17	0	0	0	0	2547	134.91	7.33	3.13	9.37	12.67	10.75	15.55	1.11	21.07	20.17
9/2/2025 10:08:59 AM	1.63	1.34	2.25	0.00	0.00	0.00	0.00	0.07	5.22	73.89	1.11	23.81	865	1341	1013	0	0	0	0	0	3219	134.78	7.48	2.68	10.43	12.25	10.91	15.18	1.11	21.11	20.23
9/2/2025 10:09:02 AM	1.57	1.32	2.39	0.00	0.00	0.00	0.00	0.05	5.28	73.42	1.11	23.85	834	1324	1074	0	0	0	0	0	3232	133.92	7.75	1.79	10.15	12.10	11.40	15.36	1.11	21.16	20.25
9/2/2025 10:09:05 AM	1.78	1.03	1.99	0.20	0.00	0.00	0.00	0.10	5.00	73.40	1.12	23.79	945	1030	895	6	0	0	0	0	2876	133.88	7.39	2.95	9.60	12.53	10.45	15.48	1.11	21.19	20.28
9/2/2025 10:09:08 AM	3.59	1.25	0.82	0.00	0.00	0.00	0.00	0.07	5.67	73.54	1.16	23.70	1905	1251	369	0	0	0	0	0	3525	134.14	5.40	2.71	10.55	13.19	10.54	15.86	1.11	21.24	20.29
9/2/2025 10:09:10 AM	1.37	1.46	1.97	0.00	0.00	0.00	0.00	0.25	4.80	73.85	1.23	23.69	729	1462	885	0	0	0	0	0	3076	134.70	7.21	2.67	10.46	13.55	10.95	14.49	1.12	21.26	20.36
9/2/2025 10:09:13 AM	2.90	1.23	1.55	0.03	0.00	0.00	0.00	0.00	5.71	73.68	1.26	23.75	1539	1233	695	1	0	0	0	0	3468	134.40	6.52	2.08	10.18	12.41	11.32	16.13	1.12	21.29	20.36
9/2/2025 10:09:16 AM	2.31	1.02	1.77	0.00	0.00	0.00	0.00	0.04	5.10	73.72	1.26	23.86	1222	1023	795	0	0	0	0	0	3041	134.47	6.63	1.09	9.12	11.88	10.38	15.13	1.12	21.31	20.41
9/2/2025 10:09:19 AM	3.31	1.13	1.40	0.00	0.00	0.00	0.00	0.00	5.84	73.69	1.28	23.86	1757	1126	632	0	0	0	0	0	3515	134.42	6.26	1.88	10.28	12.55	10.79	17.01	1.13	21.36	20.44
9/2/2025 10:09:21 AM	2.41	0.81	2.11	0.00	0.00	0.00	0.00	0.00	5.32	74.02	1.36	23.59	1277	808	948	0	0	0	0	0	3033	135.01	7.16	1.13	8.60	12.22	10.19	16.55	1.13	21.41	20.42
9/2/2025 10:09:24 AM	2.61	1.37	1.65	0.00	0.00	0.00	0.00	0.04	5.62	74.08	1.38	23.89	1382	1366	740	0	0	0	0	0	3488	135.12	6.68	2.02	10.41	12.54	11.62	15.71	1.14	21.45	20.49
9/2/2025 10:09:27 AM	1.87	1.25	1.98	0.07	0.00	0.00	0.00	0.05	5.17	73.28	1.41	23.85	989	1253	892	2	0	0	0	0	3137	133.66	7.09	3.10	10.23	11.88	10.68	14.95	1.14	21.47	20.49
9/2/2025 10:09:29 AM	2.95	0.74	0.18	1.12	0.00	0.00	0.00	0.11	5.00	73.60	1.44	23.72	1566	744	82	33	0	0	0	0	2425	134.25	6.72	3.23	9.88	13.03	12.12	15.66	1.14	21.50	20.54
9/2/2025 10:09:32 AM	2.78	1.08	1.50	0.00	0.00	0.00	0.00	0.00	5.36	73.86	1.44	23.85	1472	1076	677	0	0	0	0	0	3225	134.72	6.18	1.46	9.56	11.57	10.53	15.58	1.14	21.53	20.47
9/2/2025 10:09:35 AM	2.78	0.85	0.90	0.72	0.00	0.00	0.00	0.00	5.25	73.68	1.46	23.96	1473	851	404	21	0	0	0	0	2750	134.40	6.84	1.67	9.44	11.63	12.25	15.85	1.14	21.59	20.58
9/2/2025 10:09:38 AM	2.65	1.28	1.56	0.03	0.00	0.00	0.00	0.04	5.52	74.03	1.46	24.03	1404	1278	702	1	0	0	0	0	3385	135.04	6.56	1.87	10.08	12.42	11.44	15.60	1.14	21.61	20.58
9/2/2025 10:09:40 AM	3.08	0.79	0.95	0.52	0.00	0.00	0.00	0.00	5.33	74.20	1.46	24.07	1634	786	425	15	0	0	0	0	2861	135.34	6.49	1.19	8.97	11.94	11.71	16.24	1.14	21.63	20.60
9/2/2025 10:09:43 AM	3.21	1.22	1.40	0.00	0.00	0.00	0.00	0.00	5.83	73.52	1.46	24.09	1700	1224	629	0	0	0	0	0	3553	134.10	6.24	2.50	10.52	12.56	10.90	16.53	1.14	21.66	20.62
9/2/2025 10:09:46 AM	2.43	0.82	0.52	0.82	0.00	0.00	0.00	0.25	4.59	73.66	1.53	24.04	1287	819	234	25	0	0	0	0	2365	134.35	6.73	1.77	8.99	13.88	11.99	15.15	1.15	21.71	20.63
9/2/2025 10:09:49 AM	2.77	0.85	1.46	0.00	0.00	0.00	0.00	0.10	5.08	74.13	1.54	24.07	1468	851	655	0	0	0	0	0	2974	135.21	6.13	2.65	9.31	12.92	8.85	15.79	1.15	21.74	20.71
9/2/2025 10:09:52 AM	2.51	1.10	1.91	0.00	0.00	0.00	0.00	0.00	5.52	73.96	1.61	24.11	1329	1101	860	0	0	0	0	0	3290	134.91	6.92	2.32	10.18	12.11	10.24	16.23	1.16	21.76	20.70
9/2/2025 10:09:54 AM	2.73	0.76	1.20	0.53	0.00	0.00	0.00	0.00	5.22	73.49	1.66	24.14	1446	761	540	16	0	0	0	0	2763	134.05	6.82	2.40	9.24	11.86	11.02	16.08	1.16	21.80	20.73
9/2/2025 10:09:57 AM	2.57	0.89	1.48	0.00	0.00	0.00	0.00	0.14	4.94	73.82	1.72	24.13	1363	886	667	0	0	0	0	0	2917	134.64	6.21	1.84	8.85	13.04	9.52	15.51	1.17	21.82	20.76
9/2/2025 10:10:00 AM	2.37	0.86	1.59	0.30	0.00	0.00	0.00	0.08	5.11	73.53	1.76	24.12	1253	863	713	9	0	0	0	0	2839	134.12	7.04	1.97	9.01	12.72	10.81	15.98	1.17	21.88	20.79
9/2/2025 10:10:03 AM	3.33	0.83	0.30	0.74	0.00	0.00	0.00	0.01	5.21	74.28	1.78	24.05	1766	828	137	22	0	0	0	0	2753	135.48	5.96	2.49	9.59	11.94	11.62	15.27	1.17	21.90	20.81
9/2/2025 10:10:05 AM	3.04	1.16	1.36	0.02	0.00	0.00	0.00	0.00	5.58	73.38	1.81	23.99	1611	1159	612	1	0	0	0	0	3383	133.85	6.02	2.61	10.15	11.88	10.61	16.03	1.18	21.91	20.79
9/2/2025 10:10:08 AM	1.97	1.35	1.83	0.06	0.00	0.00	0.00	0.14	5.21	73.83	1.87	24.01	1044	1346	824	2	0	0	0	0	3216	134.66	7.06	2.77	10.39	13.02	11.13	15.28	1.18	21.96	20.82
9/2/2025 10:10:11 AM	2.97	0.93	0.67	0.64	0.00	0.00	0.00	0.10	5.20	73.79	1.91	24.04	1573	926	300	19	0	0	0	0	2818	134.60	6.47	2.60	9.80	13.02	11.64	15.75	1.19	21.99	20.86
9/2/2025 10:10:13 AM	2.89	1.03	0.75	0.53	0.00	0.00	0.00	0.08	5.20	73.88	1.96	24.11	1533	1030	337	16	0	0	0	0	2916	134.76	6.36	2.13	9.80	12.65	11.85	15.34	1.19	22.04	20.94
9/2/2025 10:10:16 AM	3.02	0.40	0.22	1.10	0.00	0.00	0.00	0.13	4.74	74.39	2.00	23.98	1599	402	97	33	0	0	0	0	2131	135.69	6.60	3.09	8.74	13.18	10.98	15.99	1.20	22.06	20.97
9/2/2025 10:10:19 AM	2.67	1.17	1.67	0.00	0.00	0.00	0.00	0.03	5.51	74.08	2.04	24.03	1417	1173	750	0	0	0	0	0	3340	135.12	6.70	1.07	9.66	12.56	11.33	15.95	1.20	22.08	20.99
9/2/2025 10:10:22 AM	2.81	0.98	1.47	0.01	0.00	0.00	0.00	0.05	5.27	73.58	2.05	24.07	1491	979	663	0	0	0	0	0	3133	134.22	6.22	1.70	9.03	12.53	10.38	15.75	1.20	22.11	20.99
9/2/2025 10:10:24 AM	2.33	1.38	2.07	0.00	0.00	0.00	0.00	0.00	5.78	74.05	2.08	24.09	1237	1375	930	0	0	0	0	0	3543	135.06	7.35	2.17	11.19	12.18	11.25	16.45	1.20	22.13	21.03
9/2/2025 10:10:27 AM	2.06	1.03	2.25	0.00	0.00	0.00	0.00	0.03	5.34	73.80	2.11	24.06	1092	1029	1015	0	0	0	0	0	3135	134.62	7.47	2.08	9.63	12.42	10.27	16.22	1.21	22.18	21.02
9/2/2025 10:10:30 AM	3.31	0.54	0.00	1.17	0.00	0.00	0.00	0.07	5.02	73.92	2.15	24.02	1753	542	0	35	0	0	0	0	2330	134.83	6.52	2.26	9.07	12.81	12.22	15.98	1.21	22.20	21.05
9/2/2025 10:10:33 AM	3.26	0.70	0.45	0.80	0.00	0.00	0.00	0.02	5.21	73.87	2.21	23.98	1728	698	203	24	0	0	0	0	2654	134.75	6.36	2.27	9.25	12.32	11.63	15.89	1.22	22.21	21.08
9/2/2025 10:10:35 AM	2.79	1.09	1.55	0.09	0.00	0.00	0.00	0.00	5.52	74.17	2.26	24.02	1478	1091	696	3	0	0	0	0	3268	135.28	6.50	2.01	9.76	11.95	11.00	16.13	1.22	22.22	21.08
9/2/2025 10:10:38 AM	1.78	1.72	2.24	0.00	0.00	0.00	0.00	0.01	5.73	74.26	2.31	24.02	943	1719	1006	0	0	0	0	0	3668	135.45	7.68	3.21	12.47	11.97	11.55	15.22	1.23	22.27	21.08
9/2/2025 10:10:41 AM	2.80	1.04	1.55	0.00	0.00	0.00	0.00	0.04	5.38	74.30	2.37	24.01	1482	1041	696	0	0	0	0	0	3218	135.53	6.43	1.40	9.45	12.59	10.49	15.91	1.23	22.33	21.15
9/2/2025 10:10:44 AM	2.77	0.80	1.56	0.35	0.00	0.00	0.00	0.00	5.49	73.96	2.41	24.02	1470	803	702	11	0	0	0	0	2986	134.90	7.06	2.91	9.57	12.41	10.57	17.02	1.24	22.32	21.13
9/2/2025 10:10:46 AM	2.78	0.93	1.64	0.20	0.00	0.00	0.00	0.00	5.55	73.60	2.46	24.04	1475	926	738	6	0	0	0	0	3145	134.25	6.98	2.08	9.43	12.61	10.94	16.69	1.24	22.36	21.23
9/2/2025 10:10:49 AM	2.33	0.98	1.75	0.19	0.00	0.00	0.00	0.06	5.25	73.50	2.51	24.05	1233	979	789	6	0	0	0	0	3007	134.06	7.08	2.54	9.51	12.58	10.64	16.01	1.25	22.37	21.24
9/2/2025 10:10:51 AM	2.48	0.92	2.17	0.00	0.00	0.00	0.00	0.00	5.58	73.39	2.56	23.99	1316	922	977	0	0	0	0	0	3215	133.86	7.37	2.43	9.84	12.67	9.73	17.06	1.25	22.39	21.23
9/2/2025 10:10:54 AM	2.64	0.68	1.43	0.58	0.00	0.00	0.00	0.00	5.34	73.83	2.59	24.01	1400	684	645	17	0	0	0	0	2747	134.67	7.30	2.51	9.29	12.03	11.08	17.07	1.25	22.44	21.26
9/2/2025 10:10:57 AM	2.49	1.03	1.92	0.00	0.00	0.00	0.00	0.02	5.44	74.00	2.65	24.00	1322	1025	864	0	0	0	0	0	3211	134.98	7.00	1.99	10.02	12.46	9.88	16.22	1.26	22.49	21.31
9/2/2025 10:11:00 AM	2.61	0.74	1.08	0.50	0.00	0.00	0.00	0.16	4.93	73.95	2.69	24.00	1381	738	488	15	0	0	0	0	2622	134.88	6.77	2.53	8.97	13.58	10.63	16.10	1.26	22.47	21.31
9/2/2025 10:11:03 AM	2.24	1.05	2.20	0.00	0.00	0.00	0.00	0.00	5.49	73.79	2.71	23.98	1187	1055	989	0	0	0	0	0	3230	134.60	7.36	1.45	9.42	12.04	11.02	16.56	1.27	22.50	21.34
9/2/2025 10:11:05 AM	2.98	1.00	1.74	0.00	0.00	0.00	0.00	0.01	5.72	74.25	2.74	23.93	1579	997	784	0	0	0	0	0	3360	135.43	6.82	1.55	9.52	12.94	10.75	17.02	1.27	22.52	21.37
9/2/2025 10:11:08 AM	2.80	1.01	1.44	0.12	0.00	0.00	0.00	0.07	5.37	73.84	2.78	23.98	1484	1009	649	4	0	0	0	0	3145	134.68	6.51	2.18	9.48	12.94	10.66	16.13	1.27	22.57	21.40
9/2/2025 10:11:11 AM	2.99	0.93	1.52	0.17	0.00	0.00	0.00	0.00	5.61	73.99	2.80	24.07	1586	929	684	5	0	0	0	0	3205	134.95	6.67	2.20	9.57	12.43	10.78	16.96	1.27	22.57	21.40
9/2/2025 10:11:14 AM	2.91	1.53	1.64	0.00	0.00	0.00	0.00	0.01	6.08	74.06	2.82	24.16	1545	1527	738	0	0	0	0	0	3809	135.08	6.89	2.98	11.88	13.09	11.54	16.58	1.28	22.60	21.42
9/2/2025 10:11:17 AM	2.60	0.89	1.81	0.33	0.00	0.00	0.00	0.00	5.63	74.03	2.82	24.17	1377	889	815	10	0	0	0	0	3091	135.04	7.59	2.44	9.67	12.85	11.22	17.25	1.28	22.62	21.44
9/2/2025 10:11:19 AM	2.74	0.61	1.26	0.71	0.00	0.00	0.00	0.08	5.32	73.83	2.86	24.19	1454	611	566	21	0	0	0	0	2652	134.66	7.56	2.68	9.19	13.55	11.21	17.40	1.28	22.67	21.50
9/2/2025 10:11:22 AM	2.44	2.01	2.11	0.00	0.00	0.00	0.00	0.00	6.56	74.24	2.89	24.17	1294	2013	949	0	0	0	0	0	4255	135.41	7.83	3.71	14.44	12.79	12.51	17.32	1.28	22.68	21.48
9/2/2025 10:11:25 AM	2.54	0.92	2.08	0.07	0.00	0.00	0.00	0.00	5.60	73.71	2.96	24.13	1349	918	934	2	0	0	0	0	3203	134.44	7.30	2.66	9.58	12.59	10.30	17.24	1.29	22.70	21.53
9/2/2025 10:11:28 AM	2.32	1.09	2.26	0.00	0.00	0.00	0.00	0.02	5.68	74.44	2.97	24.15	1231	1092	1018	0	0	0	0	0	3341	135.78	7.60	2.55	10.00	12.92	10.71	17.04	1.29	22.72	21.58
9/2/2025 10:11:30 AM	2.50	1.07	1.91	0.10	0.00	0.00	0.00	0.06	5.58	73.85	3.02	24.10	1326	1070	858	3	0	0	0	0	3258	134.70	7.32	2.33	9.84	13.32	11.02	16.92	1.30	22.75	21.60
9/2/2025 10:11:33 AM	3.39	0.85	0.92	0.58	0.00	0.00	0.00	0.00	5.74	73.86	3.09	24.10	1794	853	415	18	0	0	0	0	3080	134.73	6.78	3.39	10.25	13.09	11.29	17.24	1.30	22.78	21.55
9/2/2025 10:11:36 AM	2.71	0.79	1.69	0.42	0.00	0.00	0.00	0.02	5.61	73.94	3.14	24.05	1436	791	759	13	0	0	0	0	2999	134.86	7.63	2.41	9.49	13.17	11.23	17.55	1.31	22.79	21.68
9/2/2025 10:11:39 AM	3.09	1.03	1.50	0.26	0.00	0.00	0.00	0.00	5.88	73.84	3.20	24.09	1640	1029	676	8	0	0	0	0	3352	134.68	7.06	2.63	10.22	13.16	11.38	17.42	1.31	22.80	21.68
9/2/2025 10:11:42 AM	2.97	0.58	0.55	1.12	0.00	0.00	0.00	0.05	5.22	73.71	3.23	24.12	1574	582	248	34	0	0	0	0	2437	134.45	7.30	3.08	9.58	12.99	12.02	16.73	1.32	22.85	21.66
9/2/2025 10:11:44 AM	3.06	1.30	1.17	0.37	0.00	0.00	0.00	0.00	5.90	73.84	3.27	24.12	1624	1303	525	11	0	0	0	0	3463	134.68	6.71	3.17	11.34	12.33	12.13	16.75	1.32	22.86	21.71
9/2/2025 10:11:47 AM	2.78	1.00	1.54	0.38	0.00	0.00	0.00	0.00	5.70	74.02	3.32	24.11	1472	997	692	11	0	0	0	0	3173	135.02	7.32	2.57	10.10	12.81	11.60	16.97	1.32	22.88	21.71
9/2/2025 10:11:50 AM	2.69	0.78	1.47	0.53	0.00	0.00	0.00	0.00	5.46	74.17	3.34	24.09	1427	778	660	16	0	0	0	0	2880	135.28	7.41	2.52	9.47	12.62	11.28	16.90	1.33	22.90	21.72
9/2/2025 10:11:53 AM	2.19	1.09	1.96	0.10	0.00	0.00	0.00	0.11	5.33	74.35	3.40	24.03	1159	1094	880	3	0	0	0	0	3136	135.62	7.38	1.80	9.53	13.29	11.21	16.36	1.33	22.93	21.76
9/2/2025 10:11:55 AM	2.20	1.09	2.16	0.00	0.00	0.00	0.00	0.08	5.45	73.83	3.42	24.01	1165	1094	970	0	0	0	0	0	3229	134.67	7.45	2.34	9.89	13.21	10.52	16.63	1.34	22.93	21.77
9/2/2025 10:11:58 AM	2.67	1.01	2.09	0.00	0.00	0.00	0.00	0.04	5.77	74.16	3.46	24.05	1415	1006	942	0	0	0	0	0	3362	135.26	7.48	1.81	9.82	13.56	10.68	17.63	1.34	22.96	21.82
9/2/2025 10:12:01 AM	2.83	0.88	1.79	0.20	0.00	0.00	0.00	0.01	5.70	73.67	3.52	24.09	1502	878	806	6	0	0	0	0	3193	134.38	7.28	2.59	9.61	13.20	10.69	17.51	1.34	22.98	21.87
9/2/2025 10:12:03 AM	3.04	0.66	1.17	0.59	0.00	0.00	0.00	0.00	5.45	73.99	3.54	24.14	1609	655	526	18	0	0	0	0	2808	134.97	7.00	3.14	9.44	12.67	10.71	17.09	1.35	23.00	21.85
9/2/2025 10:12:07 AM	2.27	0.94	2.26	0.00	0.00	0.00	0.00	0.02	5.47	73.85	3.56	24.17	1202	937	1018	0	0	0	0	0	3156	134.70	7.49	1.98	9.24	12.65	10.39	16.81	1.35	23.04	21.89
9/2/2025 10:12:09 AM	2.88	0.85	1.52	0.32	0.00	0.00	0.00	0.01	5.56	73.93	3.58	24.14	1524	854	683	9	0	0	0	0	3071	134.84	7.07	2.19	9.42	12.80	11.05	16.96	1.35	23.03	21.97
9/2/2025 10:12:12 AM	2.50	1.01	2.10	0.00	0.00	0.00	0.00	0.00	5.61	74.26	3.63	24.13	1326	1013	943	0	0	0	0	0	3282	135.45	7.24	2.34	9.73	12.54	10.42	16.89	1.36	23.04	21.95
9/2/2025 10:12:15 AM	2.62	1.10	1.90	0.00	0.00	0.00	0.00	0.02	5.62	73.81	3.69	24.13	1390	1102	854	0	0	0	0	0	3346	134.63	7.01	2.16	9.80	12.81	10.85	16.62	1.36	23.09	21.92
9/2/2025 10:12:17 AM	2.62	0.94	1.92	0.05	0.00	0.00	0.00	0.05	5.52	73.90	3.75	24.18	1386	941	863	1	0	0	0	0	3192	134.80	7.14	2.20	9.36	13.21	10.50	17.01	1.37	23.11	22.11
9/2/2025 10:12:21 AM	2.40	1.07	2.11	0.03	0.00	0.00	0.00	0.01	5.61	73.90	3.78	24.14	1275	1069	950	1	0	0	0	0	3295	134.80	7.39	2.18	9.72	12.73	10.90	16.78	1.37	23.12	22.08
9/2/2025 10:12:23 AM	3.08	0.86	1.55	0.21	0.00	0.00	0.00	0.00	5.71	74.23	3.82	24.15	1633	864	698	6	0	0	0	0	3201	135.39	6.93	2.18	9.45	13.02	10.86	17.34	1.37	23.12	22.00
9/2/2025 10:12:26 AM	3.23	0.76	0.62	0.86	0.00	0.00	0.00	0.03	5.47	74.25	3.89	24.12	1711	765	279	26	0	0	0	0	2781	135.43	6.93	2.36	9.72	12.92	12.24	16.72	1.38	23.13	22.09
9/2/2025 10:12:29 AM	2.58	1.18	1.99	0.00	0.00	0.00	0.00	0.00	5.74	74.28	3.93	24.15	1367	1176	893	0	0	0	0	0	3437	135.49	7.18	2.37	10.30	12.68	10.89	16.68	1.39	23.17	22.01
9/2/2025 10:12:31 AM	3.14	0.79	1.07	0.50	0.00	0.00	0.00	0.02	5.50	74.29	3.99	24.14	1665	795	481	15	0	0	0	0	2955	135.51	6.77	2.38	9.47	12.90	11.24	16.82	1.39	23.20	22.17
9/2/2025 10:12:34 AM	3.07	0.95	1.42	0.23	0.00	0.00	0.00	0.00	5.68	74.06	4.03	24.13	1629	949	641	7	0	0	0	0	3226	135.09	6.70	2.38	9.78	12.59	10.97	17.04	1.40	23.20	22.09
9/2/2025 10:12:37 AM	2.61	1.03	1.99	0.01	0.00	0.00	0.00	0.04	5.65	74.22	4.09	24.12	1384	1029	898	0	0	0	0	0	3311	135.37	7.23	2.46	9.74	13.29	10.61	17.15	1.40	23.23	22.17
9/2/2025 10:12:40 AM	3.12	0.89	1.32	0.30	0.00	0.00	0.00	0.04	5.63	74.03	4.15	24.11	1656	893	594	9	0	0	0	0	3151	135.04	6.80	2.53	9.68	13.36	10.93	17.16	1.41	23.24	22.21
9/2/2025 10:12:42 AM	3.44	0.72	0.83	0.62	0.00	0.00	0.00	0.00	5.61	73.98	4.22	24.11	1821	721	373	19	0	0	0	0	2933	134.94	6.68	2.75	9.61	13.00	11.25	17.16	1.41	23.26	22.19
9/2/2025 10:12:45 AM	2.57	0.92	1.56	0.37	0.00	0.00	0.00	0.08	5.42	74.33	4.26	24.14	1362	917	702	11	0	0	0	0	2992	135.58	7.32	2.57	9.68	13.32	11.15	16.82	1.42	23.30	22.27
9/2/2025 10:12:48 AM	2.52	0.95	2.09	0.00	0.00	0.00	0.00	0.02	5.56	74.38	4.31	24.11	1334	954	940	0	0	0	0	0	3228	135.67	7.29	1.78	9.31	12.92	10.56	17.00	1.42	23.29	22.24
9/2/2025 10:12:51 AM	2.84	1.33	1.78	0.00	0.00	0.00	0.00	0.00	5.95	73.80	4.36	24.10	1504	1327	802	0	0	0	0	0	3632	134.62	6.98	2.63	11.13	12.83	11.11	16.81	1.43	23.33	22.25
9/2/2025 10:12:54 AM	2.84	0.97	1.99	0.00	0.00	0.00	0.00	0.01	5.80	74.09	4.41	24.12	1508	966	893	0	0	0	0	0	3367	135.13	7.22	1.86	9.48	13.23	10.79	17.56	1.43	23.33	22.32
9/2/2025 10:12:56 AM	2.93	1.09	1.77	0.00	0.00	0.00	0.00	0.03	5.79	74.05	4.45	24.11	1556	1092	796	0	0	0	0	0	3443	135.06	6.91	2.43	10.08	13.37	10.70	17.19	1.44	23.36	22.34
9/2/2025 10:12:59 AM	2.60	0.88	1.62	0.42	0.00	0.00	0.00	0.02	5.52	74.14	4.48	24.10	1377	877	729	13	0	0	0	0	2995	135.24	7.46	2.74	9.75	12.86	11.18	16.96	1.44	23.36	22.34
9/2/2025 10:13:02 AM	2.66	0.84	1.85	0.28	0.00	0.00	0.00	0.00	5.63	74.34	4.53	24.13	1410	842	833	8	0	0	0	0	3093	135.59	7.48	2.46	9.55	12.76	10.90	17.52	1.44	23.38	22.38
9/2/2025 10:13:04 AM	2.87	0.90	1.73	0.28	0.00	0.00	0.00	0.00	5.77	74.00	4.55	24.10	1520	895	779	8	0	0	0	0	3203	134.97	7.33	2.00	9.71	12.69	11.37	17.94	1.45	23.38	22.34
9/2/2025 10:13:07 AM	3.28	1.11	1.02	0.45	0.00	0.00	0.00	0.00	5.87	73.94	4.62	24.08	1741	1113	458	14	0	0	0	0	3326	134.86	6.70	2.64	10.70	12.65	12.11	17.09	1.45	23.39	22.37
9/2/2025 10:13:10 AM	2.66	0.97	1.77	0.18	0.00	0.00	0.00	0.00	5.58	74.27	4.67	24.16	1411	965	795	5	0	0	0	0	3177	135.46	7.15	2.14	9.57	12.57	11.02	16.75	1.46	23.43	22.40
9/2/2025 10:13:12 AM	2.20	1.15	1.93	0.21	0.00	0.00	0.00	0.09	5.48	74.11	4.70	24.16	1167	1148	867	6	0	0	0	0	3189	135.19	7.65	2.26	10.06	13.40	11.61	16.64	1.46	23.46	22.48
9/2/2025 10:13:15 AM	2.86	1.40	1.75	0.00	0.00	0.00	0.00	0.00	6.00	74.03	4.75	24.16	1513	1396	786	0	0	0	0	0	3695	135.03	6.87	2.66	11.10	12.59	11.67	16.91	1.47	23.46	22.50
9/2/2025 10:13:18 AM	2.95	0.94	1.56	0.26	0.00	0.00	0.00	0.00	5.71	74.10	4.77	24.16	1564	936	703	8	0	0	0	0	3211	135.16	7.00	2.63	9.88	12.75	10.97	17.26	1.47	23.48	22.53
9/2/2025 10:13:21 AM	2.59	0.83	1.69	0.36	0.00	0.00	0.00	0.00	5.47	73.99	4.79	24.12	1371	833	762	11	0	0	0	0	2976	134.95	7.31	2.35	9.45	12.29	11.00	16.99	1.47	23.48	22.53
9/2/2025 10:13:23 AM	2.70	0.90	1.33	0.38	0.00	0.00	0.00	0.07	5.31	74.01	4.84	24.12	1430	905	598	11	0	0	0	0	2944	135.00	6.91	2.49	9.54	13.03	11.02	16.34	1.47	23.50	22.54
9/2/2025 10:13:26 AM	2.61	1.24	1.93	0.00	0.00	0.00	0.00	0.00	5.78	73.86	4.88	24.12	1386	1236	867	0	0	0	0	0	3489	134.73	7.08	2.48	10.52	12.54	11.04	16.67	1.48	23.51	22.54
9/2/2025 10:13:29 AM	2.78	0.82	1.46	0.38	0.00	0.00	0.00	0.01	5.44	73.83	4.98	24.12	1473	820	656	12	0	0	0	0	2961	134.66	7.07	2.20	9.31	12.57	11.07	16.66	1.49	23.54	22.62
9/2/2025 10:13:32 AM	2.77	0.87	1.70	0.21	0.00	0.00	0.00	0.00	5.55	74.07	5.03	24.12	1467	869	767	6	0	0	0	0	3109	135.11	7.00	2.21	9.45	12.30	10.76	17.18	1.49	23.54	22.62
9/2/2025 10:13:35 AM	2.52	0.83	1.53	0.42	0.00	0.00	0.00	0.05	5.30	74.04	5.07	24.12	1337	833	687	13	0	0	0	0	2870	135.05	7.23	2.81	9.49	12.77	10.81	16.49	1.50	23.56	22.64
9/2/2025 10:13:37 AM	2.50	1.07	1.95	0.04	0.00	0.00	0.00	0.04	5.56	74.24	5.11	24.12	1323	1067	877	1	0	0	0	0	3269	135.42	7.22	1.95	9.62	12.99	11.01	16.70	1.50	23.56	22.62
9/2/2025 10:13:40 AM	2.29	0.97	2.04	0.08	0.00	0.00	0.00	0.05	5.39	74.17	5.14	24.16	1215	968	920	2	0	0	0	0	3105	135.29	7.35	2.32	9.40	12.90	10.53	16.60	1.50	23.59	22.69
9/2/2025 10:13:43 AM	2.88	0.88	1.53	0.20	0.00	0.00	0.00	0.02	5.50	74.17	5.18	24.13	1528	884	689	6	0	0	0	0	3106	135.29	6.79	2.51	9.45	12.79	10.52	16.70	1.51	23.59	22.69
9/2/2025 10:13:46 AM	2.52	1.12	1.61	0.22	0.00	0.00	0.00	0.06	5.48	73.98	5.22	24.11	1337	1124	727	6	0	0	0	0	3194	134.94	7.06	2.69	10.14	12.96	11.20	16.26	1.51	23.63	22.70
9/2/2025 10:13:49 AM	2.98	0.77	1.28	0.45	0.00	0.00	0.00	0.00	5.48	74.09	5.29	24.11	1579	766	578	14	0	0	0	0	2937	135.14	6.94	2.07	9.25	12.51	11.19	16.91	1.52	23.62	22.70
9/2/2025 10:13:51 AM	3.18	0.79	1.15	0.46	0.00	0.00	0.00	0.01	5.58	74.18	5.33	24.11	1685	794	516	14	0	0	0	0	3009	135.31	6.81	2.57	9.55	12.95	11.07	17.03	1.52	23.63	22.72
9/2/2025 10:13:54 AM	3.00	0.96	1.57	0.23	0.00	0.00	0.00	0.00	5.76	73.95	5.39	24.11	1588	956	707	7	0	0	0	0	3259	134.88	7.04	2.52	9.87	12.99	11.06	17.26	1.53	23.66	22.79
9/2/2025 10:13:57 AM	2.76	1.19	1.89	0.00	0.00	0.00	0.00	0.01	5.85	74.25	5.48	24.12	1464	1193	851	0	0	0	0	0	3508	135.43	7.12	2.15	10.27	13.02	11.22	16.98	1.54	23.67	22.80
9/2/2025 10:14:00 AM	2.87	0.95	1.77	0.10	0.00	0.00	0.00	0.00	5.69	74.07	5.52	24.13	1521	953	796	3	0	0	0	0	3274	135.11	7.01	2.13	9.55	12.82	10.81	17.14	1.54	23.68	22.82
9/2/2025 10:14:02 AM	2.93	0.98	1.50	0.15	0.00	0.00	0.00	0.02	5.55	74.32	5.56	24.13	1552	976	676	4	0	0	0	0	3209	135.56	6.64	2.61	9.71	12.73	10.58	16.54	1.54	23.68	22.83
9/2/2025 10:14:05 AM	2.90	1.19	1.76	0.06	0.00	0.00	0.00	0.00	5.90	74.05	5.59	24.13	1535	1190	791	2	0	0	0	0	3518	135.08	7.03	2.72	10.48	13.05	11.20	17.07	1.55	23.68	22.87
9/2/2025 10:14:08 AM	2.67	1.00	1.98	0.00	0.00	0.00	0.00	0.00	5.65	74.03	5.63	24.15	1415	1004	889	0	0	0	0	0	3308	135.04	7.09	2.12	9.56	12.70	10.60	16.91	1.55	23.74	22.91
9/2/2025 10:14:11 AM	2.60	1.01	1.99	0.00	0.00	0.00	0.00	0.01	5.60	74.17	5.69	24.11	1379	1010	896	0	0	0	0	0	3285	135.29	7.09	2.44	9.63	12.77	10.45	16.83	1.56	23.72	22.91
9/2/2025 10:14:14 AM	2.97	0.73	1.22	0.54	0.00	0.00	0.00	0.02	5.45	74.22	5.74	24.12	1572	726	551	16	0	0	0	0	2865	135.38	7.06	2.51	9.34	12.86	11.10	16.97	1.56	23.73	22.90
9/2/2025 10:14:16 AM	2.95	0.95	1.60	0.19	0.00	0.00	0.00	0.00	5.69	74.19	5.80	24.12	1564	950	720	6	0	0	0	0	3240	135.33	6.92	2.80	9.86	12.85	10.68	17.05	1.57	23.73	22.91
9/2/2025 10:14:19 AM	2.83	0.89	1.34	0.37	0.00	0.00	0.00	0.03	5.44	74.06	5.83	24.13	1502	893	605	11	0	0	0	0	3011	135.10	6.89	2.25	9.50	12.72	11.17	16.48	1.57	23.78	23.01
9/2/2025 10:14:22 AM	2.87	0.99	1.62	0.18	0.00	0.00	0.00	0.00	5.66	74.19	5.86	24.13	1521	986	729	6	0	0	0	0	3242	135.33	6.92	2.48	9.84	12.60	10.92	16.93	1.57	23.79	23.01
9/2/2025 10:14:25 AM	2.69	1.06	1.73	0.12	0.00	0.00	0.00	0.02	5.60	74.26	5.89	24.13	1424	1060	781	4	0	0	0	0	3269	135.45	6.99	2.45	9.88	12.75	10.92	16.59	1.58	23.79	22.99
9/2/2025 10:14:27 AM	2.87	0.83	1.27	0.39	0.00	0.00	0.00	0.04	5.36	74.21	5.92	24.12	1521	834	570	12	0	0	0	0	2937	135.37	6.78	2.53	9.41	12.75	10.85	16.44	1.58	23.79	23.01
9/2/2025 10:14:30 AM	2.67	1.11	1.89	0.00	0.00	0.00	0.00	0.00	5.68	74.16	5.96	24.12	1417	1115	851	0	0	0	0	0	3383	135.27	6.94	2.35	9.98	12.44	10.80	16.72	1.58	23.82	23.06
9/2/2025 10:14:33 AM	2.71	0.81	1.44	0.44	0.00	0.00	0.00	0.02	5.40	74.42	5.98	24.13	1436	815	647	13	0	0	0	0	2912	135.74	7.15	2.67	9.49	12.62	10.96	16.64	1.59	23.84	23.11
9/2/2025 10:14:35 AM	2.83	0.89	1.58	0.29	0.00	0.00	0.00	0.00	5.60	74.41	6.01	24.14	1501	895	709	9	0	0	0	0	3113	135.72	7.09	2.42	9.62	12.68	11.00	16.96	1.59	23.84	23.04
9/2/2025 10:14:38 AM	2.62	1.00	1.76	0.10	0.00	0.00	0.00	0.03	5.48	74.30	6.03	24.12	1387	1001	793	3	0	0	0	0	3184	135.52	6.92	2.60	9.67	12.67	10.52	16.44	1.59	23.85	23.15
9/2/2025 10:14:41 AM	2.98	0.82	1.39	0.27	0.00	0.00	0.00	0.00	5.47	74.31	6.05	24.11	1582	822	625	8	0	0	0	0	3037	135.55	6.62	2.43	9.35	12.33	10.55	16.73	1.59	23.85	23.12
9/2/2025 10:14:44 AM	2.77	0.88	1.70	0.15	0.00	0.00	0.00	0.01	5.51	74.06	6.08	24.12	1470	880	767	5	0	0	0	0	3122	135.09	6.94	2.32	9.33	12.70	10.51	16.78	1.60	23.85	23.15
9/2/2025 10:14:46 AM	2.69	0.99	1.69	0.20	0.00	0.00	0.00	0.03	5.57	74.20	6.14	24.09	1424	991	760	6	0	0	0	0	3181	135.34	7.09	2.63	9.82	12.90	10.86	16.75	1.60	23.86	23.17
9/2/2025 10:14:49 AM	2.80	0.98	1.55	0.21	0.00	0.00	0.00	0.01	5.54	74.19	6.20	24.13	1483	985	696	6	0	0	0	0	3170	135.33	6.87	2.43	9.72	12.62	10.94	16.50	1.61	23.90	23.22
9/2/2025 10:14:52 AM	2.89	0.75	1.26	0.47	0.00	0.00	0.00	0.00	5.38	74.17	6.21	24.11	1531	754	569	14	0	0	0	0	2868	135.29	6.87	2.89	9.41	12.44	10.68	16.53	1.61	23.88	23.20
9/2/2025 10:14:55 AM	2.81	0.96	1.44	0.27	0.00	0.00	0.00	0.03	5.47	74.17	6.24	24.10	1490	956	647	8	0	0	0	0	3100	135.28	6.80	2.66	9.73	12.72	10.83	16.42	1.61	23.88	23.25
9/2/2025 10:14:57 AM	3.12	0.90	1.32	0.25	0.00	0.00	0.00	0.00	5.60	74.08	6.23	24.09	1652	902	596	8	0	0	0	0	3158	135.13	6.60	2.50	9.61	12.71	10.77	16.72	1.61	23.91	23.19
9/2/2025 10:15:00 AM	2.65	0.93	1.58	0.25	0.00	0.00	0.00	0.02	5.41	74.15	6.26	24.12	1406	931	709	8	0	0	0	0	3054	135.25	6.94	2.51	9.55	12.54	10.77	16.34	1.61	23.95	23.30
9/2/2025 10:15:03 AM	2.82	0.96	1.48	0.30	0.00	0.00	0.00	0.00	5.57	74.25	6.30	24.14	1497	962	667	9	0	0	0	0	3135	135.44	6.94	2.83	9.92	12.53	10.96	16.61	1.62	23.96	23.35
9/2/2025 10:15:06 AM	2.87	0.79	1.38	0.33	0.00	0.00	0.00	0.00	5.38	74.29	6.33	24.12	1524	795	622	10	0	0	0	0	2950	135.51	6.74	2.42	9.22	12.34	10.60	16.42	1.62	23.96	23.30
9/2/2025 10:15:08 AM	2.39	1.18	1.96	0.00	0.00	0.00	0.00	0.04	5.53	74.40	6.38	24.11	1265	1185	882	0	0	0	0	0	3332	135.71	7.10	2.49	10.16	12.72	10.75	16.23	1.63	23.98	23.30
9/2/2025 10:15:11 AM	2.97	0.98	1.20	0.34	0.00	0.00	0.00	0.03	5.48	74.29	6.45	24.12	1572	979	538	10	0	0	0	0	3099	135.50	6.60	2.85	9.94	12.72	10.98	16.27	1.63	23.98	23.35
9/2/2025 10:15:13 AM	2.55	1.20	1.88	0.02	0.00	0.00	0.00	0.00	5.65	74.20	6.48	24.10	1351	1198	847	1	0	0	0	0	3396	135.35	6.98	2.38	10.16	12.32	11.09	16.32	1.64	23.99	23.35
9/2/2025 10:15:16 AM	2.68	0.84	1.43	0.40	0.00	0.00	0.00	0.03	5.35	74.23	6.53	24.10	1420	844	642	12	0	0	0	0	2918	135.40	7.03	2.62	9.46	12.63	10.88	16.43	1.64	24.00	23.36
9/2/2025 10:15:19 AM	2.87	0.90	1.28	0.43	0.00	0.00	0.00	0.00	5.48	74.27	6.65	23.88	1520	897	578	13	0	0	0	0	3008	135.48	6.89	2.69	9.75	12.46	11.14	16.41	1.65	23.98	23.43
9/2/2025 10:15:22 AM	1.70	0.99	1.60	1.08	0.00	0.00	0.00	0.15	5.36	73.90	6.71	23.34	899	986	720	32	0	0	0	0	2637	134.79	9.22	3.50	10.89	14.13	13.34	17.34	1.66	23.99	23.38
9/2/2025 10:15:25 AM	0.31	1.30	2.60	1.63	0.00	0.00	0.00	0.28	5.84	73.62	6.76	22.81	163	1302	1168	49	0	0	0	0	2682	134.29	12.70	5.13	13.29	16.83	16.11	19.90	1.66	24.00	23.46
9/2/2025 10:15:27 AM	0.00	2.39	2.78	2.21	0.00	0.00	0.00	0.36	7.38	73.31	6.85	21.70	0	2388	1252	66	0	0	0	0	3706	133.72	16.40	7.35	18.95	20.11	21.02	22.15	1.67	24.03	23.49
9/2/2025 10:15:30 AM	0.00	1.92	1.93	3.36	0.00	0.00	0.00	0.42	7.21	73.42	7.00	20.82	0	1920	868	101	0	0	0	0	2889	133.92	18.60	8.29	19.35	21.42	22.45	23.02	1.69	24.05	23.52
9/2/2025 10:15:33 AM	0.00	1.93	1.81	3.58	0.00	0.00	0.00	0.43	7.33	73.39	7.09	20.80	0	1934	813	108	0	0	0	0	2855	133.86	18.94	8.54	19.77	21.76	23.23	23.49	1.69	24.04	23.48
9/2/2025 10:15:36 AM	0.00	2.39	1.44	3.92	0.00	0.00	0.00	0.40	7.76	73.28	7.19	20.40	0	2387	650	118	0	0	0	0	3155	133.66	19.86	9.43	22.05	21.75	25.24	22.99	1.70	24.04	23.52
9/2/2025 10:15:39 AM	0.00	2.44	0.32	4.89	0.00	0.00	0.00	0.43	7.65	73.16	7.25	20.03	0	2440	143	147	0	0	0	0	2729	133.44	21.36	10.40	23.69	21.87	27.33	21.83	1.71	24.05	23.48
9/2/2025 10:15:41 AM	0.00	2.49	0.32	5.01	0.00	0.00	0.00	0.42	7.81	73.15	7.28	20.02	0	2490	142	150	0	0	0	0	2782	133.43	21.67	10.38	24.04	22.02	28.05	22.23	1.71	24.06	23.49
9/2/2025 10:15:44 AM	0.00	2.94	0.17	5.07	0.00	0.00	0.00	0.40	8.19	73.05	7.36	19.29	0	2942	78	152	0	0	0	0	3172	133.25	22.39	10.93	25.91	22.07	29.27	21.60	1.72	24.06	23.57
9/2/2025 10:15:47 AM	0.00	4.29	0.22	5.06	0.00	0.00	0.00	0.35	9.57	72.97	7.44	18.37	0	4291	100	152	0	0	0	0	4543	133.10	23.72	12.22	31.04	22.59	33.30	21.42	1.73	24.04	23.60
9/2/2025 10:15:50 AM	0.00	4.70	0.23	5.03	0.00	0.00	0.00	0.30	9.96	72.80	7.52	18.19	0	4702	102	151	0	0	0	0	4954	132.79	24.25	12.43	32.55	22.31	34.39	20.89	1.74	24.06	23.60
9/2/2025 10:15:52 AM	0.00	4.42	0.00	5.34	0.00	0.00	0.00	0.30	9.77	72.65	7.60	18.21	0	4424	0	160	0	0	0	0	4584	132.51	24.30	12.63	31.27	22.44	35.18	20.80	1.74	24.04	23.60
9/2/2025 10:15:55 AM	0.00	4.60	0.00	5.22	0.00	0.00	0.00	0.31	9.82	72.43	7.64	18.31	0	4597	0	157	0	0	0	0	4754	132.12	24.29	12.50	32.32	22.24	34.57	20.67	1.75	24.04	23.67
9/2/2025 10:15:58 AM	0.00	4.89	0.00	5.28	0.00	0.00	0.00	0.27	10.17	72.57	7.65	18.30	0	4886	0	158	0	0	0	0	5044	132.38	24.52	12.86	32.88	22.25	36.36	20.41	1.75	24.04	23.69
9/2/2025 10:16:01 AM	0.00	5.97	0.00	5.27	0.00	0.00	0.00	0.23	11.24	72.55	7.69	18.84	0	5973	0	158	0	0	0	0	6131	132.33	25.38	13.12	36.71	22.58	40.02	20.27	1.75	24.04	23.64
9/2/2025 10:16:03 AM	0.00	6.74	0.00	5.02	0.00	0.00	0.00	0.21	11.77	72.56	7.71	18.25	0	6744	0	151	0	0	0	0	6895	132.34	25.08	13.49	39.09	22.28	41.52	19.46	1.76	23.99	23.62
9/2/2025 10:16:06 AM	0.00	7.23	0.42	4.55	0.00	0.00	0.00	0.19	12.21	72.53	7.75	18.45	0	7231	191	137	0	0	0	0	7559	132.30	24.90	13.87	40.89	22.20	41.02	19.63	1.76	24.01	23.64
9/2/2025 10:16:09 AM	0.00	6.83	0.00	4.99	0.00	0.00	0.00	0.19	11.82	72.34	7.79	18.46	0	6831	0	150	0	0	0	0	6980	131.96	25.11	13.50	39.52	22.07	41.47	19.31	1.76	23.99	23.75
9/2/2025 10:16:11 AM	0.00	7.50	0.00	4.83	0.00	0.00	0.00	0.16	12.32	72.45	7.86	17.77	0	7496	0	145	0	0	0	0	7640	132.15	24.67	13.66	41.23	21.80	43.50	18.75	1.77	24.02	23.77
9/2/2025 10:16:14 AM	0.00	7.19	0.00	4.83	0.00	0.00	0.00	0.14	12.01	72.65	7.95	17.19	0	7186	0	145	0	0	0	0	7331	132.51	24.65	13.59	40.05	21.32	42.40	18.27	1.78	23.99	23.72
9/2/2025 10:16:17 AM	0.00	7.73	0.00	4.84	0.00	0.00	0.00	0.15	12.57	72.44	8.03	17.11	0	7729	0	145	0	0	0	0	7874	132.14	24.93	13.62	42.21	21.73	44.20	18.76	1.79	23.98	23.73
9/2/2025 10:16:20 AM	0.00	8.78	0.00	4.81	0.00	0.00	0.00	0.14	13.59	72.51	8.08	16.74	0	8780	0	144	0	0	0	0	8924	132.26	25.37	14.29	46.02	22.36	47.60	19.05	1.79	23.98	23.80
9/2/2025 10:16:22 AM	0.00	9.70	0.00	4.62	0.00	0.00	0.00	0.14	14.31	72.36	8.11	16.40	0	9696	0	138	0	0	0	0	9834	131.99	24.98	14.86	49.06	22.53	49.80	18.90	1.79	23.95	23.81
9/2/2025 10:16:25 AM	0.00	9.12	0.00	4.45	0.00	0.00	0.00	0.14	13.57	72.27	8.17	16.24	0	9118	0	133	0	0	0	0	9252	131.83	23.95	13.79	46.20	21.66	47.78	18.10	1.80	23.97	23.78
9/2/2025 10:16:28 AM	0.00	9.27	0.47	3.98	0.00	0.00	0.00	0.12	13.72	72.39	8.19	15.28	0	9273	212	119	0	0	0	0	9604	132.03	23.67	13.53	46.37	21.59	46.78	18.25	1.80	23.94	23.80
9/2/2025 10:16:31 AM	0.00	8.69	0.14	3.92	0.00	0.00	0.00	0.18	12.76	72.09	8.26	14.94	0	8695	65	118	0	0	0	0	8878	131.49	22.08	12.70	43.65	20.80	44.70	17.18	1.81	23.88	23.78
9/2/2025 10:16:33 AM	0.00	6.77	0.00	3.85	0.00	0.00	0.00	0.20	10.62	72.30	8.31	14.56	0	6773	0	115	0	0	0	0	6888	131.88	19.92	10.99	35.98	18.97	38.43	16.07	1.81	23.88	23.81
9/2/2025 10:16:36 AM	0.00	5.91	0.00	3.54	0.00	0.00	0.00	0.25	9.45	71.92	8.35	14.70	0	5906	0	106	0	0	0	0	6012	131.18	18.06	10.31	32.35	18.04	34.28	15.35	1.82	23.84	23.80
9/2/2025 10:16:39 AM	0.00	4.89	0.00	3.19	0.00	0.00	0.00	0.27	8.08	72.04	8.41	14.93	0	4891	0	96	0	0	0	0	4987	131.40	16.27	8.67	27.52	16.63	30.11	13.88	1.82	23.86	23.83
9/2/2025 10:16:42 AM	0.00	3.87	0.01	2.66	0.00	0.00	0.00	0.30	6.54	71.68	8.47	14.86	0	3873	5	80	0	0	0	0	3957	130.76	13.69	7.36	22.78	14.85	24.71	12.19	1.83	23.79	23.83
9/2/2025 10:16:44 AM	0.00	4.13	0.65	1.87	0.00	0.00	0.00	0.30	6.66	71.49	8.51	14.73	0	4134	294	56	0	0	0	0	4484	130.40	12.64	7.13	22.60	14.74	23.29	11.98	1.83	23.78	23.85
9/2/2025 10:16:47 AM	0.00	3.31	0.18	2.24	0.00	0.00	0.00	0.32	5.72	71.28	8.56	15.60	0	3305	81	67	0	0	0	0	3454	130.03	12.03	6.37	19.77	14.00	21.74	11.51	1.84	23.78	23.83
9/2/2025 10:16:50 AM	0.00	2.91	0.13	2.15	0.00	0.00	0.00	0.34	5.19	71.29	8.60	15.26	0	2915	59	64	0	0	0	0	3039	130.04	11.17	6.25	18.15	13.56	20.03	11.14	1.84	23.76	23.86
9/2/2025 10:16:52 AM	0.00	3.57	0.57	1.84	0.00	0.00	0.00	0.28	5.98	71.29	8.65	14.58	0	3573	256	55	0	0	0	0	3883	130.03	11.85	6.66	20.38	13.70	21.23	11.28	1.85	23.75	23.89
9/2/2025 10:16:55 AM	0.00	3.23	0.38	1.99	0.00	0.00	0.00	0.30	5.60	71.20	8.75	13.24	0	3228	170	60	0	0	0	0	3458	129.87	11.48	6.32	19.16	13.58	20.69	11.29	1.86	23.68	23.86
9/2/2025 10:16:58 AM	0.00	2.91	0.37	1.83	0.00	0.00	0.00	0.32	5.11	71.08	8.92	12.89	0	2907	168	55	0	0	0	0	3130	129.65	10.75	5.76	17.58	13.14	19.15	10.75	1.87	23.68	23.88
9/2/2025 10:17:01 AM	0.00	2.75	0.67	1.41	0.00	0.00	0.00	0.32	4.83	70.93	9.07	12.80	0	2750	300	42	0	0	0	0	3092	129.38	9.84	5.36	16.33	12.70	17.38	10.37	1.89	23.64	23.89
9/2/2025 10:17:03 AM	0.00	2.11	0.22	1.77	0.00	0.00	0.00	0.35	4.10	70.85	9.18	12.99	0	2107	98	53	0	0	0	0	2258	129.23	9.48	5.12	14.35	12.32	16.23	10.06	1.90	23.61	23.86
9/2/2025 10:17:06 AM	0.00	2.07	0.21	1.69	0.00	0.00	0.00	0.35	3.97	70.70	9.35	13.03	0	2068	94	51	0	0	0	0	2213	128.97	9.16	4.82	13.95	12.09	15.93	9.77	1.92	23.58	23.88
9/2/2025 10:17:09 AM	0.00	2.09	0.68	1.17	0.00	0.00	0.00	0.34	3.94	70.62	9.52	12.80	0	2092	306	35	0	0	0	0	2433	128.81	8.47	4.45	13.29	11.73	14.52	9.57	1.93	23.54	23.93
9/2/2025 10:17:12 AM	0.00	2.13	0.55	1.16	0.00	0.00	0.00	0.34	3.84	70.58	9.69	12.70	0	2130	248	35	0	0	0	0	2413	128.73	8.11	4.37	13.25	11.50	14.60	9.16	1.95	23.49	23.91
9/2/2025 10:17:15 AM	0.00	2.32	0.80	0.97	0.00	0.00	0.00	0.34	4.10	70.32	9.83	12.82	0	2322	362	29	0	0	0	0	2714	128.27	8.30	4.30	13.75	11.84	14.80	9.46	1.96	23.47	23.89
9/2/2025 10:17:17 AM	0.00	1.78	0.57	1.06	0.00	0.00	0.00	0.35	3.41	70.42	9.96	12.58	0	1775	258	32	0	0	0	0	2065	128.46	7.65	3.98	11.76	11.15	13.09	8.84	1.98	23.41	23.85
9/2/2025 10:17:20 AM	0.00	1.76	0.53	1.07	0.00	0.00	0.00	0.37	3.36	70.59	10.00	12.53	0	1756	240	32	0	0	0	0	2028	128.76	7.50	4.03	11.67	11.23	13.03	8.86	1.98	23.40	23.85
9/2/2025 10:17:23 AM	0.00	1.72	0.26	1.38	0.00	0.00	0.00	0.38	3.36	70.37	10.04	12.90	0	1723	117	41	0	0	0	0	1882	128.35	7.82	4.10	11.92	11.45	13.90	9.03	1.98	23.34	23.94
9/2/2025 10:17:25 AM	0.00	1.88	0.64	1.05	0.00	0.00	0.00	0.35	3.57	70.40	10.10	12.79	0	1881	289	32	0	0	0	0	2202	128.41	7.77	4.13	12.18	11.37	13.45	9.13	1.99	23.28	23.78
9/2/2025 10:17:28 AM	0.00	1.70	0.41	1.17	0.00	0.00	0.00	0.37	3.28	70.58	10.21	12.82	0	1700	183	35	0	0	0	0	1918	128.75	7.48	4.02	11.56	11.23	13.14	8.80	2.00	23.25	23.85
9/2/2025 10:17:31 AM	0.00	1.77	0.69	0.89	0.00	0.00	0.00	0.34	3.34	70.85	10.30	12.70	0	1767	310	27	0	0	0	0	2104	129.23	7.13	3.96	11.44	10.84	12.53	8.68	2.01	23.22	23.88
9/2/2025 10:17:34 AM	0.00	1.59	0.34	1.20	0.00	0.00	0.00	0.37	3.13	71.00	10.37	12.75	0	1593	153	36	0	0	0	0	1782	129.50	7.35	3.87	11.14	11.00	12.85	8.58	2.02	23.19	23.85
9/2/2025 10:17:37 AM	0.00	1.64	0.20	1.31	0.00	0.00	0.00	0.39	3.15	71.00	10.47	12.75	0	1642	88	39	0	0	0	0	1769	129.51	7.39	3.89	11.38	11.14	13.38	8.58	2.03	23.12	23.81
9/2/2025 10:17:39 AM	0.00	1.81	0.75	0.80	0.00	0.00	0.00	0.35	3.36	70.94	10.52	12.86	0	1809	340	24	0	0	0	0	2173	129.39	7.16	3.94	11.50	10.92	12.35	8.60	2.03	23.10	23.81
9/2/2025 10:17:42 AM	0.00	1.20	0.21	1.15	0.00	0.00	0.00	0.39	2.56	71.10	10.64	12.86	0	1204	96	34	0	0	0	0	1334	129.68	6.53	3.52	9.47	10.50	11.31	8.02	2.04	23.07	23.83
9/2/2025 10:17:45 AM	0.00	1.29	0.41	1.02	0.00	0.00	0.00	0.38	2.72	71.20	10.76	12.48	0	1293	184	31	0	0	0	0	1508	129.87	6.57	3.45	9.65	10.53	11.35	8.24	2.05	23.01	23.80
9/2/2025 10:17:47 AM	0.00	1.39	0.53	0.86	0.00	0.00	0.00	0.37	2.79	71.28	10.85	12.35	0	1395	240	26	0	0	0	0	1661	130.02	6.60	3.69	9.94	10.46	10.96	7.99	2.06	22.97	23.83
9/2/2025 10:17:50 AM	0.00	1.26	0.37	0.98	0.00	0.00	0.00	0.38	2.62	71.32	10.90	12.41	0	1262	167	29	0	0	0	0	1458	130.10	6.24	3.38	9.39	10.39	11.15	8.07	2.07	22.94	23.81
9/2/2025 10:17:53 AM	0.00	1.66	0.65	0.72	0.00	0.00	0.00	0.38	3.02	71.23	10.93	12.55	0	1656	292	21	0	0	0	0	1970	129.92	6.62	3.79	10.70	10.70	11.39	8.01	2.07	22.87	23.77
9/2/2025 10:17:56 AM	0.00	1.79	0.82	0.64	0.00	0.00	0.00	0.36	3.26	71.27	10.97	12.71	0	1794	371	19	0	0	0	0	2184	130.01	6.61	3.72	11.07	10.84	11.92	8.50	2.08	22.83	23.85
9/2/2025 10:17:58 AM	0.00	1.75	0.89	0.58	0.00	0.00	0.00	0.36	3.22	71.21	11.02	13.10	0	1746	402	17	0	0	0	0	2166	129.88	6.63	3.54	10.81	10.74	11.60	8.42	2.08	22.80	23.78
9/2/2025 10:18:01 AM	0.00	1.53	0.66	0.79	0.00	0.00	0.00	0.37	2.98	71.19	11.06	13.25	0	1525	299	24	0	0	0	0	1848	129.85	6.59	3.56	10.27	10.66	11.47	8.38	2.08	22.78	23.78
9/2/2025 10:18:04 AM	0.00	1.38	0.51	0.94	0.00	0.00	0.00	0.37	2.83	71.29	11.14	12.73	0	1384	230	28	0	0	0	0	1643	130.04	6.58	3.58	9.93	10.53	11.39	8.30	2.09	22.70	23.78
9/2/2025 10:18:07 AM	0.00	1.49	0.57	0.85	0.00	0.00	0.00	0.38	2.91	71.11	11.21	12.55	0	1489	258	25	0	0	0	0	1773	129.70	6.52	3.27	10.06	10.66	11.65	8.31	2.10	22.67	23.69
9/2/2025 10:18:09 AM	0.00	1.47	0.51	0.84	0.00	0.00	0.00	0.38	2.82	71.17	11.27	12.61	0	1468	231	25	0	0	0	0	1724	129.82	6.35	3.40	9.97	10.49	11.39	8.03	2.10	22.63	23.80
9/2/2025 10:18:12 AM	0.00	1.43	0.58	0.82	0.00	0.00	0.00	0.37	2.83	71.16	11.33	12.64	0	1432	262	25	0	0	0	0	1718	129.80	6.32	3.52	9.89	10.53	11.23	8.26	2.11	22.57	23.77
9/2/2025 10:18:15 AM	0.00	1.27	0.52	0.89	0.00	0.00	0.00	0.37	2.68	71.09	11.40	12.69	0	1272	232	27	0	0	0	0	1531	129.68	6.40	3.18	9.33	10.39	10.98	8.13	2.12	22.52	23.70
9/2/2025 10:18:18 AM	0.00	1.31	0.43	0.95	0.00	0.00	0.00	0.39	2.69	71.11	11.47	12.69	0	1313	192	28	0	0	0	0	1533	129.71	6.36	3.41	9.57	10.53	11.22	8.16	2.12	22.48	23.70
9/2/2025 10:18:20 AM	0.00	1.22	0.34	1.04	0.00	0.00	0.00	0.40	2.59	70.89	11.55	12.62	0	1215	152	31	0	0	0	0	1398	129.30	6.33	3.29	9.28	10.59	11.24	8.23	2.13	22.45	23.73
9/2/2025 10:18:23 AM	0.00	1.60	0.78	0.61	0.00	0.00	0.00	0.37	2.98	71.04	11.60	12.45	0	1597	349	18	0	0	0	0	1964	129.57	6.31	3.30	10.17	10.61	11.25	8.21	2.14	22.40	23.69
9/2/2025 10:18:26 AM	0.00	1.33	0.55	0.88	0.00	0.00	0.00	0.38	2.76	71.17	11.62	12.47	0	1333	247	26	0	0	0	0	1606	129.82	6.52	3.33	9.61	10.65	11.13	8.31	2.14	22.36	23.67
9/2/2025 10:18:28 AM	0.00	1.52	0.72	0.65	0.00	0.00	0.00	0.37	2.90	71.03	11.63	12.62	0	1522	325	20	0	0	0	0	1867	129.56	6.34	3.36	9.99	10.54	11.03	8.11	2.14	22.32	23.70
9/2/2025 10:18:32 AM	0.00	1.41	0.60	0.73	0.00	0.00	0.00	0.39	2.73	70.99	11.68	12.93	0	1405	271	22	0	0	0	0	1698	129.50	6.13	3.24	9.56	10.48	10.90	8.03	2.14	22.26	23.59
9/2/2025 10:18:34 AM	0.00	1.28	0.63	0.76	0.00	0.00	0.00	0.38	2.67	71.17	11.72	12.96	0	1276	286	23	0	0	0	0	1584	129.83	6.18	3.12	9.17	10.49	10.70	8.27	2.15	22.20	23.64
9/2/2025 10:18:37 AM	0.00	1.45	0.70	0.64	0.00	0.00	0.00	0.38	2.79	71.15	11.78	12.56	0	1451	316	19	0	0	0	0	1787	129.77	6.09	2.95	9.52	10.53	10.99	8.12	2.15	22.16	23.60
9/2/2025 10:18:40 AM	0.00	1.44	0.62	0.71	0.00	0.00	0.00	0.38	2.77	70.99	11.83	12.38	0	1436	278	21	0	0	0	0	1736	129.48	6.12	3.14	9.61	10.47	11.03	8.04	2.16	22.12	23.57
9/2/2025 10:18:42 AM	0.00	1.79	0.85	0.46	0.00	0.00	0.00	0.38	3.10	70.94	11.89	12.35	0	1794	384	14	0	0	0	0	2191	129.39	6.13	3.19	10.56	10.63	11.48	8.02	2.16	22.08	23.56
9/2/2025 10:18:45 AM	0.00	1.34	0.56	0.71	0.00	0.00	0.00	0.39	2.61	71.12	11.91	12.31	0	1339	252	21	0	0	0	0	1612	129.72	5.97	2.95	9.17	10.34	10.71	7.83	2.17	22.01	23.56
9/2/2025 10:18:48 AM	0.00	1.63	0.83	0.51	0.00	0.00	0.00	0.38	2.97	71.01	11.94	12.42	0	1627	375	15	0	0	0	0	2017	129.53	6.08	3.04	10.02	10.64	11.21	8.20	2.17	21.98	23.49
9/2/2025 10:18:51 AM	0.00	1.68	0.91	0.46	0.00	0.00	0.00	0.37	3.06	70.94	11.99	12.55	0	1684	410	14	0	0	0	0	2108	129.39	6.14	3.03	10.18	10.57	11.28	8.22	2.17	21.95	23.51
9/2/2025 10:18:53 AM	0.00	1.49	0.76	0.58	0.00	0.00	0.00	0.38	2.83	71.04	12.08	12.54	0	1490	341	17	0	0	0	0	1849	129.57	6.08	2.97	9.61	10.52	10.92	8.09	2.18	21.92	23.48
9/2/2025 10:18:56 AM	0.00	1.42	0.69	0.60	0.00	0.00	0.00	0.39	2.71	70.93	12.19	12.47	0	1422	310	18	0	0	0	0	1750	129.37	5.96	2.84	9.32	10.44	10.76	7.95	2.19	21.89	23.51
9/2/2025 10:18:59 AM	0.00	1.51	0.94	0.39	0.00	0.00	0.00	0.37	2.84	71.00	12.26	12.31	0	1506	423	12	0	0	0	0	1941	129.50	5.93	2.79	9.41	10.36	10.45	8.01	2.20	21.82	23.44
9/2/2025 10:19:02 AM	0.00	1.33	0.67	0.67	0.00	0.00	0.00	0.39	2.67	71.11	12.39	12.30	0	1327	303	20	0	0	0	0	1650	129.72	6.08	2.85	9.11	10.46	10.67	8.09	2.21	21.77	23.44
9/2/2025 10:19:04 AM	0.00	1.49	0.86	0.50	0.00	0.00	0.00	0.39	2.85	71.26	12.53	12.27	0	1490	387	15	0	0	0	0	1892	129.99	6.12	2.90	9.54	10.67	10.73	8.23	2.23	21.75	23.48
9/2/2025 10:19:07 AM	0.00	1.39	0.73	0.54	0.00	0.00	0.00	0.40	2.66	71.13	12.64	12.11	0	1389	327	16	0	0	0	0	1732	129.75	5.76	2.81	9.09	10.48	10.47	7.97	2.24	21.70	23.36
9/2/2025 10:19:10 AM	0.00	1.26	0.63	0.69	0.00	0.00	0.00	0.40	2.58	71.15	12.74	12.15	0	1263	282	21	0	0	0	0	1566	129.78	5.94	2.83	8.87	10.48	10.53	8.09	2.25	21.67	23.36
9/2/2025 10:19:13 AM	0.00	1.43	0.77	0.54	0.00	0.00	0.00	0.40	2.75	70.94	12.91	12.29	0	1432	347	16	0	0	0	0	1796	129.41	5.98	2.87	9.32	10.65	10.63	8.12	2.26	21.62	23.40
9/2/2025 10:19:15 AM	0.00	1.38	0.79	0.46	0.00	0.00	0.00	0.39	2.63	70.79	13.05	12.13	0	1385	354	14	0	0	0	0	1753	129.12	5.57	2.65	8.90	10.30	10.29	7.87	2.28	21.56	23.33
9/2/2025 10:19:18 AM	0.00	1.48	0.91	0.39	0.00	0.00	0.00	0.39	2.78	70.90	13.14	12.04	0	1481	408	12	0	0	0	0	1901	129.33	5.72	2.73	9.24	10.48	10.45	8.10	2.29	21.53	23.32
9/2/2025 10:19:20 AM	0.00	1.60	1.01	0.34	0.00	0.00	0.00	0.39	2.95	70.87	13.26	12.09	0	1602	456	10	0	0	0	0	2068	129.27	5.98	2.90	9.72	10.73	10.62	8.26	2.30	21.51	23.28
9/2/2025 10:19:23 AM	0.00	1.31	0.85	0.49	0.00	0.00	0.00	0.39	2.64	70.88	13.37	12.07	0	1305	384	15	0	0	0	0	1704	129.29	5.67	2.65	8.72	10.40	10.22	8.23	2.31	21.48	23.30
9/2/2025 10:19:26 AM	0.00	1.24	0.69	0.68	0.00	0.00	0.00	0.41	2.61	70.91	13.52	12.05	0	1239	311	20	0	0	0	0	1570	129.35	5.89	2.82	8.78	10.73	10.54	8.46	2.32	21.41	23.25
9/2/2025 10:19:29 AM	0.00	1.32	0.76	0.62	0.00	0.00	0.00	0.40	2.70	70.90	13.68	12.04	0	1319	341	19	0	0	0	0	1678	129.32	5.99	2.85	9.03	10.72	10.61	8.43	2.34	21.38	23.27
9/2/2025 10:19:31 AM	0.00	1.40	0.84	0.53	0.00	0.00	0.00	0.39	2.76	70.85	13.77	12.05	0	1397	378	16	0	0	0	0	1791	129.23	5.87	2.80	9.16	10.62	10.62	8.37	2.35	21.34	23.27
9/2/2025 10:19:34 AM	0.00	1.30	0.85	0.63	0.00	0.00	0.00	0.39	2.77	70.90	13.89	12.06	0	1301	381	19	0	0	0	0	1701	129.33	6.15	2.89	9.06	10.74	10.63	8.69	2.36	21.31	23.22
9/2/2025 10:19:37 AM	0.00	1.35	0.77	0.66	0.00	0.00	0.00	0.39	2.78	70.89	13.94	12.06	0	1351	344	20	0	0	0	0	1715	129.30	6.06	2.94	9.23	10.72	10.88	8.58	2.37	21.27	23.19
9/2/2025 10:19:40 AM	0.00	1.44	0.84	0.57	0.00	0.00	0.00	0.39	2.85	70.70	14.02	12.13	0	1435	377	17	0	0	0	0	1830	128.97	6.05	2.94	9.42	10.74	10.88	8.52	2.37	21.22	23.17
9/2/2025 10:19:43 AM	0.00	1.48	0.83	0.58	0.00	0.00	0.00	0.40	2.89	70.79	14.12	12.12	0	1481	374	17	0	0	0	0	1872	129.12	6.13	2.99	9.61	10.93	11.05	8.61	2.38	21.19	23.17
9/2/2025 10:19:45 AM	0.01	1.29	0.80	0.56	0.00	0.00	0.00	0.40	2.67	70.78	14.17	12.17	7	1293	359	17	0	0	0	0	1676	129.10	5.78	2.82	8.84	10.70	10.39	8.48	2.39	21.15	23.17
9/2/2025 10:19:48 AM	0.00	1.23	0.66	0.73	0.00	0.00	0.00	0.41	2.61	70.69	14.27	12.28	0	1225	296	22	0	0	0	0	1544	128.94	6.05	2.91	8.86	10.78	10.58	8.47	2.40	21.10	23.15
9/2/2025 10:19:51 AM	0.00	1.29	0.79	0.68	0.00	0.00	0.00	0.40	2.76	70.67	14.40	12.21	0	1294	357	20	0	0	0	0	1671	128.90	6.15	3.03	9.12	10.87	10.71	8.77	2.41	21.06	23.11
9/2/2025 10:19:54 AM	0.00	1.62	1.02	0.40	0.00	0.00	0.00	0.39	3.04	69.87	14.53	12.03	0	1621	459	12	0	0	0	0	2092	127.45	6.08	2.93	9.89	10.89	11.04	8.62	2.42	21.03	23.09
9/2/2025 10:19:57 AM	0.00	1.62	0.94	0.51	0.00	0.00	0.00	0.39	3.06	69.61	14.54	12.01	0	1615	424	15	0	0	0	0	2054	126.97	6.26	2.98	10.02	11.02	11.34	8.71	2.42	20.99	23.06
9/2/2025 10:19:59 AM	0.00	1.49	0.91	0.53	0.00	0.00	0.00	0.40	2.94	69.89	14.61	12.10	0	1494	410	16	0	0	0	0	1920	127.49	6.18	2.91	9.61	11.03	11.00	8.72	2.43	20.95	23.06
9/2/2025 10:20:02 AM	0.00	1.82	1.27	0.24	0.00	0.00	0.00	0.37	3.33	69.85	14.73	12.09	0	1823	571	7	0	0	0	0	2401	127.42	6.24	3.08	10.53	11.06	11.26	8.91	2.44	20.90	23.03
9/2/2025 10:20:05 AM	0.00	1.45	1.02	0.46	0.00	0.00	0.00	0.39	2.93	69.11	14.84	12.05	0	1451	460	14	0	0	0	0	1924	126.06	6.21	2.84	9.41	11.00	10.69	8.82	2.45	20.90	23.01
9/2/2025 10:20:08 AM	0.00	1.51	0.95	0.47	0.00	0.00	0.00	0.39	2.93	69.00	14.93	12.02	0	1513	426	14	0	0	0	0	1953	125.85	6.23	2.87	9.61	10.94	10.81	8.53	2.46	20.84	23.01
9/2/2025 10:20:10 AM	0.00	1.60	1.10	0.34	0.00	0.00	0.00	0.40	3.04	68.88	15.01	12.05	0	1600	494	10	0	0	0	0	2104	125.65	6.17	2.79	9.75	11.15	10.84	8.75	2.47	20.82	23.01
9/2/2025 10:20:13 AM	0.00	1.61	1.06	0.37	0.00	0.00	0.00	0.39	3.05	68.88	15.09	12.09	0	1611	479	11	0	0	0	0	2100	125.65	6.17	2.89	9.84	10.98	10.90	8.65	2.48	20.79	22.90
9/2/2025 10:20:15 AM	0.00	1.54	0.98	0.43	0.00	0.00	0.00	0.40	2.96	68.86	15.12	12.10	0	1545	442	13	0	0	0	0	2000	125.60	6.18	2.88	9.67	11.06	10.81	8.61	2.48	20.76	22.93
9/2/2025 10:20:18 AM	0.00	1.45	0.95	0.46	0.00	0.00	0.00	0.40	2.86	68.87	15.17	12.14	0	1449	429	14	0	0	0	0	1892	125.63	6.04	2.77	9.31	10.91	10.66	8.61	2.49	20.72	22.96
9/2/2025 10:20:21 AM	0.00	1.69	0.99	0.36	0.00	0.00	0.00	0.40	3.04	68.68	15.31	12.19	0	1687	445	11	0	0	0	0	2143	125.28	6.05	2.84	10.01	11.03	11.11	8.44	2.50	20.67	22.87
9/2/2025 10:20:24 AM	0.00	1.51	0.90	0.44	0.00	0.00	0.00	0.41	2.85	68.74	15.44	12.10	0	1515	404	13	0	0	0	0	1932	125.40	5.92	2.82	9.47	10.90	10.72	8.38	2.51	20.65	22.85
9/2/2025 10:20:27 AM	0.00	1.50	1.01	0.45	0.00	0.00	0.00	0.40	2.96	68.52	15.60	11.97	0	1504	453	13	0	0	0	0	1970	124.99	6.28	2.82	9.57	11.16	10.80	8.77	2.53	20.61	22.83
9/2/2025 10:20:29 AM	0.00	1.47	0.94	0.47	0.00	0.00	0.00	0.41	2.88	68.69	15.72	11.98	0	1468	422	14	0	0	0	0	1904	125.29	6.14	2.82	9.42	11.13	10.71	8.66	2.54	20.56	22.80
9/2/2025 10:20:32 AM	0.00	1.52	1.04	0.39	0.00	0.00	0.00	0.39	2.96	68.64	15.85	12.01	0	1520	469	12	0	0	0	0	2001	125.20	6.09	2.73	9.49	10.96	10.74	8.67	2.55	20.54	22.87
9/2/2025 10:20:35 AM	0.00	1.70	1.05	0.36	0.00	0.00	0.00	0.39	3.11	68.66	15.92	11.95	0	1702	471	11	0	0	0	0	2184	125.24	6.15	2.80	10.08	11.01	11.25	8.60	2.56	20.49	22.75
9/2/2025 10:20:37 AM	0.00	1.54	0.97	0.41	0.00	0.00	0.00	0.41	2.93	68.61	16.02	11.94	0	1545	437	12	0	0	0	0	1994	125.15	6.07	2.83	9.60	11.06	10.76	8.55	2.57	20.46	22.72
9/2/2025 10:20:40 AM	0.00	1.67	1.15	0.34	0.00	0.00	0.00	0.41	3.16	68.64	16.07	11.93	0	1672	518	10	0	0	0	0	2201	125.21	6.36	2.84	10.05	11.48	11.12	9.03	2.57	20.44	22.77
9/2/2025 10:20:43 AM	0.00	1.50	1.02	0.46	0.00	0.00	0.00	0.41	2.99	68.52	16.12	12.01	0	1500	461	14	0	0	0	0	1975	124.99	6.23	2.83	9.56	11.22	10.92	8.96	2.58	20.39	22.69
9/2/2025 10:20:45 AM	0.00	1.72	1.13	0.29	0.00	0.00	0.00	0.40	3.14	68.36	16.18	12.06	0	1721	510	9	0	0	0	0	2239	124.69	6.17	2.91	10.13	11.23	11.02	8.72	2.59	20.38	22.72
9/2/2025 10:20:48 AM	0.00	1.39	0.80	0.55	0.00	0.00	0.00	0.42	2.74	68.58	16.24	12.05	0	1393	359	16	0	0	0	0	1768	125.10	6.03	2.75	9.17	10.96	10.64	8.40	2.59	20.35	22.69
9/2/2025 10:20:51 AM	0.00	1.47	0.99	0.29	0.00	0.00	0.00	0.41	2.74	69.23	16.36	12.01	0	1467	445	9	0	0	0	0	1920	126.28	5.70	2.59	9.04	10.73	10.08	8.10	2.60	20.32	22.66
9/2/2025 10:20:54 AM	0.00	1.40	0.85	0.38	0.00	0.00	0.00	0.42	2.63	69.34	16.44	11.95	0	1402	381	11	0	0	0	0	1794	126.49	5.64	2.55	8.86	10.72	10.10	7.97	2.61	20.28	22.62
9/2/2025 10:20:56 AM	0.00	1.27	0.93	0.38	0.00	0.00	0.00	0.41	2.58	69.31	16.50	11.95	0	1268	419	11	0	0	0	0	1698	126.42	5.73	2.56	8.48	10.71	9.68	8.21	2.62	20.25	22.59
9/2/2025 10:20:59 AM	0.00	1.37	0.89	0.43	0.00	0.00	0.00	0.41	2.69	69.23	16.59	11.98	0	1368	401	13	0	0	0	0	1782	126.28	5.81	2.61	8.88	10.77	10.21	8.27	2.63	20.22	22.61
9/2/2025 10:21:02 AM	0.00	1.39	0.88	0.36	0.00	0.00	0.00	0.41	2.63	69.07	16.74	12.01	0	1394	396	11	0	0	0	0	1801	125.99	5.72	2.60	8.86	10.60	9.94	7.88	2.64	20.21	22.56
9/2/2025 10:21:05 AM	0.00	1.28	0.80	0.43	0.00	0.00	0.00	0.42	2.52	69.17	16.83	12.06	0	1280	361	13	0	0	0	0	1654	126.18	5.65	2.58	8.53	10.64	9.80	7.96	2.65	20.15	22.54
9/2/2025 10:21:08 AM	0.00	1.36	0.92	0.35	0.00	0.00	0.00	0.42	2.63	69.21	16.91	12.09	0	1359	415	11	0	0	0	0	1784	126.25	5.76	2.62	8.77	10.76	9.84	8.09	2.66	20.14	22.58
9/2/2025 10:21:10 AM	0.00	1.23	0.85	0.41	0.00	0.00	0.00	0.41	2.50	69.06	17.02	12.06	0	1233	384	12	0	0	0	0	1629	125.97	5.66	2.49	8.34	10.57	9.62	7.99	2.67	20.10	22.53
9/2/2025 10:21:13 AM	0.00	1.35	0.82	0.41	0.00	0.00	0.00	0.43	2.58	68.95	17.10	12.02	0	1352	367	12	0	0	0	0	1732	125.76	5.78	2.55	8.77	10.78	9.97	7.92	2.68	20.12	22.53
9/2/2025 10:21:16 AM	0.00	1.32	0.83	0.36	0.00	0.00	0.00	0.43	2.52	68.82	17.19	12.01	0	1323	375	11	0	0	0	0	1709	125.53	5.63	2.51	8.57	10.74	9.71	7.85	2.68	20.04	22.42
9/2/2025 10:21:19 AM	0.00	1.43	0.93	0.32	0.00	0.00	0.00	0.41	2.68	68.99	17.31	11.97	0	1431	419	10	0	0	0	0	1859	125.85	5.79	2.61	8.98	10.74	9.97	7.97	2.70	20.00	22.45
9/2/2025 10:21:21 AM	0.00	1.44	1.03	0.20	0.00	0.00	0.00	0.41	2.67	69.23	17.42	11.92	0	1439	464	6	0	0	0	0	1909	126.28	5.60	2.38	8.77	10.66	9.76	7.95	2.71	19.99	22.45
9/2/2025 10:21:24 AM	0.00	1.29	0.85	0.29	0.00	0.00	0.00	0.42	2.43	69.24	17.57	11.92	0	1294	383	9	0	0	0	0	1686	126.30	5.33	2.39	8.29	10.35	9.39	7.56	2.72	19.98	22.48
9/2/2025 10:21:27 AM	0.00	1.25	0.69	0.39	0.00	0.00	0.00	0.42	2.32	69.64	17.65	11.94	0	1246	309	12	0	0	0	0	1566	127.04	5.35	2.46	8.23	10.18	9.36	7.23	2.73	19.96	22.45
9/2/2025 10:21:30 AM	0.00	1.31	0.85	0.23	0.00	0.00	0.00	0.43	2.40	69.63	17.76	11.93	0	1311	384	7	0	0	0	0	1702	127.02	5.23	2.35	8.24	10.37	9.22	7.40	2.74	19.90	22.34
9/2/2025 10:21:32 AM	0.00	1.45	0.84	0.22	0.00	0.00	0.00	0.42	2.52	69.77	17.86	11.92	0	1451	379	7	0	0	0	0	1837	127.26	5.32	2.51	8.76	10.33	9.56	7.27	2.75	19.89	22.25
9/2/2025 10:21:35 AM	0.00	1.24	0.86	0.28	0.00	0.00	0.00	0.41	2.38	69.68	17.96	11.93	0	1242	387	8	0	0	0	0	1637	127.10	5.33	2.32	8.08	10.21	9.15	7.45	2.76	19.84	22.30
9/2/2025 10:21:38 AM	0.00	1.24	0.82	0.25	0.00	0.00	0.00	0.43	2.31	69.73	18.04	11.92	0	1241	369	7	0	0	0	0	1617	127.20	5.04	2.25	7.94	10.29	9.11	7.41	2.77	19.83	22.30
9/2/2025 10:21:40 AM	0.00	1.26	0.89	0.27	0.00	0.00	0.00	0.43	2.42	69.71	18.12	11.94	0	1256	402	8	0	0	0	0	1666	127.15	5.30	2.36	8.14	10.52	9.28	7.77	2.78	19.81	22.29
9/2/2025 10:21:43 AM	0.00	1.31	0.84	0.24	0.00	0.00	0.00	0.44	2.40	69.63	18.18	11.95	0	1309	379	7	0	0	0	0	1695	127.01	5.15	2.33	8.22	10.49	9.32	7.54	2.78	19.80	22.21
9/2/2025 10:21:46 AM	0.00	1.26	0.82	0.33	0.00	0.00	0.00	0.45	2.41	69.48	18.31	11.91	0	1258	370	10	0	0	0	0	1638	126.74	5.35	2.31	8.17	10.76	9.50	7.85	2.79	19.73	22.19
9/2/2025 10:21:49 AM	0.00	1.23	1.07	0.23	0.00	0.00	0.00	0.41	2.54	68.96	18.44	11.86	0	1233	483	7	0	0	0	0	1723	125.79	5.48	2.27	8.09	10.60	9.29	8.23	2.81	19.72	22.22
9/2/2025 10:21:52 AM	0.00	1.19	1.07	0.30	0.00	0.00	0.00	0.42	2.56	68.21	18.50	11.84	0	1191	484	9	0	0	0	0	1683	124.42	5.74	2.51	8.17	10.87	9.24	8.48	2.81	19.69	22.19
9/2/2025 10:21:54 AM	0.00	1.27	1.18	0.31	0.00	0.00	0.00	0.42	2.76	67.57	18.58	11.87	0	1274	531	9	0	0	0	0	1814	123.25	6.11	2.56	8.59	11.32	9.70	9.00	2.82	19.70	22.24
9/2/2025 10:21:57 AM	0.00	1.35	1.35	0.26	0.00	0.00	0.00	0.42	2.96	66.97	18.66	11.87	0	1351	606	8	0	0	0	0	1965	122.17	6.37	2.62	8.92	11.67	9.95	9.51	2.83	19.63	22.17
9/2/2025 10:22:00 AM	0.00	1.39	1.48	0.26	0.00	0.00	0.00	0.41	3.12	66.24	18.74	11.94	0	1385	664	8	0	0	0	0	2057	120.84	6.59	2.75	9.17	11.90	10.17	10.01	2.84	19.64	22.11
9/2/2025 10:22:02 AM	0.00	1.43	1.62	0.24	0.00	0.00	0.00	0.43	3.30	65.45	18.84	11.91	0	1429	731	7	0	0	0	0	2168	119.40	6.92	2.81	9.42	12.50	10.41	10.67	2.85	19.61	22.13
9/2/2025 10:22:05 AM	0.00	1.51	1.88	0.31	0.00	0.00	0.00	0.43	3.69	64.24	18.92	11.88	0	1506	844	9	0	0	0	0	2360	117.17	7.73	2.98	10.07	13.38	11.18	11.94	2.85	19.58	22.05
9/2/2025 10:22:07 AM	0.00	1.80	2.45	0.12	0.00	0.00	0.00	0.45	4.37	61.59	19.01	11.86	0	1798	1101	4	0	0	0	0	2902	112.35	8.67	3.28	11.30	14.87	11.99	13.72	2.86	19.56	22.01
9/2/2025 10:22:10 AM	0.00	1.80	2.70	0.11	0.00	0.00	0.00	0.46	4.61	61.21	19.09	11.85	0	1799	1213	3	0	0	0	0	3015	111.66	9.20	3.29	11.50	15.61	12.24	14.75	2.87	19.55	22.05
9/2/2025 10:22:13 AM	0.00	1.73	2.72	0.16	0.00	0.00	0.00	0.46	4.62	61.31	19.15	11.85	0	1732	1225	5	0	0	0	0	2962	111.83	9.31	3.17	11.32	15.68	12.34	15.04	2.88	19.50	22.11
9/2/2025 10:22:16 AM	0.00	1.83	3.09	0.09	0.00	0.00	0.00	0.48	5.01	60.12	19.26	11.85	0	1830	1391	3	0	0	0	0	3223	109.67	10.01	3.34	11.90	16.82	12.77	16.43	2.89	19.47	22.00
9/2/2025 10:22:19 AM	0.00	2.10	3.64	0.02	0.00	0.00	0.00	0.45	5.76	56.77	19.32	11.84	0	2102	1638	1	0	0	0	0	3741	103.56	11.06	3.64	13.21	17.81	13.93	18.22	2.89	19.46	22.01
9/2/2025 10:22:21 AM	0.00	1.97	3.83	0.01	0.00	0.00	0.00	0.48	5.81	56.59	19.39	11.84	0	1971	1723	0	0	0	0	0	3694	103.23	11.44	3.55	12.89	18.49	13.66	19.05	2.90	19.45	22.00
9/2/2025 10:22:24 AM	0.00	2.16	4.25	0.00	0.00	0.00	0.00	0.46	6.41	55.14	19.47	11.84	0	2164	1911	0	0	0	0	0	4075	100.60	12.32	4.00	14.11	19.44	14.51	20.68	2.91	19.45	21.97
9/2/2025 10:22:27 AM	0.04	2.16	4.56	0.00	0.00	0.00	0.00	0.48	6.77	54.32	19.60	11.78	23	2160	2053	0	0	0	0	0	4236	99.09	13.02	4.00	14.43	20.58	14.89	22.25	2.92	19.39	21.95
9/2/2025 10:22:30 AM	0.02	2.27	4.71	0.00	0.00	0.00	0.00	0.50	7.00	53.81	19.69	11.74	9	2267	2120	0	0	0	0	0	4396	98.16	13.44	4.17	15.04	21.23	15.28	22.91	2.93	19.39	21.93
9/2/2025 10:22:33 AM	0.00	2.21	4.58	0.00	0.00	0.00	0.00	0.49	6.79	53.97	19.78	11.70	0	2210	2062	0	0	0	0	0	4272	98.46	13.19	3.98	14.55	20.77	15.10	22.24	2.94	19.38	21.92
9/2/2025 10:22:35 AM	0.03	2.20	4.71	0.00	0.00	0.00	0.00	0.49	6.93	54.02	19.87	11.68	13	2200	2118	0	0	0	0	0	4331	98.55	13.39	3.95	14.67	21.12	15.22	22.87	2.95	19.35	21.87
9/2/2025 10:22:38 AM	0.00	2.21	4.55	0.00	0.00	0.00	0.00	0.50	6.76	53.90	19.96	11.64	0	2211	2047	0	0	0	0	0	4258	98.33	13.13	3.97	14.70	20.84	14.90	22.20	2.96	19.32	21.92
9/2/2025 10:22:41 AM	0.04	2.10	3.79	0.00	0.00	0.00	0.00	0.48	5.92	54.10	20.08	11.61	20	2095	1706	0	0	0	0	0	3821	98.70	11.32	3.75	13.58	18.67	13.78	19.16	2.97	19.30	21.87
9/2/2025 10:22:43 AM	0.10	1.89	2.90	0.00	0.00	0.00	0.00	0.45	4.88	54.36	20.17	11.53	52	1885	1305	0	0	0	0	0	3242	99.17	9.20	3.25	11.88	15.87	12.37	15.47	2.98	19.29	21.81
9/2/2025 10:22:46 AM	0.13	1.72	2.26	0.00	0.00	0.00	0.00	0.45	4.11	54.68	20.27	11.27	71	1718	1018	0	0	0	0	0	2807	99.75	7.76	2.85	10.70	14.34	11.24	13.05	2.99	19.25	21.82
9/2/2025 10:22:49 AM	0.17	1.59	1.84	0.00	0.00	0.00	0.00	0.50	3.60	58.16	20.37	11.01	88	1593	826	0	0	0	0	0	2507	106.09	6.88	2.58	9.90	13.90	10.45	11.74	3.00	19.23	21.72
9/2/2025 10:22:51 AM	0.04	1.62	1.77	0.00	0.00	0.00	0.00	0.58	3.42	59.51	20.40	10.91	19	1618	795	0	0	0	0	0	2432	108.55	6.83	2.60	9.71	14.56	10.56	11.61	3.00	19.25	21.77
9/2/2025 10:22:55 AM	0.13	1.52	1.49	0.13	0.00	0.00	0.00	0.70	3.27	63.47	20.53	10.99	71	1522	668	4	0	0	0	0	2265	115.77	6.85	2.72	9.54	15.92	10.57	12.09	3.01	19.18	21.72
9/2/2025 10:22:57 AM	0.16	1.47	1.39	0.15	0.00	0.00	0.00	0.78	3.18	65.60	20.63	10.99	87	1475	625	5	0	0	0	0	2191	119.67	6.86	2.73	9.39	16.91	10.45	12.44	3.02	19.17	21.76
9/2/2025 10:23:00 AM	0.08	1.57	1.52	0.00	0.00	0.00	0.00	0.82	3.17	65.58	20.72	10.95	40	1568	684	0	0	0	0	0	2292	119.63	6.79	2.63	9.45	17.24	10.30	12.38	3.03	19.14	21.71
9/2/2025 10:23:03 AM	0.09	1.49	1.45	0.12	0.00	0.00	0.00	0.84	3.16	66.04	20.82	10.89	50	1495	652	4	0	0	0	0	2200	120.46	7.00	2.71	9.41	17.67	10.46	12.76	3.04	19.12	21.69
9/2/2025 10:23:05 AM	0.11	1.47	1.37	0.18	0.00	0.00	0.00	0.85	3.13	66.38	20.95	10.76	60	1467	616	5	0	0	0	0	2149	121.08	7.01	2.73	9.38	17.80	10.51	12.79	3.05	19.12	21.71
9/2/2025 10:23:08 AM	0.15	1.41	1.32	0.25	0.00	0.00	0.00	0.92	3.13	66.52	21.09	10.52	81	1411	592	7	0	0	0	0	2091	121.34	7.24	2.83	9.36	18.89	10.59	13.47	3.07	19.08	21.55
9/2/2025 10:23:11 AM	0.23	1.40	1.27	0.34	0.00	0.00	0.00	0.94	3.25	66.73	21.22	10.24	124	1402	573	10	0	0	0	0	2110	121.72	7.51	2.94	9.58	19.42	10.94	14.04	3.08	19.08	21.58
9/2/2025 10:23:14 AM	0.09	1.49	1.42	0.26	0.00	0.00	0.00	0.94	3.26	66.83	21.30	10.01	49	1488	639	8	0	0	0	0	2184	121.91	7.56	2.89	9.71	19.33	10.98	13.87	3.09	19.05	21.60
9/2/2025 10:23:16 AM	0.25	1.39	1.36	0.31	0.00	0.00	0.00	0.94	3.32	66.77	21.42	9.99	131	1394	613	9	0	0	0	0	2148	121.79	7.63	2.82	9.55	19.59	10.98	14.33	3.10	19.03	21.53
9/2/2025 10:23:19 AM	0.06	1.49	1.53	0.34	0.00	0.00	0.00	0.97	3.43	66.72	21.57	10.01	33	1486	690	10	0	0	0	0	2219	121.71	8.10	3.06	9.99	20.15	11.38	14.75	3.11	19.00	21.60
9/2/2025 10:23:22 AM	0.01	1.48	1.31	0.48	0.00	0.00	0.00	0.99	3.28	66.75	21.69	9.95	5	1476	590	14	0	0	0	0	2086	121.76	8.04	3.14	10.02	20.10	11.60	14.36	3.13	18.98	21.55
9/2/2025 10:23:25 AM	0.00	1.56	1.55	0.40	0.00	0.00	0.00	1.00	3.52	66.78	21.83	9.90	0	1564	697	12	0	0	0	0	2273	121.80	8.41	3.28	10.42	20.71	11.79	15.08	3.14	18.97	21.53
9/2/2025 10:23:28 AM	0.07	1.54	1.53	0.31	0.00	0.00	0.00	1.02	3.44	66.64	21.99	9.88	38	1536	687	9	0	0	0	0	2270	121.55	8.14	3.05	10.12	20.83	11.47	15.00	3.16	18.94	21.53
9/2/2025 10:23:30 AM	0.03	1.45	1.44	0.43	0.00	0.00	0.00	1.03	3.35	66.67	22.05	9.90	19	1447	647	13	0	0	0	0	2125	121.61	8.23	3.10	9.95	20.82	11.49	15.00	3.16	18.91	21.45
9/2/2025 10:23:33 AM	0.00	1.52	1.44	0.38	0.00	0.00	0.00	1.04	3.33	66.79	22.08	9.97	0	1520	646	11	0	0	0	0	2177	121.84	8.13	3.14	10.10	20.77	11.49	14.75	3.16	18.90	21.47
