Date/Time	Green Algae	Bluegreen	Diatoms	Cryptophyta	#5	#6	#7	Yellow substances	Total conc.	Transmission	Depth	Temp. Sample	Green Algae	Bluegreen	Diatoms	Cryptophyta	#5	#6	#7	Yellow substances	Total cell count	Trans. 700 nm	LED 3 [525 nm]	LED 4 [570 nm]	LED 5 [610 nm]	LED 6 [370 nm]	LED 7 [590 nm]	LED 8 [470 nm]	Pressure	Temp. LEDs	Temp. Sensor
date	µg/l	µg/l	µg/l	µg/l	µg/l	µg/l	µg/l	r.u.	µg/l	%	m	°C	cells/ml	cells/ml	cells/ml	cells/ml	cells/ml	cells/ml	cells/ml	r.u.	cells/ml	digits	digits	digits	digits	digits	digits	digits	bar	°C	°C
3/10/2025 1:20:43 PM	4.48	0.76	4.52	0.76	0.00	0.00	0.00	0.56	10.52	82.96	0.26	6.78	2374	760	2035	23	0	0	0	0	5192	151.32	16.91	3.41	14.23	32.73	17.35	39.79	1.03	8.36	8.44
3/10/2025 1:20:47 PM	3.94	0.79	5.68	0.77	0.00	0.00	0.00	0.48	11.18	83.80	0.57	6.83	2089	787	2555	23	0	0	0	0	5454	152.84	18.88	5.54	15.59	33.39	17.20	42.20	1.06	8.42	8.52
3/10/2025 1:20:49 PM	5.34	0.95	4.69	0.60	0.00	0.00	0.00	0.63	11.59	82.78	0.75	6.84	2828	954	2113	18	0	0	0	0	5912	150.98	17.55	4.25	15.74	36.00	17.96	43.27	1.07	8.45	8.52
3/10/2025 1:20:52 PM	6.10	0.40	5.36	0.94	0.00	0.00	0.00	0.50	12.80	82.80	0.99	6.83	3232	399	2411	28	0	0	0	0	6070	151.01	19.63	6.00	16.21	37.94	17.75	48.64	1.10	8.50	8.55
3/10/2025 1:20:54 PM	5.02	0.37	6.74	0.90	0.00	0.00	0.00	0.61	13.02	82.35	1.20	6.83	2658	370	3032	27	0	0	0	0	6088	150.20	22.18	5.07	16.00	40.31	18.73	51.24	1.12	8.54	8.56
3/10/2025 1:20:57 PM	7.15	0.25	6.73	1.14	0.00	0.00	0.00	0.47	15.27	82.61	1.33	6.79	3791	250	3027	34	0	0	0	0	7102	150.68	23.68	5.72	17.92	43.92	20.76	58.19	1.13	8.56	8.64
3/10/2025 1:21:00 PM	7.51	0.00	8.80	1.03	0.00	0.00	0.00	0.38	17.34	83.11	1.49	6.77	3982	0	3962	31	0	0	0	0	7974	151.59	27.66	5.67	18.78	48.10	22.04	66.50	1.15	8.61	8.61
3/10/2025 1:21:03 PM	8.16	0.22	8.42	0.80	0.00	0.00	0.00	0.44	17.61	82.96	1.62	6.78	4327	221	3790	24	0	0	0	0	8361	151.31	26.79	5.77	19.38	49.13	21.98	66.71	1.16	8.63	8.63
3/10/2025 1:21:05 PM	9.16	0.00	9.59	1.29	0.00	0.00	0.00	0.36	20.04	83.07	1.78	6.70	4854	0	4314	39	0	0	0	0	9207	151.51	30.99	6.78	21.56	54.43	24.95	75.99	1.17	8.67	8.64
3/10/2025 1:21:08 PM	8.78	0.49	10.67	0.83	0.00	0.00	0.00	0.54	20.76	82.83	1.92	6.66	4653	489	4799	25	0	0	0	0	9966	151.08	32.47	6.54	22.95	57.93	25.95	78.62	1.19	8.71	8.66
3/10/2025 1:21:11 PM	10.05	0.34	10.78	1.00	0.00	0.00	0.00	0.47	22.17	83.17	2.13	6.56	5326	341	4850	30	0	0	0	0	10547	151.69	33.70	6.38	23.78	60.51	27.42	83.37	1.21	8.71	8.68
3/10/2025 1:21:14 PM	10.39	0.00	11.01	1.51	0.00	0.00	0.00	0.55	22.90	82.59	2.31	6.52	5507	0	4953	45	0	0	0	0	10505	150.63	35.75	8.02	24.58	63.92	28.12	87.82	1.23	8.76	8.71
3/10/2025 1:21:17 PM	9.88	0.65	13.95	0.40	0.00	0.00	0.00	0.57	24.88	82.63	2.49	6.51	5235	645	6277	12	0	0	0	0	12169	150.71	39.07	7.65	26.65	68.25	28.97	94.03	1.24	8.79	8.71
3/10/2025 1:21:19 PM	10.56	0.75	14.46	0.18	0.00	0.00	0.00	0.52	25.95	82.66	2.65	6.43	5595	752	6509	5	0	0	0	0	12862	150.77	39.85	7.69	27.55	70.00	29.52	97.14	1.26	8.82	8.71
3/10/2025 1:21:22 PM	11.07	0.36	13.42	1.15	0.00	0.00	0.00	0.62	26.00	82.11	2.84	6.40	5867	364	6038	34	0	0	0	0	12303	149.76	40.69	8.56	27.91	72.03	31.10	98.95	1.28	8.83	8.73
3/10/2025 1:21:25 PM	11.60	0.91	14.79	0.22	0.00	0.00	0.00	0.54	27.52	82.26	3.02	6.47	6148	909	6654	7	0	0	0	0	13719	150.04	41.38	8.52	29.56	73.79	31.15	102.23	1.30	8.87	8.74
3/10/2025 1:21:28 PM	11.17	0.85	14.94	0.43	0.00	0.00	0.00	0.57	27.40	82.50	3.26	6.46	5920	853	6725	13	0	0	0	0	13511	150.48	42.13	8.84	29.66	74.06	31.52	102.45	1.32	8.89	8.76
3/10/2025 1:21:31 PM	11.02	0.55	14.20	0.91	0.00	0.00	0.00	0.59	26.68	82.26	3.43	6.39	5841	550	6391	27	0	0	0	0	12810	150.03	41.71	8.60	28.71	73.04	31.60	100.87	1.34	8.92	8.76
3/10/2025 1:21:33 PM	10.74	0.74	14.19	0.59	0.00	0.00	0.00	0.61	26.25	82.47	3.58	6.33	5691	742	6384	18	0	0	0	0	12834	150.41	40.73	8.31	28.43	71.94	30.82	98.80	1.35	8.93	8.81
3/10/2025 1:21:36 PM	11.13	1.22	15.26	0.01	0.00	0.00	0.00	0.57	27.62	82.47	3.64	6.34	5897	1225	6865	0	0	0	0	0	13988	150.43	41.76	8.66	30.30	73.93	31.48	101.99	1.36	8.95	8.82
