Date/Time	Green Algae	Bluegreen	Diatoms	Cryptophyta	#5	#6	#7	Yellow substances	Total conc.	Transmission	Depth	Temp. Sample	Green Algae	Bluegreen	Diatoms	Cryptophyta	#5	#6	#7	Yellow substances	Total cell count	Trans. 700 nm	LED 3 [525 nm]	LED 4 [570 nm]	LED 5 [610 nm]	LED 6 [370 nm]	LED 7 [590 nm]	LED 8 [470 nm]	Pressure	Temp. LEDs	Temp. Sensor
date	ṁg/l	ṁg/l	ṁg/l	ṁg/l	ṁg/l	ṁg/l	ṁg/l	r.u.	ṁg/l	%	m	ḞC	cells/ml	cells/ml	cells/ml	cells/ml	cells/ml	cells/ml	cells/ml	r.u.	cells/ml	digits	digits	digits	digits	digits	digits	digits	bar	ḞC	ḞC
6/15/2026 12:21:41 PM	18.63	18.32	1.24	0.00	0.00	0.00	0.00	0.00	38.18	77.86	0.06	24.00	9875	18317	556	0	0	0	0	0	28748	142.01	25.83	14.23	87.38	59.83	79.02	73.11	1.01	21.73	22.11
6/15/2026 12:21:44 PM	17.41	18.18	2.31	0.00	0.00	0.00	0.00	0.00	37.90	77.31	0.14	23.86	9227	18175	1042	0	0	0	0	0	28444	141.02	27.25	15.46	86.58	59.56	78.74	73.35	1.01	21.76	22.08
6/15/2026 12:21:46 PM	18.07	18.72	1.68	0.00	0.00	0.00	0.00	0.00	38.47	78.02	0.20	23.82	9578	18719	758	0	0	0	0	0	29054	142.30	26.63	15.19	87.84	60.06	81.26	73.11	1.02	21.82	22.19
6/15/2026 12:21:49 PM	18.50	18.79	1.53	0.00	0.00	0.00	0.00	0.00	38.82	77.37	0.27	23.78	9807	18788	687	0	0	0	0	0	29281	141.11	26.52	16.85	89.41	60.75	80.20	73.92	1.03	21.86	22.16
6/15/2026 12:21:52 PM	18.20	18.69	1.79	0.00	0.00	0.00	0.00	0.00	38.68	77.36	0.33	23.85	9647	18691	804	0	0	0	0	0	29141	141.11	26.93	14.72	88.19	60.38	81.24	74.08	1.03	21.86	22.17
6/15/2026 12:21:54 PM	17.64	18.97	2.04	0.00	0.00	0.00	0.00	0.00	38.65	77.48	0.38	23.84	9352	18967	918	0	0	0	0	0	29237	141.32	27.27	16.13	89.32	59.96	81.37	73.33	1.04	21.94	22.19
6/15/2026 12:21:57 PM	18.21	18.70	1.37	0.00	0.00	0.00	0.00	0.00	38.28	77.01	0.45	23.73	9652	18696	616	0	0	0	0	0	28964	140.47	25.85	15.80	88.22	58.99	80.30	72.72	1.04	21.97	22.22
6/15/2026 12:22:00 PM	17.85	18.87	1.56	0.00	0.00	0.00	0.00	0.00	38.27	77.05	0.52	23.76	9460	18867	701	0	0	0	0	0	29029	140.54	26.19	15.27	88.04	58.81	81.61	72.29	1.05	22.02	22.19
6/15/2026 12:22:03 PM	17.32	18.76	1.72	0.00	0.00	0.00	0.00	0.00	37.80	77.62	0.59	23.79	9182	18759	774	0	0	0	0	0	28714	141.59	26.24	15.12	87.73	57.99	80.57	71.10	1.06	22.04	22.24
6/15/2026 12:22:06 PM	17.57	18.98	1.53	0.00	0.00	0.00	0.00	0.00	38.08	77.43	0.66	23.68	9311	18979	690	0	0	0	0	0	28981	141.22	26.16	16.20	88.61	58.73	80.99	70.92	1.06	22.08	22.25
6/15/2026 12:22:08 PM	17.25	19.02	1.82	0.00	0.00	0.00	0.00	0.00	38.09	77.84	0.73	23.58	9143	19020	821	0	0	0	0	0	28983	141.99	26.66	15.81	89.00	58.57	81.02	71.15	1.07	22.13	22.29
6/15/2026 12:22:11 PM	17.27	18.95	1.87	0.00	0.00	0.00	0.00	0.00	38.09	77.48	0.81	23.37	9152	18948	841	0	0	0	0	0	28941	141.33	26.76	15.42	88.55	58.78	81.14	71.29	1.08	22.17	22.30
6/15/2026 12:22:14 PM	17.47	18.85	1.76	0.00	0.00	0.00	0.00	0.00	38.07	77.56	0.89	23.25	9257	18849	791	0	0	0	0	0	28897	141.48	26.55	15.95	88.27	59.07	80.69	71.35	1.09	22.20	22.34
6/15/2026 12:22:17 PM	17.38	19.02	1.79	0.00	0.00	0.00	0.00	0.00	38.19	77.48	0.96	23.25	9214	19020	804	0	0	0	0	0	29038	141.32	26.80	15.42	89.21	59.13	80.94	71.20	1.09	22.23	22.37
6/15/2026 12:22:19 PM	16.49	19.04	1.83	0.00	0.00	0.00	0.00	0.00	37.36	77.53	1.03	23.30	8739	19044	822	0	0	0	0	0	28605	141.42	26.43	15.54	88.22	57.47	80.62	68.19	1.10	22.27	22.40
6/15/2026 12:22:22 PM	15.38	19.99	3.79	0.00	0.00	0.00	0.00	0.00	39.16	78.27	1.09	23.33	8153	19986	1707	0	0	0	0	0	29846	142.76	30.98	16.72	93.04	61.44	84.09	72.03	1.11	22.34	22.40
6/15/2026 12:22:25 PM	14.13	20.78	5.91	0.00	0.00	0.00	0.00	0.00	40.82	77.85	1.20	23.37	7490	20776	2659	0	0	0	0	0	30925	141.99	35.28	17.31	97.24	63.68	87.66	77.10	1.12	22.34	22.38
6/15/2026 12:22:28 PM	14.10	20.09	4.93	0.00	0.00	0.00	0.00	0.00	39.13	78.32	1.28	23.06	7475	20091	2220	0	0	0	0	0	29787	142.86	32.70	16.24	93.18	60.75	85.09	72.84	1.13	22.37	22.40
6/15/2026 12:22:31 PM	14.17	20.11	4.66	0.00	0.00	0.00	0.00	0.00	38.94	77.70	1.28	22.09	7512	20106	2097	0	0	0	0	0	29715	141.73	32.11	16.07	92.94	60.07	85.08	72.10	1.13	22.42	22.43
6/15/2026 12:22:33 PM	13.34	19.31	5.31	0.00	0.00	0.00	0.00	0.00	37.97	77.54	1.33	21.29	7072	19311	2390	0	0	0	0	0	28773	141.43	32.34	16.34	90.12	58.66	82.23	72.06	1.13	22.46	22.46
6/15/2026 12:22:36 PM	12.64	17.73	5.26	0.00	0.00	0.00	0.00	0.00	35.63	78.37	1.35	21.18	6697	17735	2367	0	0	0	0	0	26799	142.94	30.85	15.33	83.72	55.98	76.26	68.82	1.13	22.49	22.48
6/15/2026 12:22:39 PM	11.11	13.52	5.38	0.00	0.00	0.00	0.00	0.00	30.01	79.49	1.43	20.57	5889	13516	2422	0	0	0	0	0	21827	145.00	27.39	13.10	66.46	49.88	61.60	62.73	1.14	22.52	22.50
6/15/2026 12:22:41 PM	10.06	8.88	4.51	1.35	0.00	0.00	0.00	0.00	24.80	80.64	1.50	19.89	5333	8879	2028	41	0	0	0	0	16281	147.08	25.78	11.28	50.00	45.27	50.29	59.36	1.15	22.53	22.48
6/15/2026 12:22:44 PM	10.54	7.26	4.88	1.66	0.00	0.00	0.00	0.00	24.34	80.98	1.56	19.36	5588	7262	2194	50	0	0	0	0	15094	147.70	26.72	11.53	45.75	47.24	46.34	62.85	1.15	22.55	22.51
6/15/2026 12:22:47 PM	11.16	6.43	4.09	1.95	0.00	0.00	0.00	0.11	23.63	80.91	1.62	19.05	5916	6428	1840	59	0	0	0	0	14243	147.58	26.03	11.04	43.03	48.83	44.47	62.95	1.16	22.57	22.54
6/15/2026 12:22:49 PM	12.00	6.51	4.75	1.27	0.00	0.00	0.00	0.00	24.53	81.44	1.68	18.47	6359	6513	2136	38	0	0	0	0	15046	148.54	25.65	10.42	43.11	49.01	43.57	65.26	1.16	22.63	22.58
6/15/2026 12:22:53 PM	13.15	5.75	4.00	1.95	0.00	0.00	0.00	0.00	24.85	81.59	1.75	17.66	6970	5749	1800	59	0	0	0	0	14577	148.82	26.03	10.34	42.23	50.22	43.82	68.94	1.17	22.62	22.59
6/15/2026 12:22:55 PM	12.39	6.58	4.71	1.43	0.00	0.00	0.00	0.00	25.10	81.35	1.82	17.40	6565	6582	2118	43	0	0	0	0	15308	148.38	26.10	10.78	44.25	49.46	44.59	67.57	1.18	22.65	22.59
6/15/2026 12:22:58 PM	13.66	6.08	4.31	1.59	0.00	0.00	0.00	0.00	25.65	81.53	1.89	17.61	7241	6085	1940	48	0	0	0	0	15313	148.71	26.02	10.46	43.52	51.11	44.23	70.91	1.19	22.67	22.62
6/15/2026 12:23:01 PM	14.08	5.51	4.07	1.82	0.00	0.00	0.00	0.00	25.47	81.95	1.96	17.82	7461	5507	1831	55	0	0	0	0	14853	149.47	26.02	10.26	42.04	51.63	43.26	72.00	1.19	22.68	22.66
6/15/2026 12:23:03 PM	14.24	5.73	4.52	1.39	0.00	0.00	0.00	0.00	25.88	82.02	2.01	17.92	7549	5726	2035	42	0	0	0	0	15351	149.61	25.96	9.86	42.40	52.16	43.11	72.86	1.20	22.73	22.69
6/15/2026 12:23:06 PM	14.68	5.69	4.33	1.47	0.00	0.00	0.00	0.00	26.17	81.67	2.08	18.03	7781	5690	1947	44	0	0	0	0	15463	148.97	25.93	10.43	42.83	52.78	43.15	73.88	1.20	22.73	22.67
6/15/2026 12:23:09 PM	14.81	5.69	4.68	1.24	0.00	0.00	0.00	0.00	26.43	81.89	2.13	17.91	7851	5695	2107	37	0	0	0	0	15690	149.37	26.06	9.83	42.67	53.16	43.02	75.02	1.21	22.73	22.70
6/15/2026 12:23:12 PM	14.39	5.67	4.36	1.70	0.00	0.00	0.00	0.00	26.13	81.64	2.20	17.53	7629	5670	1962	51	0	0	0	0	15313	148.91	26.53	10.27	42.97	52.61	43.98	74.07	1.22	22.75	22.67
6/15/2026 12:23:14 PM	14.21	5.40	3.64	1.61	0.00	0.00	0.00	0.00	24.85	81.64	2.27	17.25	7530	5397	1636	48	0	0	0	0	14612	148.91	24.55	9.63	40.75	50.53	41.90	69.67	1.22	22.78	22.72
6/15/2026 12:23:17 PM	13.66	5.57	4.01	1.00	0.00	0.00	0.00	0.00	24.23	81.91	2.33	17.28	7237	5567	1803	30	0	0	0	0	14637	149.39	23.50	9.11	39.72	49.45	40.14	66.58	1.23	22.78	22.69
