Date/Time	Green Algae	Bluegreen	Diatoms	Cryptophyta	#5	#6	#7	Yellow substances	Total conc.	Transmission	Depth	Temp. Sample	Green Algae	Bluegreen	Diatoms	Cryptophyta	#5	#6	#7	Yellow substances	Total cell count	Trans. 700 nm	LED 3 [525 nm]	LED 4 [570 nm]	LED 5 [610 nm]	LED 6 [370 nm]	LED 7 [590 nm]	LED 8 [470 nm]	Pressure	Temp. LEDs	Temp. Sensor
date	µg/l	µg/l	µg/l	µg/l	µg/l	µg/l	µg/l	r.u.	µg/l	%	m	°C	cells/ml	cells/ml	cells/ml	cells/ml	cells/ml	cells/ml	cells/ml	r.u.	cells/ml	digits	digits	digits	digits	digits	digits	digits	bar	°C	°C
2/6/2026 10:58:38 AM	3.92	0.00	12.35	0.00	0.00	0.00	0.00	0.65	16.27	91.57	0.08	2.24	2080	0	5555	0	0	0	0	0	7635	167.02	30.80	5.49	16.65	49.67	18.46	67.14	1.01	5.98	5.67
2/6/2026 10:58:40 AM	4.34	0.00	11.59	0.00	0.00	0.00	0.00	0.61	15.93	91.33	0.23	2.30	2298	0	5217	0	0	0	0	0	7515	166.58	29.45	4.45	16.73	48.31	18.23	65.01	1.02	6.01	5.78
2/6/2026 10:58:43 AM	4.22	0.14	11.66	0.00	0.00	0.00	0.00	0.70	16.02	91.66	0.38	2.31	2236	139	5247	0	0	0	0	0	7623	167.19	29.74	5.50	17.35	49.60	18.72	65.47	1.04	6.04	5.75
2/6/2026 10:58:46 AM	4.38	0.00	12.13	0.00	0.00	0.00	0.00	0.64	16.51	93.09	0.54	2.28	2321	0	5457	0	0	0	0	0	7778	169.79	30.64	5.05	17.32	50.02	18.48	67.51	1.05	6.06	5.77
2/6/2026 10:58:49 AM	3.97	0.00	12.44	0.00	0.00	0.00	0.00	0.67	16.41	93.09	0.73	2.32	2102	0	5598	0	0	0	0	0	7700	169.78	31.13	5.19	17.14	50.24	18.74	67.57	1.07	6.08	5.80
2/6/2026 10:58:52 AM	4.47	0.00	12.16	0.00	0.00	0.00	0.00	0.65	16.63	92.82	0.87	2.42	2369	0	5473	0	0	0	0	0	7843	169.29	30.72	5.29	17.04	50.42	18.74	68.11	1.08	6.11	5.78
2/6/2026 10:58:54 AM	3.99	0.00	12.29	0.00	0.00	0.00	0.00	0.74	16.28	92.98	1.03	2.57	2117	0	5529	0	0	0	0	0	7646	169.59	30.98	5.08	17.03	50.96	18.60	67.60	1.10	6.13	5.83
2/6/2026 10:58:57 AM	4.48	0.00	12.33	0.00	0.00	0.00	0.00	0.68	16.81	92.77	1.19	2.61	2376	0	5546	0	0	0	0	0	7923	169.20	31.17	5.34	17.34	51.38	19.11	68.95	1.12	6.14	5.78
2/6/2026 10:59:00 AM	3.97	0.00	12.39	0.00	0.00	0.00	0.00	0.70	16.36	92.83	1.34	2.62	2103	0	5575	0	0	0	0	0	7678	169.31	31.03	5.22	16.65	50.52	18.84	67.73	1.13	6.16	5.85
2/6/2026 10:59:03 AM	4.48	0.00	12.88	0.00	0.00	0.00	0.00	0.62	17.36	92.83	1.52	2.64	2376	0	5795	0	0	0	0	0	8170	169.30	32.24	5.25	17.70	51.89	19.55	70.82	1.15	6.18	5.87
2/6/2026 10:59:06 AM	4.32	0.00	12.46	0.00	0.00	0.00	0.00	0.68	16.78	92.97	1.66	2.69	2291	0	5608	0	0	0	0	0	7899	169.57	31.33	5.25	16.81	51.22	18.90	69.22	1.16	6.18	5.90
2/6/2026 10:59:08 AM	3.87	0.00	12.39	0.00	0.00	0.00	0.00	0.66	16.26	92.87	1.81	2.72	2053	0	5575	0	0	0	0	0	7627	169.38	30.89	5.38	16.62	49.85	19.01	67.05	1.18	6.21	5.90
2/6/2026 10:59:11 AM	4.15	0.00	12.13	0.00	0.00	0.00	0.00	0.66	16.27	92.85	1.98	2.74	2198	0	5457	0	0	0	0	0	7655	169.35	30.49	5.31	16.82	49.77	18.74	66.85	1.19	6.22	5.91
2/6/2026 10:59:14 AM	4.06	0.00	12.42	0.00	0.00	0.00	0.00	0.69	16.47	92.84	2.12	2.76	2151	0	5587	0	0	0	0	0	7738	169.34	31.13	5.51	17.04	50.73	18.70	68.04	1.21	6.23	5.93
2/6/2026 10:59:17 AM	4.55	0.00	11.62	0.00	0.00	0.00	0.00	0.67	16.17	92.86	2.29	2.73	2410	0	5228	0	0	0	0	0	7638	169.36	29.66	5.07	16.68	49.61	18.24	66.35	1.22	6.23	5.91
2/6/2026 10:59:19 AM	3.92	0.00	12.20	0.00	0.00	0.00	0.00	0.68	16.12	92.86	2.42	2.92	2075	0	5492	0	0	0	0	0	7567	169.36	30.59	5.13	16.60	49.72	18.67	66.60	1.24	6.25	5.95
2/6/2026 10:59:22 AM	4.27	0.00	12.34	0.00	0.00	0.00	0.00	0.70	16.60	92.90	2.56	3.13	2261	0	5552	0	0	0	0	0	7812	169.43	31.11	5.36	17.13	51.19	18.92	68.46	1.25	6.25	5.91
2/6/2026 10:59:24 AM	4.01	0.00	12.19	0.00	0.00	0.00	0.00	0.74	16.20	92.84	2.71	3.19	2126	0	5485	0	0	0	0	0	7612	169.33	30.74	5.34	16.93	50.72	18.71	67.18	1.27	6.27	5.90
2/6/2026 10:59:27 AM	3.56	0.10	11.17	0.00	0.00	0.00	0.00	0.77	14.83	92.99	2.87	3.25	1888	101	5025	0	0	0	0	0	7014	169.60	28.45	4.88	16.15	47.66	17.76	61.76	1.28	6.28	5.95
2/6/2026 10:59:30 AM	3.47	0.06	10.98	0.00	0.00	0.00	0.00	0.78	14.51	92.95	3.06	3.18	1837	60	4940	0	0	0	0	0	6838	169.53	28.00	4.80	15.78	47.12	17.33	60.77	1.30	6.29	5.91
2/6/2026 10:59:33 AM	3.89	0.04	11.57	0.00	0.00	0.00	0.00	0.74	15.51	92.84	3.21	3.18	2064	45	5207	0	0	0	0	0	7315	169.33	29.40	5.02	16.44	49.04	18.39	64.28	1.31	6.29	5.98
2/6/2026 10:59:36 AM	3.59	0.04	11.61	0.00	0.00	0.00	0.00	0.76	15.23	92.80	3.34	3.21	1902	39	5223	0	0	0	0	0	7164	169.25	29.34	4.88	16.06	48.68	18.35	63.56	1.33	6.31	5.96
2/6/2026 10:59:38 AM	2.92	0.18	8.60	0.00	0.00	0.00	0.00	0.83	11.70	93.04	3.50	3.25	1549	181	3868	0	0	0	0	0	5597	169.69	22.73	4.00	13.41	40.65	15.10	49.81	1.34	6.32	5.96
2/6/2026 10:59:41 AM	3.13	0.20	10.25	0.00	0.00	0.00	0.00	0.83	13.58	92.97	3.66	3.28	1662	197	4613	0	0	0	0	0	6472	169.57	26.46	4.53	15.33	45.34	16.85	57.16	1.36	6.32	6.03
2/6/2026 10:59:44 AM	3.02	0.24	9.55	0.00	0.00	0.00	0.00	0.85	12.81	92.95	3.84	3.26	1599	237	4298	0	0	0	0	0	6134	169.52	24.96	4.30	14.78	43.63	16.15	54.12	1.38	6.34	5.96
2/6/2026 10:59:46 AM	2.52	0.26	7.80	0.00	0.00	0.00	0.00	0.92	10.58	93.10	4.03	3.32	1334	259	3510	0	0	0	0	0	5103	169.80	21.04	3.83	12.63	39.06	14.31	45.96	1.39	6.33	5.93
2/6/2026 10:59:49 AM	1.02	0.49	4.04	0.00	0.00	0.00	0.00	1.08	5.55	93.40	4.27	3.46	539	493	1816	0	0	0	0	0	2848	170.35	12.59	2.59	8.75	28.52	10.25	27.12	1.42	6.33	6.07
2/6/2026 10:59:52 AM	0.71	0.58	2.28	0.00	0.00	0.00	0.00	1.10	3.57	93.77	4.51	3.52	378	575	1028	0	0	0	0	0	1981	171.03	8.74	2.12	7.29	23.71	8.39	19.22	1.44	6.35	6.07
2/6/2026 10:59:54 AM	0.95	0.52	2.90	0.00	0.00	0.00	0.00	1.04	4.37	93.58	4.75	3.47	506	520	1304	0	0	0	0	0	2331	170.67	10.04	2.25	7.74	25.01	9.11	22.09	1.47	6.35	5.99
2/6/2026 10:59:57 AM	1.30	0.52	4.08	0.00	0.00	0.00	0.00	1.04	5.89	93.51	4.98	3.42	687	519	1836	0	0	0	0	0	3042	170.56	12.77	2.73	9.21	28.73	10.45	27.92	1.49	6.37	6.07
2/6/2026 11:00:00 AM	1.28	0.55	3.99	0.00	0.00	0.00	0.00	1.03	5.82	93.37	5.15	3.43	678	551	1797	0	0	0	0	0	3026	170.30	12.58	2.75	9.34	28.32	10.32	27.43	1.50	6.39	6.11
2/6/2026 11:00:03 AM	1.21	0.47	4.02	0.00	0.00	0.00	0.00	1.06	5.69	93.37	5.30	3.43	639	470	1807	0	0	0	0	0	2916	170.29	12.59	2.64	8.93	28.55	10.14	27.47	1.52	6.37	5.96
2/6/2026 11:00:05 AM	0.55	0.57	2.52	0.00	0.00	0.00	0.00	1.09	3.64	93.41	5.52	3.54	294	567	1133	0	0	0	0	0	1993	170.36	9.12	2.19	7.29	23.76	8.51	19.56	1.54	6.38	6.03
2/6/2026 11:00:08 AM	0.62	0.59	2.00	0.00	0.00	0.00	0.00	1.08	3.20	93.44	5.78	3.65	327	586	898	0	0	0	0	0	1811	170.42	8.04	2.00	6.99	22.57	8.03	17.65	1.57	6.38	6.04
2/6/2026 11:00:11 AM	0.50	0.59	1.36	0.00	0.00	0.00	0.00	1.10	2.45	93.31	6.04	3.61	266	587	611	0	0	0	0	0	1464	170.18	6.62	1.84	6.24	20.90	7.38	14.82	1.59	6.40	6.07
2/6/2026 11:00:14 AM	0.46	0.58	1.59	0.00	0.00	0.00	0.00	1.10	2.63	93.26	6.29	3.64	243	585	714	0	0	0	0	0	1542	170.09	7.08	1.92	6.36	21.36	7.61	15.59	1.62	6.40	6.04
2/6/2026 11:00:17 AM	0.55	0.56	1.53	0.00	0.00	0.00	0.00	1.08	2.64	93.36	6.52	3.66	292	562	689	0	0	0	0	0	1543	170.28	6.98	1.81	6.35	21.17	7.50	15.54	1.64	6.39	6.11
2/6/2026 11:00:19 AM	0.41	0.60	1.44	0.00	0.00	0.00	0.00	1.09	2.45	93.32	6.74	3.69	217	596	650	0	0	0	0	0	1462	170.20	6.76	1.88	6.27	20.88	7.41	14.85	1.66	6.42	6.09
2/6/2026 11:00:22 AM	0.54	0.59	1.31	0.00	0.00	0.00	0.00	1.08	2.44	93.27	6.96	3.75	284	586	591	0	0	0	0	0	1462	170.11	6.52	1.76	6.22	20.66	7.36	14.65	1.68	6.42	6.12
2/6/2026 11:00:25 AM	0.14	0.66	0.38	0.00	0.00	0.00	0.00	1.10	1.18	92.61	7.32	3.82	75	659	172	0	0	0	0	0	906	168.91	4.38	1.43	5.26	17.70	6.39	9.76	1.72	6.43	6.09
2/6/2026 11:00:28 AM	0.17	0.66	0.45	0.00	0.00	0.00	0.00	1.10	1.29	92.88	7.58	3.82	93	663	201	0	0	0	0	0	957	169.40	4.54	1.50	5.41	17.94	6.44	10.12	1.74	6.43	6.12
2/6/2026 11:00:30 AM	0.15	0.66	0.51	0.00	0.00	0.00	0.00	1.12	1.32	92.81	7.83	3.79	80	660	230	0	0	0	0	0	970	169.28	4.69	1.60	5.44	18.30	6.49	10.43	1.77	6.43	6.11
2/6/2026 11:00:33 AM	0.12	0.66	0.46	0.00	0.00	0.00	0.00	1.11	1.24	92.79	8.07	3.79	64	662	207	0	0	0	0	0	934	169.24	4.55	1.52	5.39	17.95	6.41	10.05	1.79	6.44	6.11
2/6/2026 11:00:36 AM	0.15	0.62	0.53	0.00	0.00	0.00	0.00	1.11	1.30	92.72	8.28	3.81	80	617	239	0	0	0	0	0	936	169.12	4.69	1.57	5.33	18.18	6.32	10.43	1.81	6.44	6.15
2/6/2026 11:00:39 AM	0.15	0.68	0.56	0.00	0.00	0.00	0.00	1.13	1.38	92.88	8.50	3.77	78	678	250	0	0	0	0	0	1006	169.40	4.83	1.51	5.55	18.55	6.61	10.67	1.83	6.44	6.14
2/6/2026 11:00:41 AM	0.14	0.68	0.44	0.00	0.00	0.00	0.00	1.12	1.26	92.62	8.70	3.78	72	680	199	0	0	0	0	0	951	168.93	4.57	1.50	5.49	18.13	6.42	10.12	1.85	6.44	6.15
2/6/2026 11:00:44 AM	0.24	0.66	0.37	0.00	0.00	0.00	0.00	1.10	1.27	92.61	8.92	3.82	129	663	166	0	0	0	0	0	958	168.91	4.41	1.44	5.35	17.89	6.47	10.03	1.87	6.45	6.07
2/6/2026 11:00:47 AM	0.00	0.67	0.49	0.00	0.00	0.00	0.00	1.12	1.17	92.65	9.08	3.82	0	673	223	0	0	0	0	0	896	168.99	4.66	1.52	5.29	18.03	6.46	9.90	1.89	6.46	6.17
2/6/2026 11:00:49 AM	0.07	0.67	0.32	0.00	0.00	0.00	0.00	1.10	1.05	92.40	9.31	3.83	35	669	142	0	0	0	0	0	846	168.53	4.20	1.48	5.18	17.40	6.29	9.27	1.91	6.50	6.20
2/6/2026 11:00:52 AM	0.20	0.78	0.23	0.00	0.00	0.00	0.00	1.08	1.21	92.01	9.63	3.87	108	777	101	0	0	0	0	0	986	167.81	4.13	1.43	5.79	17.25	6.46	9.21	1.94	6.48	6.12
2/6/2026 11:00:55 AM	0.29	0.75	0.28	0.00	0.00	0.00	0.00	1.09	1.33	92.01	9.89	3.89	154	751	128	0	0	0	0	0	1033	167.82	4.30	1.54	5.77	17.72	6.55	9.80	1.97	6.48	6.17
2/6/2026 11:00:58 AM	0.26	0.74	0.29	0.00	0.00	0.00	0.00	1.08	1.29	91.43	9.99	3.89	137	739	131	0	0	0	0	0	1007	166.76	4.28	1.40	5.71	17.52	6.50	9.64	1.98	6.48	6.17
2/6/2026 11:01:01 AM	0.35	0.92	0.30	0.00	0.00	0.00	0.00	1.04	1.57	90.49	10.06	3.88	185	920	134	0	0	0	0	0	1239	165.04	4.39	1.52	6.47	17.39	7.12	9.76	1.99	6.49	6.19
