Date/Time	Green Algae	Bluegreen	Diatoms	Cryptophyta	#5	#6	#7	Yellow substances	Total conc.	Transmission	Depth	Temp. Sample	Green Algae	Bluegreen	Diatoms	Cryptophyta	#5	#6	#7	Yellow substances	Total cell count	Trans. 700 nm	LED 3 [525 nm]	LED 4 [570 nm]	LED 5 [610 nm]	LED 6 [370 nm]	LED 7 [590 nm]	LED 8 [470 nm]	Pressure	Temp. LEDs	Temp. Sensor
date	ṁg/l	ṁg/l	ṁg/l	ṁg/l	ṁg/l	ṁg/l	ṁg/l	r.u.	ṁg/l	%	m	ḞC	cells/ml	cells/ml	cells/ml	cells/ml	cells/ml	cells/ml	cells/ml	r.u.	cells/ml	digits	digits	digits	digits	digits	digits	digits	bar	ḞC	ḞC
6/8/2026 12:52:45 PM	4.85	7.73	1.54	0.00	0.00	0.00	0.00	0.19	14.12	82.02	0.01	25.09	2570	7731	692	0	0	0	0	0	10993	149.60	12.34	8.01	35.93	25.06	33.81	25.40	1.00	24.64	24.50
6/8/2026 12:52:48 PM	6.72	7.83	0.32	0.00	0.00	0.00	0.00	0.05	14.87	81.56	0.05	25.02	3562	7829	146	0	0	0	0	0	11537	148.76	10.78	5.97	37.25	24.57	34.02	25.69	1.01	24.65	24.50
6/8/2026 12:52:51 PM	7.03	7.87	0.35	0.00	0.00	0.00	0.00	0.00	15.25	81.75	0.10	24.99	3727	7865	159	0	0	0	0	0	11750	149.11	10.75	6.72	36.84	24.60	35.17	26.58	1.01	24.69	24.54
6/8/2026 12:52:54 PM	4.58	8.19	1.60	0.00	0.00	0.00	0.00	0.27	14.38	81.87	0.14	24.94	2430	8189	722	0	0	0	0	0	11341	149.32	12.93	7.40	37.57	26.10	35.29	25.46	1.01	24.74	24.57
6/8/2026 12:52:56 PM	6.16	8.05	0.47	0.01	0.00	0.00	0.00	0.25	14.69	81.75	0.19	24.87	3266	8048	213	0	0	0	0	0	11528	149.10	11.13	7.92	36.99	26.52	35.22	25.95	1.02	24.76	24.55
6/8/2026 12:52:59 PM	4.72	7.97	1.28	0.00	0.00	0.00	0.00	0.29	13.97	82.22	0.23	24.88	2500	7966	578	0	0	0	0	0	11044	149.97	12.15	7.50	36.40	25.71	34.49	24.71	1.02	24.82	24.60
6/8/2026 12:53:02 PM	5.58	7.55	0.00	0.81	0.00	0.00	0.00	0.18	13.94	82.87	0.27	24.80	2960	7546	0	24	0	0	0	0	10530	151.15	11.40	8.31	35.70	24.65	35.89	24.66	1.03	24.83	24.60
6/8/2026 12:53:04 PM	5.91	8.13	0.31	0.00	0.00	0.00	0.00	0.35	14.35	82.05	0.31	24.78	3133	8129	140	0	0	0	0	0	11402	149.65	11.11	6.65	37.90	26.99	34.32	25.13	1.03	24.84	24.55
6/8/2026 12:53:07 PM	6.54	8.17	0.72	0.00	0.00	0.00	0.00	0.03	15.42	82.07	0.36	24.77	3464	8166	323	0	0	0	0	0	11954	149.70	11.56	6.84	37.69	25.11	36.36	26.65	1.04	24.86	24.63
6/8/2026 12:53:10 PM	6.45	7.85	0.15	0.15	0.00	0.00	0.00	0.25	14.59	82.08	0.39	24.72	3416	7847	66	5	0	0	0	0	11334	149.70	10.92	7.08	36.23	26.58	35.41	26.08	1.04	24.89	24.59
6/8/2026 12:53:12 PM	5.98	7.78	0.88	0.00	0.00	0.00	0.00	0.20	14.64	82.19	0.45	24.71	3167	7778	397	0	0	0	0	0	11343	149.91	11.71	6.53	36.02	26.26	34.92	26.57	1.04	24.94	24.67
6/8/2026 12:53:16 PM	5.82	8.12	0.85	0.00	0.00	0.00	0.00	0.26	14.79	81.38	0.50	24.67	3085	8122	383	0	0	0	0	0	11590	148.43	11.84	7.54	37.21	26.85	35.73	26.40	1.05	24.95	24.62
6/8/2026 12:53:18 PM	6.37	8.23	0.77	0.00	0.00	0.00	0.00	0.09	15.37	81.35	0.54	24.64	3375	8230	348	0	0	0	0	0	11952	148.38	11.80	7.19	38.69	25.70	35.57	26.70	1.05	24.98	24.71
6/8/2026 12:53:21 PM	6.32	8.06	0.93	0.00	0.00	0.00	0.00	0.13	15.30	81.88	0.59	24.58	3350	8056	417	0	0	0	0	0	11822	149.35	12.00	7.27	37.46	26.45	35.89	27.46	1.06	25.01	24.73
6/8/2026 12:53:24 PM	5.55	8.40	1.27	0.00	0.00	0.00	0.00	0.19	15.22	81.79	0.63	24.56	2943	8399	572	0	0	0	0	0	11914	149.18	12.68	7.61	38.57	26.58	36.62	26.80	1.06	25.03	24.73
6/8/2026 12:53:26 PM	5.26	8.33	1.53	0.00	0.00	0.00	0.00	0.21	15.12	81.63	0.67	24.55	2789	8325	690	0	0	0	0	0	11804	148.89	13.01	8.11	38.20	26.70	36.45	26.99	1.07	25.08	24.78
6/8/2026 12:53:29 PM	6.56	8.20	0.93	0.12	0.00	0.00	0.00	0.06	15.81	82.43	0.71	24.48	3478	8202	416	3	0	0	0	0	12101	150.36	12.38	7.48	38.17	26.33	37.24	28.20	1.07	25.09	24.76
6/8/2026 12:53:32 PM	6.97	8.69	0.48	0.31	0.00	0.00	0.00	0.23	16.44	81.36	0.74	24.29	3694	8687	214	9	0	0	0	0	12604	148.40	12.86	8.76	40.62	29.43	39.14	29.80	1.07	25.10	24.76
6/8/2026 12:53:35 PM	6.34	9.84	1.72	0.00	0.00	0.00	0.00	0.18	17.89	80.49	0.78	23.92	3358	9835	773	0	0	0	0	0	13967	146.81	15.09	7.74	44.19	30.58	43.40	31.47	1.08	25.12	24.79
6/8/2026 12:53:37 PM	6.57	10.06	2.13	0.00	0.00	0.00	0.00	0.16	18.77	80.04	0.82	23.76	3484	10062	958	0	0	0	0	0	14505	145.99	16.27	7.94	45.93	32.10	44.40	33.81	1.08	25.15	24.79
6/8/2026 12:53:40 PM	7.24	10.50	1.83	0.00	0.00	0.00	0.00	0.15	19.58	80.98	0.86	23.84	3839	10501	825	0	0	0	0	0	15165	147.70	16.18	9.32	47.95	33.09	45.74	34.84	1.08	25.20	24.84
6/8/2026 12:53:43 PM	8.10	10.60	1.62	0.00	0.00	0.00	0.00	0.10	20.31	80.42	0.90	23.89	4291	10596	729	0	0	0	0	0	15617	146.69	16.26	8.73	49.03	34.09	46.36	36.52	1.09	25.21	24.87
6/8/2026 12:53:46 PM	8.05	11.06	2.41	0.00	0.00	0.00	0.00	0.10	21.51	80.08	0.93	23.86	4264	11056	1086	0	0	0	0	0	16406	146.07	18.18	10.00	51.39	36.26	48.53	39.62	1.09	25.24	24.84
6/8/2026 12:53:48 PM	7.85	10.74	2.44	0.25	0.00	0.00	0.00	0.03	21.29	79.85	0.97	23.75	4160	10742	1100	8	0	0	0	0	16009	145.65	18.45	10.43	50.27	35.32	48.59	39.55	1.09	25.26	24.91
6/8/2026 12:53:51 PM	9.58	11.31	2.21	1.12	0.00	0.00	0.00	0.00	24.22	79.51	1.01	23.24	5078	11306	994	34	0	0	0	0	17411	145.01	21.61	12.29	55.76	40.26	54.64	48.03	1.10	25.27	24.89
6/8/2026 12:53:54 PM	8.92	11.39	3.07	1.04	0.00	0.00	0.00	0.00	24.42	79.49	1.04	23.11	4725	11394	1382	31	0	0	0	0	17532	144.99	22.90	11.78	55.95	40.50	55.33	49.12	1.10	25.30	24.95
6/8/2026 12:53:57 PM	9.23	10.87	2.07	1.75	0.00	0.00	0.00	0.00	23.91	79.39	1.09	23.17	4890	10868	930	53	0	0	0	0	16741	144.81	22.73	12.25	55.00	40.35	55.32	48.53	1.11	25.31	24.94
6/8/2026 12:54:00 PM	9.31	10.96	2.89	1.95	0.00	0.00	0.00	0.00	25.12	79.31	1.12	22.91	4935	10960	1301	59	0	0	0	0	17256	144.66	25.27	12.96	56.60	43.46	57.21	52.72	1.11	25.33	24.95
6/8/2026 12:54:02 PM	10.13	11.12	3.18	2.37	0.00	0.00	0.00	0.00	26.80	79.01	1.15	22.36	5370	11120	1433	71	0	0	0	0	17993	144.12	27.29	13.95	59.54	45.64	60.07	59.36	1.11	25.34	24.97
6/8/2026 12:54:05 PM	9.76	11.89	4.16	1.99	0.00	0.00	0.00	0.00	27.80	79.08	1.19	22.29	5172	11894	1872	60	0	0	0	0	18998	144.25	28.68	13.45	61.76	47.01	62.43	60.71	1.12	25.35	24.99
6/8/2026 12:54:07 PM	10.56	10.57	3.55	4.39	0.00	0.00	0.00	0.00	29.07	79.37	1.22	22.33	5598	10573	1596	132	0	0	0	0	17899	144.76	34.05	15.69	62.52	52.47	66.70	69.54	1.12	25.38	25.02
6/8/2026 12:54:11 PM	10.87	10.71	4.38	4.83	0.00	0.00	0.00	0.00	30.80	79.39	1.26	21.87	5762	10708	1972	145	0	0	0	0	18587	144.80	37.22	17.78	65.61	55.89	69.25	76.09	1.12	25.36	24.99
6/8/2026 12:54:13 PM	10.42	9.91	3.45	5.21	0.00	0.00	0.00	0.00	29.00	79.78	1.28	21.75	5523	9912	1553	156	0	0	0	0	17145	145.51	35.56	17.22	62.29	52.81	66.74	72.08	1.13	25.38	25.00
6/8/2026 12:54:16 PM	11.29	9.46	3.71	6.34	0.00	0.00	0.00	0.00	30.80	79.22	1.31	21.40	5985	9457	1669	190	0	0	0	0	17301	144.49	39.57	18.21	64.14	57.60	70.46	80.40	1.13	25.41	25.05
6/8/2026 12:54:19 PM	12.40	9.38	2.41	6.95	0.00	0.00	0.00	0.00	31.14	79.97	1.34	20.68	6573	9376	1082	209	0	0	0	0	17240	145.86	39.07	19.11	65.17	58.23	71.76	81.29	1.13	25.42	25.08
6/8/2026 12:54:21 PM	12.35	8.95	2.32	8.01	0.00	0.00	0.00	0.00	31.63	79.96	1.37	20.52	6545	8949	1046	240	0	0	0	0	16780	145.85	41.59	19.72	65.92	59.54	74.28	85.16	1.13	25.45	25.10
6/8/2026 12:54:24 PM	12.84	8.19	2.20	11.03	0.00	0.00	0.00	0.00	34.26	80.22	1.40	20.65	6806	8191	989	331	0	0	0	0	16317	146.32	50.02	23.88	70.53	67.47	82.61	97.44	1.14	25.44	25.10
6/8/2026 12:54:27 PM	12.47	7.63	2.91	11.05	0.00	0.00	0.00	0.00	34.06	80.86	1.44	20.65	6608	7633	1309	332	0	0	0	0	15882	147.48	51.23	23.30	68.60	68.64	81.51	98.54	1.14	25.45	25.12
6/8/2026 12:54:30 PM	13.14	6.11	1.74	12.04	0.00	0.00	0.00	0.00	33.03	80.59	1.47	20.51	6963	6108	784	361	0	0	0	0	14217	146.99	51.10	23.58	64.77	69.15	79.19	99.00	1.14	25.46	25.08
6/8/2026 12:54:32 PM	12.05	7.05	3.13	10.08	0.00	0.00	0.00	0.00	32.30	80.59	1.51	20.36	6386	7049	1409	302	0	0	0	0	15145	147.00	48.19	22.53	64.34	65.64	75.39	93.92	1.15	25.46	25.13
6/8/2026 12:54:35 PM	11.70	7.90	4.11	8.62	0.00	0.00	0.00	0.00	32.32	80.68	1.54	20.09	6201	7898	1848	259	0	0	0	0	16206	147.17	46.48	21.97	64.72	64.97	73.37	90.91	1.15	25.47	25.15
6/8/2026 12:54:38 PM	12.81	6.40	2.34	9.22	0.00	0.00	0.00	0.00	30.76	80.58	1.59	19.69	6788	6398	1051	277	0	0	0	0	14514	146.98	44.03	21.36	59.97	63.43	69.59	89.35	1.16	25.48	25.12
6/8/2026 12:54:41 PM	12.26	5.36	2.55	8.78	0.00	0.00	0.00	0.00	28.95	81.04	1.61	19.63	6498	5358	1146	264	0	0	0	0	13266	147.82	42.42	19.52	54.54	61.59	64.63	85.86	1.16	25.47	25.12
6/8/2026 12:54:44 PM	12.84	4.32	1.22	8.77	0.00	0.00	0.00	0.07	27.15	82.64	1.64	19.78	6805	4319	548	263	0	0	0	0	11935	150.72	39.40	18.08	49.80	60.06	60.49	82.30	1.16	25.47	25.21
6/8/2026 12:54:46 PM	13.04	3.95	0.99	8.67	0.00	0.00	0.00	0.06	26.65	82.53	1.67	19.71	6913	3951	445	260	0	0	0	0	11569	150.52	38.39	18.17	48.38	59.29	58.50	81.49	1.16	25.46	25.15
6/8/2026 12:54:49 PM	12.68	4.80	2.02	7.83	0.00	0.00	0.00	0.04	27.33	82.22	1.71	19.58	6722	4798	907	235	0	0	0	0	12663	149.97	38.44	18.27	50.28	59.38	58.83	81.29	1.17	25.47	25.16
6/8/2026 12:54:52 PM	12.64	4.18	1.18	8.53	0.00	0.00	0.00	0.05	26.52	82.74	1.76	19.48	6701	4177	529	256	0	0	0	0	11664	150.91	38.28	18.42	48.80	58.51	58.46	80.38	1.17	25.47	25.23
6/8/2026 12:54:55 PM	12.03	2.79	0.32	8.78	0.00	0.00	0.00	0.15	23.92	82.73	1.81	19.52	6375	2786	145	263	0	0	0	0	9570	150.90	36.19	16.26	42.66	55.86	54.09	76.28	1.18	25.45	25.28
6/8/2026 12:54:57 PM	12.26	3.39	1.20	7.79	0.00	0.00	0.00	0.06	24.64	83.09	1.86	19.44	6499	3391	538	234	0	0	0	0	10663	151.55	35.43	16.55	43.87	55.34	53.04	76.24	1.18	25.46	25.24
6/8/2026 12:55:00 PM	11.91	3.33	1.62	7.57	0.00	0.00	0.00	0.12	24.44	82.88	1.89	19.43	6314	3334	727	227	0	0	0	0	10603	151.17	35.60	16.44	43.33	55.89	52.20	76.39	1.19	25.46	25.23
6/8/2026 12:55:03 PM	12.34	3.37	1.07	7.79	0.00	0.00	0.00	0.12	24.57	82.58	1.94	19.45	6539	3371	482	234	0	0	0	0	10626	150.62	35.35	16.15	43.63	56.10	53.14	76.44	1.19	25.47	25.21
6/8/2026 12:55:06 PM	11.16	2.41	0.34	7.84	0.00	0.00	0.00	0.22	21.75	83.36	2.00	18.35	5915	2407	154	235	0	0	0	0	8711	152.05	32.83	15.44	38.74	52.24	48.37	70.32	1.20	25.46	25.24
6/8/2026 12:55:09 PM	10.34	2.25	0.50	7.35	0.00	0.00	0.00	0.27	20.44	84.08	2.05	17.63	5478	2252	224	221	0	0	0	0	8175	153.36	31.27	14.41	36.44	50.01	45.72	66.64	1.20	25.44	25.24
6/8/2026 12:55:11 PM	10.19	2.53	0.97	6.89	0.00	0.00	0.00	0.22	20.58	84.01	2.10	17.01	5401	2529	438	207	0	0	0	0	8575	153.23	30.90	14.24	36.73	49.17	45.22	65.97	1.21	25.42	25.26
6/8/2026 12:55:14 PM	10.00	2.39	1.19	6.76	0.00	0.00	0.00	0.22	20.34	84.42	2.16	16.78	5298	2392	534	203	0	0	0	0	8427	153.98	30.80	13.86	35.92	48.86	44.45	65.67	1.21	25.41	25.26
6/8/2026 12:55:17 PM	9.90	2.38	0.98	6.66	0.00	0.00	0.00	0.24	19.91	84.25	2.21	17.09	5245	2376	443	200	0	0	0	0	8263	153.67	30.02	13.84	35.43	48.11	43.64	64.27	1.22	25.43	25.29
6/8/2026 12:55:20 PM	9.85	2.64	1.30	6.35	0.00	0.00	0.00	0.22	20.15	84.03	2.26	17.60	5221	2644	586	191	0	0	0	0	8641	153.26	29.94	13.42	35.84	48.06	43.86	64.18	1.22	25.40	25.26
6/8/2026 12:55:23 PM	9.29	2.08	0.56	6.43	0.00	0.00	0.00	0.31	18.35	84.48	2.32	17.70	4924	2079	251	193	0	0	0	0	7447	154.09	28.05	12.76	32.82	45.76	41.14	60.08	1.23	25.37	25.28
6/8/2026 12:55:25 PM	8.58	1.94	1.10	5.90	0.00	0.00	0.00	0.24	17.51	84.54	2.36	17.78	4549	1937	494	177	0	0	0	0	7156	154.20	27.02	11.82	30.90	43.08	38.78	57.38	1.23	25.35	25.28
6/8/2026 12:55:28 PM	8.86	2.25	1.33	5.46	0.00	0.00	0.00	0.20	17.89	84.85	2.42	17.99	4695	2246	597	164	0	0	0	0	7702	154.76	26.47	11.96	31.59	42.87	38.44	57.30	1.24	25.36	25.31
6/8/2026 12:55:31 PM	9.55	2.49	0.73	6.38	0.00	0.00	0.00	0.13	19.15	84.85	2.46	18.02	5063	2488	330	191	0	0	0	0	8072	154.76	28.32	13.31	34.60	44.64	42.46	60.37	1.24	25.37	25.32
6/8/2026 12:55:34 PM	10.01	2.86	1.03	6.58	0.00	0.00	0.00	0.11	20.48	84.44	2.51	17.89	5307	2856	465	197	0	0	0	0	8825	154.01	30.00	14.30	37.16	46.98	44.89	63.79	1.25	25.32	25.28
6/8/2026 12:55:36 PM	9.66	2.55	0.83	7.44	0.00	0.00	0.00	0.10	20.49	84.36	2.56	17.54	5122	2554	374	223	0	0	0	0	8273	153.88	31.69	15.14	37.57	47.35	46.52	64.99	1.25	25.30	25.28
6/8/2026 12:55:39 PM	9.33	2.49	1.16	7.48	0.00	0.00	0.00	0.10	20.47	84.65	2.60	16.85	4947	2492	524	224	0	0	0	0	8187	154.40	32.34	14.78	37.31	47.49	46.77	65.39	1.26	25.30	25.32
6/8/2026 12:55:42 PM	9.09	2.62	0.94	7.78	0.00	0.00	0.00	0.10	20.43	84.43	2.65	16.85	4815	2620	423	233	0	0	0	0	8092	154.00	32.67	15.57	38.19	47.20	47.64	64.87	1.26	25.28	25.39
6/8/2026 12:55:44 PM	9.23	2.65	0.86	7.78	0.00	0.00	0.00	0.10	20.53	84.93	2.70	17.04	4891	2650	389	234	0	0	0	0	8163	154.90	32.60	15.64	38.37	47.37	47.76	65.04	1.26	25.28	25.36
6/8/2026 12:55:47 PM	9.06	2.41	0.93	7.65	0.00	0.00	0.00	0.10	20.06	84.90	2.74	17.24	4803	2411	419	230	0	0	0	0	7863	154.85	32.11	15.00	37.02	46.54	46.57	64.16	1.27	25.25	25.39
6/8/2026 12:55:50 PM	8.91	2.50	1.11	7.52	0.00	0.00	0.00	0.09	20.03	85.12	2.78	17.23	4720	2499	499	225	0	0	0	0	7944	155.26	32.05	14.73	36.99	46.20	46.52	63.78	1.27	25.21	25.36
6/8/2026 12:55:53 PM	9.31	2.34	0.51	8.21	0.00	0.00	0.00	0.08	20.38	85.18	2.82	17.21	4937	2342	230	246	0	0	0	0	7755	155.36	32.91	15.41	37.80	47.10	48.23	65.28	1.28	25.18	25.28
6/8/2026 12:55:55 PM	9.01	2.72	0.97	7.62	0.00	0.00	0.00	0.09	20.32	84.79	2.86	17.10	4773	2721	437	229	0	0	0	0	8160	154.66	32.23	15.41	38.13	46.50	47.34	63.99	1.28	25.16	25.31
6/8/2026 12:55:58 PM	8.35	2.11	0.83	7.60	0.00	0.00	0.00	0.13	18.90	84.81	2.90	17.05	4424	2113	376	228	0	0	0	0	7141	154.69	31.21	14.64	35.16	44.64	44.73	61.35	1.28	25.19	25.34
6/8/2026 12:56:01 PM	7.78	3.04	1.75	6.04	0.00	0.00	0.00	0.16	18.61	84.86	2.94	16.88	4121	3039	789	181	0	0	0	0	8130	154.78	28.93	13.86	35.47	42.93	42.43	57.61	1.29	25.13	25.34
6/8/2026 12:56:04 PM	7.97	2.62	1.39	5.89	0.00	0.00	0.00	0.13	17.86	85.45	2.98	16.78	4223	2616	625	177	0	0	0	0	7640	155.86	27.47	12.98	33.30	41.37	40.37	55.89	1.29	25.10	25.32
6/8/2026 12:56:06 PM	7.44	2.83	1.90	5.33	0.00	0.00	0.00	0.17	17.51	85.15	3.02	16.76	3945	2831	856	160	0	0	0	0	7791	155.31	26.88	12.28	32.77	40.76	39.32	54.41	1.30	25.08	25.24
6/8/2026 12:56:09 PM	7.96	2.60	0.83	5.88	0.00	0.00	0.00	0.16	17.26	85.36	3.07	16.68	4216	2596	372	176	0	0	0	0	7360	155.70	26.31	12.47	32.58	40.35	39.89	53.79	1.30	25.07	25.36
6/8/2026 12:56:12 PM	7.27	2.53	0.78	5.37	0.00	0.00	0.00	0.18	15.95	85.57	3.12	16.71	3851	2530	353	161	0	0	0	0	6895	156.08	24.30	11.68	30.57	37.51	37.20	49.48	1.31	25.05	25.36
6/8/2026 12:56:15 PM	7.35	2.34	0.71	4.94	0.00	0.00	0.00	0.18	15.34	85.76	3.17	15.34	3897	2336	320	148	0	0	0	0	6701	156.42	22.79	10.95	28.89	36.31	35.00	47.77	1.31	24.99	25.24
6/8/2026 12:56:17 PM	6.92	2.41	0.95	4.36	0.00	0.00	0.00	0.22	14.63	85.97	3.22	15.51	3669	2406	425	131	0	0	0	0	6632	156.80	21.45	10.51	27.77	35.06	32.90	45.35	1.32	25.00	25.32
6/8/2026 12:56:20 PM	7.11	1.79	0.30	4.37	0.00	0.00	0.00	0.18	13.56	86.12	3.27	15.68	3767	1792	134	131	0	0	0	0	5824	157.07	19.71	9.49	24.96	32.90	30.57	43.00	1.32	24.96	25.24
6/8/2026 12:56:22 PM	6.62	1.77	0.16	4.03	0.00	0.00	0.00	0.25	12.59	86.13	3.32	15.52	3510	1769	74	121	0	0	0	0	5473	157.10	18.32	8.72	23.53	31.57	28.93	40.08	1.33	24.95	25.24
6/8/2026 12:56:25 PM	5.29	1.55	0.39	3.19	0.00	0.00	0.00	0.22	10.42	86.47	3.38	14.82	2805	1549	173	96	0	0	0	0	4624	157.71	15.35	7.23	19.84	26.27	24.33	33.07	1.33	24.95	25.29
6/8/2026 12:56:28 PM	5.57	1.52	0.38	3.11	0.00	0.00	0.00	0.19	10.59	86.08	3.45	14.59	2954	1521	172	93	0	0	0	0	4739	157.01	15.19	7.16	19.80	26.33	24.15	33.48	1.34	24.88	25.23
6/8/2026 12:56:31 PM	5.28	1.47	0.64	2.63	0.00	0.00	0.00	0.21	10.02	86.29	3.50	14.50	2801	1469	288	79	0	0	0	0	4637	157.38	14.17	6.23	18.39	25.27	22.41	31.79	1.34	24.85	25.31
6/8/2026 12:56:34 PM	4.79	1.35	0.55	2.72	0.00	0.00	0.00	0.19	9.42	86.33	3.55	14.44	2540	1352	247	82	0	0	0	0	4220	157.46	13.88	6.23	17.71	23.83	21.86	30.06	1.35	24.82	25.29
6/8/2026 12:56:36 PM	5.34	1.50	0.46	2.59	0.00	0.00	0.00	0.13	9.88	86.23	3.61	14.46	2828	1503	205	78	0	0	0	0	4614	157.28	13.50	6.85	18.52	23.81	21.80	30.56	1.35	24.77	25.21
6/8/2026 12:56:39 PM	4.61	1.59	0.92	2.26	0.00	0.00	0.00	0.15	9.38	85.96	3.66	14.40	2446	1585	412	68	0	0	0	0	4511	156.78	13.27	5.95	17.70	22.81	21.12	28.95	1.36	24.78	25.28
6/8/2026 12:56:42 PM	4.76	1.65	0.66	2.42	0.00	0.00	0.00	0.18	9.49	85.86	3.72	14.21	2521	1654	298	73	0	0	0	0	4545	156.60	13.36	6.40	18.29	23.39	21.65	29.23	1.36	24.71	25.26
6/8/2026 12:56:45 PM	5.09	1.61	0.54	2.34	0.00	0.00	0.00	0.15	9.58	85.93	3.77	14.39	2696	1607	244	70	0	0	0	0	4618	156.73	12.96	6.32	18.12	23.21	21.31	29.32	1.37	24.66	25.23
6/8/2026 12:56:47 PM	5.16	1.43	0.28	2.50	0.00	0.00	0.00	0.14	9.37	85.76	3.82	14.12	2736	1427	126	75	0	0	0	0	4364	156.43	12.74	6.27	17.62	22.74	21.10	28.95	1.37	24.66	25.26
6/8/2026 12:56:50 PM	4.69	1.46	0.41	2.26	0.00	0.00	0.00	0.09	8.81	85.85	3.87	13.55	2484	1455	185	68	0	0	0	0	4192	156.58	11.99	5.73	16.80	20.81	20.15	26.71	1.38	24.62	25.20
6/8/2026 12:56:53 PM	3.70	1.46	0.53	2.06	0.00	0.00	0.00	0.13	7.74	85.63	3.92	13.27	1959	1457	238	62	0	0	0	0	3717	156.18	11.17	5.60	15.72	18.71	18.67	23.38	1.38	24.61	25.28
6/8/2026 12:56:56 PM	3.26	1.12	0.42	2.06	0.00	0.00	0.00	0.11	6.85	85.61	4.00	12.41	1727	1115	191	62	0	0	0	0	3094	156.15	10.44	4.93	13.88	16.96	17.23	21.33	1.39	24.54	25.15
6/8/2026 12:56:59 PM	2.87	1.18	0.57	1.68	0.00	0.00	0.00	0.16	6.30	85.72	4.06	12.56	1520	1177	256	50	0	0	0	0	3004	156.35	9.57	4.51	13.08	16.13	15.92	19.51	1.40	24.50	25.16
6/8/2026 12:57:01 PM	3.11	0.99	0.06	1.89	0.00	0.00	0.00	0.11	6.06	85.82	4.12	12.82	1651	992	28	57	0	0	0	0	2728	156.52	8.99	4.65	12.66	15.12	15.65	18.71	1.40	24.45	25.20
6/8/2026 12:57:04 PM	2.63	1.18	0.40	1.40	0.00	0.00	0.00	0.17	5.61	85.84	4.18	12.40	1394	1183	180	42	0	0	0	0	2799	156.57	8.23	4.31	12.19	14.58	14.40	17.02	1.41	24.44	25.15
6/8/2026 12:57:07 PM	1.96	0.73	0.00	1.27	0.00	0.00	0.00	0.25	3.96	86.19	4.24	12.08	1038	733	0	38	0	0	0	0	1809	157.20	6.51	3.21	9.21	12.46	11.80	13.18	1.42	24.39	25.16
6/8/2026 12:57:10 PM	1.84	1.02	0.30	1.14	0.00	0.00	0.00	0.24	4.30	86.27	4.31	12.46	974	1016	137	34	0	0	0	0	2160	157.35	6.88	3.69	10.26	12.72	12.27	13.52	1.42	24.34	25.12
6/8/2026 12:57:12 PM	1.73	0.86	0.23	1.04	0.00	0.00	0.00	0.26	3.85	86.09	4.37	12.36	915	856	104	31	0	0	0	0	1906	157.02	6.31	3.09	9.18	12.15	11.38	12.56	1.43	24.29	25.08
6/8/2026 12:57:15 PM	1.27	0.82	0.32	0.71	0.00	0.00	0.00	0.34	3.13	85.84	4.44	11.33	675	824	145	21	0	0	0	0	1665	156.56	5.42	2.60	8.04	11.58	9.86	10.71	1.43	24.24	25.10
6/8/2026 12:57:18 PM	1.42	0.82	0.34	0.62	0.00	0.00	0.00	0.31	3.20	85.83	4.52	10.97	755	821	151	19	0	0	0	0	1746	156.55	5.22	2.40	7.92	11.38	9.71	10.73	1.44	24.19	25.12
6/8/2026 12:57:20 PM	1.35	0.69	0.15	0.82	0.00	0.00	0.00	0.34	3.01	85.88	4.60	11.24	715	693	67	25	0	0	0	0	1499	156.63	5.34	2.62	7.72	11.55	9.71	10.69	1.45	24.21	25.10
6/8/2026 12:57:23 PM	1.45	0.58	0.00	0.81	0.00	0.00	0.00	0.33	2.84	85.87	4.69	11.77	769	580	0	24	0	0	0	0	1373	156.62	4.94	2.42	7.21	11.06	9.28	10.25	1.46	24.13	25.08
6/8/2026 12:57:26 PM	1.31	0.69	0.20	0.61	0.00	0.00	0.00	0.35	2.81	85.76	4.78	12.09	692	693	89	18	0	0	0	0	1493	156.42	4.82	2.36	7.26	11.17	8.97	10.00	1.47	24.08	25.07
6/8/2026 12:57:29 PM	1.43	0.77	0.18	0.58	0.00	0.00	0.00	0.33	2.97	85.64	4.85	12.04	760	774	82	18	0	0	0	0	1633	156.21	4.78	2.40	7.58	11.08	9.22	10.10	1.48	24.04	25.10
6/8/2026 12:57:31 PM	1.33	0.61	0.00	0.83	0.00	0.00	0.00	0.34	2.77	85.59	4.93	11.30	707	605	0	25	0	0	0	0	1337	156.12	4.98	2.27	7.18	11.05	9.44	10.03	1.48	23.99	25.00
6/8/2026 12:57:34 PM	1.26	0.64	0.22	0.64	0.00	0.00	0.00	0.35	2.77	85.87	4.98	11.00	669	642	100	19	0	0	0	0	1431	156.62	4.90	2.42	7.15	11.12	8.88	10.04	1.49	23.97	25.07
6/8/2026 12:57:37 PM	1.27	0.77	0.10	0.46	0.00	0.00	0.00	0.37	2.59	85.51	5.07	11.69	672	768	43	14	0	0	0	0	1497	155.96	4.23	2.09	7.03	10.81	8.60	9.05	1.50	23.92	24.99
6/8/2026 12:57:40 PM	1.12	0.73	0.26	0.40	0.00	0.00	0.00	0.36	2.51	85.32	5.12	11.55	595	732	115	12	0	0	0	0	1454	155.63	4.27	2.13	6.83	10.52	8.24	8.89	1.50	23.85	24.94
6/8/2026 12:57:42 PM	1.21	0.74	0.14	0.50	0.00	0.00	0.00	0.36	2.59	85.38	5.20	11.60	640	745	62	15	0	0	0	0	1462	155.72	4.39	2.23	7.08	10.72	8.63	9.11	1.51	23.81	24.95
6/8/2026 12:57:45 PM	1.17	0.83	0.40	0.36	0.00	0.00	0.00	0.36	2.76	85.49	5.27	11.65	619	825	180	11	0	0	0	0	1635	155.92	4.56	2.13	7.23	10.97	8.64	9.50	1.52	23.77	24.92
6/8/2026 12:57:48 PM	1.25	0.65	0.04	0.46	0.00	0.00	0.00	0.38	2.41	85.35	5.36	11.47	664	648	20	14	0	0	0	0	1347	155.66	4.06	1.97	6.55	10.61	8.18	8.81	1.53	23.74	24.94
6/8/2026 12:57:51 PM	1.21	0.66	0.20	0.44	0.00	0.00	0.00	0.36	2.51	85.31	5.46	11.16	641	662	90	13	0	0	0	0	1406	155.60	4.29	1.99	6.65	10.67	8.26	9.12	1.53	23.69	24.94
6/8/2026 12:57:53 PM	1.10	0.74	0.19	0.44	0.00	0.00	0.00	0.38	2.48	85.36	5.53	11.00	583	744	88	13	0	0	0	0	1428	155.69	4.31	2.03	6.86	10.66	8.46	8.86	1.54	23.61	24.89
6/8/2026 12:57:56 PM	1.24	0.71	0.20	0.34	0.00	0.00	0.00	0.35	2.49	85.26	5.61	10.80	655	710	92	10	0	0	0	0	1467	155.52	4.01	1.88	6.60	10.33	8.06	8.73	1.55	23.59	24.84
6/8/2026 12:57:59 PM	1.20	0.67	0.03	0.52	0.00	0.00	0.00	0.37	2.42	85.42	5.70	10.36	636	671	13	16	0	0	0	0	1335	155.81	4.15	2.02	6.68	10.44	8.39	8.71	1.56	23.54	24.87
6/8/2026 12:58:01 PM	1.26	0.72	0.11	0.44	0.00	0.00	0.00	0.36	2.54	85.01	5.78	10.41	668	724	50	13	0	0	0	0	1456	155.05	4.18	1.90	6.79	10.63	8.48	8.95	1.57	23.50	24.84
6/8/2026 12:58:04 PM	1.27	0.66	0.06	0.50	0.00	0.00	0.00	0.38	2.49	85.20	5.88	10.19	673	660	25	15	0	0	0	0	1373	155.39	4.22	2.08	6.72	10.86	8.35	9.10	1.58	23.43	24.78
6/8/2026 12:58:07 PM	1.19	0.63	0.07	0.52	0.00	0.00	0.00	0.37	2.42	85.18	5.96	9.80	632	634	32	16	0	0	0	0	1314	155.37	4.25	1.94	6.57	10.57	8.38	8.90	1.58	23.38	24.75
6/8/2026 12:58:10 PM	1.13	0.72	0.19	0.39	0.00	0.00	0.00	0.39	2.43	85.18	6.05	9.73	597	722	84	12	0	0	0	0	1414	155.36	4.18	1.91	6.67	10.76	8.25	8.81	1.59	23.33	24.79
6/8/2026 12:58:12 PM	1.07	0.80	0.30	0.35	0.00	0.00	0.00	0.39	2.51	85.21	6.13	9.79	565	796	134	10	0	0	0	0	1506	155.41	4.29	2.00	6.91	10.78	8.36	8.88	1.60	23.28	24.73
6/8/2026 12:58:15 PM	1.25	0.71	0.21	0.46	0.00	0.00	0.00	0.37	2.63	84.95	6.19	10.02	661	708	96	14	0	0	0	0	1478	154.94	4.42	2.08	6.91	10.91	8.50	9.39	1.61	23.24	24.65
6/8/2026 12:58:18 PM	1.21	0.88	0.37	0.28	0.00	0.00	0.00	0.37	2.74	84.93	6.28	10.40	642	877	166	8	0	0	0	0	1693	154.91	4.33	2.12	7.27	11.00	8.49	9.29	1.62	23.18	24.65
6/8/2026 12:58:21 PM	1.22	0.84	0.31	0.31	0.00	0.00	0.00	0.37	2.67	85.09	6.34	10.55	647	837	138	9	0	0	0	0	1631	155.19	4.27	2.05	7.12	10.92	8.44	9.19	1.62	23.13	24.62
6/8/2026 12:58:24 PM	1.13	0.65	0.11	0.49	0.00	0.00	0.00	0.38	2.38	85.16	6.42	9.90	600	655	48	15	0	0	0	0	1317	155.33	4.23	1.96	6.57	10.66	8.30	8.82	1.63	23.07	24.62
6/8/2026 12:58:26 PM	1.15	0.75	0.23	0.33	0.00	0.00	0.00	0.39	2.47	85.34	6.48	9.57	609	753	102	10	0	0	0	0	1475	155.65	4.11	2.01	6.75	10.74	8.12	8.81	1.63	23.02	24.59
6/8/2026 12:58:29 PM	1.30	0.70	0.08	0.50	0.00	0.00	0.00	0.37	2.58	85.10	6.54	9.71	691	696	38	15	0	0	0	0	1440	155.22	4.30	2.16	6.92	10.89	8.50	9.26	1.64	22.97	24.59
6/8/2026 12:58:32 PM	1.13	0.87	0.40	0.28	0.00	0.00	0.00	0.37	2.68	85.10	6.59	9.91	597	869	182	8	0	0	0	0	1656	155.21	4.35	2.04	7.17	10.84	8.45	9.13	1.65	22.91	24.54
6/8/2026 12:58:34 PM	1.14	0.80	0.28	0.34	0.00	0.00	0.00	0.38	2.57	84.97	6.64	10.14	604	803	126	10	0	0	0	0	1544	154.97	4.26	2.09	7.00	10.80	8.35	8.98	1.65	22.85	24.44
6/8/2026 12:58:37 PM	1.11	0.71	0.22	0.36	0.00	0.00	0.00	0.39	2.40	85.07	6.71	9.61	586	711	100	11	0	0	0	0	1409	155.17	4.15	1.91	6.59	10.75	8.10	8.79	1.66	22.81	24.46
6/8/2026 12:58:40 PM	1.07	0.73	0.22	0.36	0.00	0.00	0.00	0.40	2.38	84.88	6.78	9.35	565	728	101	11	0	0	0	0	1404	154.82	4.15	2.00	6.65	10.75	8.08	8.70	1.66	22.77	24.44
6/8/2026 12:58:42 PM	1.20	0.73	0.15	0.39	0.00	0.00	0.00	0.39	2.47	85.11	6.86	9.31	635	728	69	12	0	0	0	0	1444	155.23	4.14	1.94	6.72	10.85	8.27	8.91	1.67	22.74	24.44
6/8/2026 12:58:46 PM	1.17	0.71	0.17	0.40	0.00	0.00	0.00	0.38	2.44	84.97	6.96	9.31	619	713	75	12	0	0	0	0	1419	154.97	4.14	2.03	6.70	10.70	8.17	8.83	1.68	22.63	24.39
6/8/2026 12:58:48 PM	1.15	0.66	0.15	0.39	0.00	0.00	0.00	0.40	2.34	84.75	7.05	9.33	609	660	65	12	0	0	0	0	1346	154.58	4.05	1.92	6.44	10.72	7.96	8.73	1.69	22.61	24.34
6/8/2026 12:58:51 PM	1.24	0.67	0.00	0.53	0.00	0.00	0.00	0.39	2.44	84.94	7.14	9.37	660	665	0	16	0	0	0	0	1341	154.93	4.18	2.09	6.72	10.84	8.40	8.94	1.70	22.57	24.30
6/8/2026 12:58:54 PM	1.05	0.73	0.25	0.33	0.00	0.00	0.00	0.40	2.35	84.48	7.24	9.22	556	726	111	10	0	0	0	0	1402	154.09	4.09	1.98	6.58	10.68	7.97	8.62	1.71	22.52	24.30
6/8/2026 12:58:56 PM	1.33	0.66	0.00	0.49	0.00	0.00	0.00	0.39	2.47	84.20	7.34	9.09	706	657	0	15	0	0	0	0	1377	153.58	4.09	2.05	6.66	10.90	8.30	9.06	1.72	22.47	24.31
6/8/2026 12:58:59 PM	1.16	0.77	0.20	0.34	0.00	0.00	0.00	0.39	2.48	84.36	7.44	9.44	615	773	89	10	0	0	0	0	1488	153.87	4.11	2.00	6.82	10.82	8.22	8.81	1.73	22.39	24.28
6/8/2026 12:59:02 PM	1.20	0.65	0.06	0.45	0.00	0.00	0.00	0.39	2.37	84.87	7.54	9.58	637	654	26	14	0	0	0	0	1330	154.81	4.06	1.97	6.52	10.66	8.14	8.74	1.74	22.36	24.23
6/8/2026 12:59:05 PM	1.16	0.66	0.01	0.49	0.00	0.00	0.00	0.40	2.31	84.77	7.65	9.45	615	658	3	15	0	0	0	0	1291	154.61	4.05	1.94	6.52	10.65	8.23	8.59	1.75	22.31	24.17
6/8/2026 12:59:08 PM	1.20	0.76	0.14	0.39	0.00	0.00	0.00	0.40	2.49	84.97	7.74	9.23	633	759	65	12	0	0	0	0	1469	154.99	4.14	2.05	6.85	10.91	8.30	8.90	1.76	22.27	24.14
6/8/2026 12:59:10 PM	1.11	0.74	0.02	0.44	0.00	0.00	0.00	0.42	2.31	84.88	7.83	9.36	586	741	11	13	0	0	0	0	1351	154.82	4.02	1.99	6.70	10.79	8.29	8.46	1.77	22.21	24.14
6/8/2026 12:59:13 PM	1.13	0.70	0.00	0.46	0.00	0.00	0.00	0.41	2.29	84.83	7.96	9.14	600	699	0	14	0	0	0	0	1313	154.72	3.98	1.92	6.56	10.65	8.28	8.45	1.78	22.15	24.14
6/8/2026 12:59:16 PM	1.12	0.66	0.00	0.51	0.00	0.00	0.00	0.40	2.29	84.83	8.07	9.14	595	657	0	15	0	0	0	0	1267	154.72	4.04	1.99	6.47	10.67	8.34	8.57	1.79	22.08	24.07
6/8/2026 12:59:19 PM	1.17	0.71	0.00	0.52	0.00	0.00	0.00	0.41	2.40	84.74	8.20	9.23	619	708	0	16	0	0	0	0	1343	154.56	4.19	2.03	6.76	10.95	8.57	8.83	1.80	22.03	24.01
6/8/2026 12:59:21 PM	1.20	0.72	0.00	0.50	0.00	0.00	0.00	0.41	2.41	84.63	8.30	9.20	636	719	0	15	0	0	0	0	1369	154.36	4.03	1.97	6.64	10.94	8.68	8.82	1.81	22.02	24.02
6/8/2026 12:59:24 PM	1.11	0.72	0.00	0.55	0.00	0.00	0.00	0.41	2.38	84.68	8.40	9.23	587	720	0	16	0	0	0	0	1324	154.46	4.17	2.07	6.73	10.90	8.75	8.74	1.82	21.98	23.97
6/8/2026 12:59:27 PM	1.07	0.70	0.00	0.52	0.00	0.00	0.00	0.41	2.30	84.58	8.52	9.36	567	705	0	16	0	0	0	0	1287	154.27	4.06	1.97	6.55	10.77	8.61	8.53	1.83	21.92	23.96
6/8/2026 12:59:29 PM	1.22	0.75	0.00	0.50	0.00	0.00	0.00	0.41	2.47	84.64	8.59	9.36	644	749	0	15	0	0	0	0	1408	154.38	4.10	1.97	6.78	11.04	8.82	8.91	1.84	21.88	23.97
6/8/2026 12:59:32 PM	1.11	0.68	0.00	0.61	0.00	0.00	0.00	0.41	2.41	84.51	8.68	9.56	590	683	0	18	0	0	0	0	1292	154.14	4.27	2.13	6.67	10.99	8.96	8.98	1.85	21.81	23.91
6/8/2026 12:59:34 PM	1.08	0.72	0.00	0.58	0.00	0.00	0.00	0.41	2.37	84.64	8.76	9.24	570	715	0	17	0	0	0	0	1303	154.38	4.18	2.05	6.67	10.88	8.92	8.74	1.86	21.76	23.80
6/8/2026 12:59:37 PM	1.12	0.77	0.00	0.54	0.00	0.00	0.00	0.40	2.43	84.42	8.85	9.27	595	767	0	16	0	0	0	0	1379	153.98	4.17	2.08	6.89	10.84	8.88	8.71	1.87	21.74	23.86
6/8/2026 12:59:40 PM	1.07	0.74	0.00	0.52	0.00	0.00	0.00	0.42	2.33	84.54	8.96	9.13	568	744	0	16	0	0	0	0	1327	154.19	4.06	1.93	6.64	10.88	8.80	8.57	1.88	21.66	23.80
6/8/2026 12:59:43 PM	1.16	0.69	0.00	0.53	0.00	0.00	0.00	0.41	2.38	84.55	9.06	9.10	613	695	0	16	0	0	0	0	1323	154.22	4.13	1.98	6.63	10.94	8.63	8.81	1.89	21.64	23.78
6/8/2026 12:59:45 PM	1.15	0.70	0.00	0.60	0.00	0.00	0.00	0.42	2.45	84.54	9.18	9.21	609	697	0	18	0	0	0	0	1324	154.20	4.30	2.10	6.73	11.30	9.00	9.17	1.90	21.59	23.78
6/8/2026 12:59:48 PM	1.24	0.84	0.00	0.51	0.00	0.00	0.00	0.41	2.59	84.56	9.30	9.28	655	836	0	15	0	0	0	0	1507	154.24	4.21	2.14	7.17	11.28	9.13	9.09	1.91	21.54	23.77
6/8/2026 12:59:51 PM	1.31	0.88	0.00	0.52	0.00	0.00	0.00	0.41	2.72	84.36	9.41	9.32	695	882	0	16	0	0	0	0	1593	153.86	4.37	2.11	7.47	11.38	9.32	9.32	1.92	21.50	23.69
6/8/2026 12:59:54 PM	1.12	0.77	0.00	0.49	0.00	0.00	0.00	0.42	2.38	84.31	9.54	9.22	591	767	0	15	0	0	0	0	1373	153.78	4.10	1.95	6.79	10.96	8.71	8.64	1.93	21.45	23.64
6/8/2026 12:59:56 PM	1.26	0.86	0.00	0.50	0.00	0.00	0.00	0.42	2.62	84.42	9.63	9.34	669	859	0	15	0	0	0	0	1543	153.98	4.30	2.10	7.33	11.43	9.09	9.19	1.94	21.41	23.65
6/8/2026 12:59:59 PM	1.29	0.85	0.00	0.51	0.00	0.00	0.00	0.41	2.65	84.21	9.71	9.47	682	850	0	15	0	0	0	0	1548	153.60	4.34	2.15	7.37	11.36	9.08	9.24	1.95	21.34	23.57
6/8/2026 1:00:02 PM	1.19	0.75	0.00	0.55	0.00	0.00	0.00	0.41	2.49	84.26	9.78	9.49	631	751	0	16	0	0	0	0	1399	153.68	4.23	2.09	6.89	11.16	8.92	9.04	1.96	21.30	23.54
6/8/2026 1:00:04 PM	1.22	0.76	0.00	0.48	0.00	0.00	0.00	0.42	2.46	84.09	9.85	9.60	645	760	0	14	0	0	0	0	1420	153.38	4.14	1.92	6.84	11.17	8.70	8.92	1.97	21.27	23.56
6/8/2026 1:00:07 PM	1.08	0.74	0.00	0.44	0.00	0.00	0.00	0.44	2.26	84.02	9.94	9.52	570	738	0	13	0	0	0	0	1321	153.24	3.96	1.88	6.55	11.01	8.40	8.45	1.97	21.21	23.46
6/8/2026 1:00:10 PM	1.35	0.82	0.00	0.57	0.00	0.00	0.00	0.40	2.74	83.50	10.01	9.32	716	820	0	17	0	0	0	0	1553	152.30	4.44	2.11	7.33	11.52	9.35	9.59	1.98	21.19	23.48
