Date/Time	Green Algae	Bluegreen	Diatoms	Cryptophyta	#5	#6	#7	Yellow substances	Total conc.	Transmission	Depth	Temp. Sample	Green Algae	Bluegreen	Diatoms	Cryptophyta	#5	#6	#7	Yellow substances	Total cell count	Trans. 700 nm	LED 3 [525 nm]	LED 4 [570 nm]	LED 5 [610 nm]	LED 6 [370 nm]	LED 7 [590 nm]	LED 8 [470 nm]	Pressure	Temp. LEDs	Temp. Sensor
date	ṁg/l	ṁg/l	ṁg/l	ṁg/l	ṁg/l	ṁg/l	ṁg/l	r.u.	ṁg/l	%	m	ḞC	cells/ml	cells/ml	cells/ml	cells/ml	cells/ml	cells/ml	cells/ml	r.u.	cells/ml	digits	digits	digits	digits	digits	digits	digits	bar	ḞC	ḞC
6/11/2026 11:30:33 AM	2.42	0.00	0.78	0.18	0.00	0.00	0.00	0.00	3.38	85.52	0.07	25.69	1282	0	351	6	0	0	0	0	1639	155.98	4.09	1.34	4.09	8.57	7.03	12.00	1.01	27.22	27.43
6/11/2026 11:30:36 AM	1.60	0.00	1.48	0.00	0.00	0.00	0.00	0.04	3.08	85.48	0.17	25.60	847	0	665	0	0	0	0	0	1512	155.91	4.61	2.11	3.54	8.53	5.85	11.78	1.02	27.23	27.38
6/11/2026 11:30:39 AM	1.36	0.00	1.55	0.01	0.00	0.00	0.00	0.08	2.92	85.39	0.26	25.63	721	0	697	0	0	0	0	0	1419	155.75	4.88	1.41	4.05	8.78	6.01	11.30	1.03	27.24	27.32
6/11/2026 11:30:42 AM	1.96	0.00	1.46	0.00	0.00	0.00	0.00	0.00	3.42	85.24	0.34	25.64	1038	0	658	0	0	0	0	0	1696	155.47	4.79	1.18	4.29	8.61	6.12	12.64	1.03	27.24	27.30
6/11/2026 11:30:45 AM	1.98	0.00	1.14	0.21	0.00	0.00	0.00	0.00	3.32	85.55	0.42	25.66	1047	0	511	6	0	0	0	0	1564	156.03	4.77	1.58	4.78	8.60	6.69	11.89	1.04	27.28	27.33
6/11/2026 11:30:47 AM	1.54	0.00	1.76	0.04	0.00	0.00	0.00	0.03	3.33	85.30	0.50	25.69	816	0	790	1	0	0	0	0	1607	155.57	5.35	1.63	3.98	9.08	6.67	12.59	1.05	27.34	27.35
6/11/2026 11:30:50 AM	1.77	0.00	1.42	0.04	0.00	0.00	0.00	0.11	3.23	85.51	0.59	25.75	938	0	639	1	0	0	0	0	1578	155.97	4.98	1.42	4.33	9.91	6.36	12.44	1.06	27.32	27.35
6/11/2026 11:30:53 AM	2.09	0.00	1.03	0.18	0.00	0.00	0.00	0.05	3.31	85.05	0.65	25.70	1108	0	466	6	0	0	0	0	1579	155.13	4.72	1.14	4.85	9.37	6.70	12.07	1.06	27.35	27.40
6/11/2026 11:30:55 AM	1.96	0.00	1.34	0.07	0.00	0.00	0.00	0.00	3.37	85.81	0.72	25.70	1037	0	605	2	0	0	0	0	1644	156.51	4.68	1.81	3.72	8.73	6.77	12.32	1.07	27.39	27.43
6/11/2026 11:30:58 AM	2.07	0.00	1.21	0.00	0.00	0.00	0.00	0.00	3.28	85.71	0.78	25.62	1097	0	544	0	0	0	0	0	1642	156.33	4.12	1.33	3.60	7.81	6.40	12.36	1.08	27.37	27.41
6/11/2026 11:31:01 AM	1.23	0.13	1.86	0.00	0.00	0.00	0.00	0.07	3.23	85.45	0.85	25.58	654	130	839	0	0	0	0	0	1624	155.85	5.59	1.62	5.23	9.30	6.29	12.00	1.08	27.42	27.53
6/11/2026 11:31:04 AM	1.87	0.00	1.37	0.01	0.00	0.00	0.00	0.00	3.25	85.42	0.94	25.53	993	0	615	0	0	0	0	0	1609	155.80	4.68	0.49	4.34	8.41	6.49	11.70	1.09	27.40	27.49
6/11/2026 11:31:06 AM	1.87	0.00	0.84	0.29	0.00	0.00	0.00	0.18	3.00	85.40	1.01	25.55	990	0	378	9	0	0	0	0	1377	155.76	4.71	1.17	4.39	10.25	7.01	11.87	1.10	27.43	27.49
6/11/2026 11:31:09 AM	1.83	0.03	1.57	0.00	0.00	0.00	0.00	0.00	3.43	85.10	1.08	25.57	971	27	706	0	0	0	0	0	1703	155.22	5.05	1.74	5.30	8.86	5.78	12.29	1.11	27.42	27.51
6/11/2026 11:31:12 AM	1.78	0.00	1.71	0.00	0.00	0.00	0.00	0.00	3.49	85.12	1.15	25.57	943	0	771	0	0	0	0	0	1714	155.25	5.19	1.44	4.40	8.78	6.38	13.03	1.11	27.45	27.48
6/11/2026 11:31:14 AM	2.02	0.00	1.15	0.00	0.00	0.00	0.00	0.04	3.18	85.90	1.22	25.60	1072	0	519	0	0	0	0	0	1591	156.68	4.44	0.52	4.86	8.85	5.68	11.51	1.12	27.50	27.49
6/11/2026 11:31:18 AM	2.16	0.00	1.07	0.11	0.00	0.00	0.00	0.08	3.33	85.22	1.31	25.52	1144	0	481	3	0	0	0	0	1628	155.43	4.64	1.10	4.73	9.75	6.52	12.31	1.13	27.48	27.51
6/11/2026 11:31:20 AM	1.75	0.00	1.82	0.00	0.00	0.00	0.00	0.01	3.57	85.17	1.38	25.44	926	0	819	0	0	0	0	0	1745	155.34	5.46	1.39	4.09	9.30	6.65	13.27	1.14	27.48	27.51
6/11/2026 11:31:23 AM	2.06	0.00	1.40	0.25	0.00	0.00	0.00	0.02	3.71	84.83	1.47	25.43	1090	0	630	8	0	0	0	0	1728	154.72	5.60	1.19	5.09	9.86	7.43	13.46	1.14	27.53	27.51
6/11/2026 11:31:26 AM	2.01	0.00	1.44	0.14	0.00	0.00	0.00	0.02	3.59	84.83	1.56	25.42	1063	0	650	4	0	0	0	0	1718	154.73	5.24	2.30	5.04	9.65	6.47	13.13	1.15	27.54	27.53
6/11/2026 11:31:28 AM	1.47	0.00	1.85	0.13	0.00	0.00	0.00	0.05	3.45	85.42	1.64	25.46	779	0	833	4	0	0	0	0	1616	155.80	5.91	1.31	4.62	9.68	6.99	13.11	1.16	27.55	27.62
6/11/2026 11:31:31 AM	1.89	0.00	1.70	0.17	0.00	0.00	0.00	0.00	3.76	85.47	1.74	25.35	1000	0	767	5	0	0	0	0	1772	155.90	5.74	1.86	5.05	9.46	7.07	13.94	1.17	27.53	27.54
6/11/2026 11:31:34 AM	1.97	0.00	1.67	0.11	0.00	0.00	0.00	0.00	3.76	85.14	1.85	25.34	1047	0	751	3	0	0	0	0	1801	155.29	5.59	2.00	5.34	9.56	6.60	13.73	1.18	27.58	27.61
6/11/2026 11:31:37 AM	1.50	0.00	2.15	0.00	0.00	0.00	0.00	0.00	3.65	85.72	1.95	25.36	795	0	966	0	0	0	0	0	1761	156.35	5.95	0.83	3.19	9.17	6.76	14.22	1.19	27.58	27.61
6/11/2026 11:31:39 AM	1.91	0.00	1.82	0.05	0.00	0.00	0.00	0.00	3.78	85.97	2.05	25.37	1012	0	820	1	0	0	0	0	1833	156.81	5.31	3.32	5.07	8.80	6.17	14.57	1.20	27.58	27.61
6/11/2026 11:31:42 AM	2.15	0.00	0.86	0.56	0.00	0.00	0.00	0.02	3.56	84.78	2.15	25.37	1138	0	385	17	0	0	0	0	1540	154.64	5.26	2.09	4.73	9.40	8.20	12.93	1.21	27.60	27.67
6/11/2026 11:31:45 AM	1.66	0.00	1.28	0.00	0.00	0.00	0.00	0.18	2.95	84.45	2.25	25.34	882	0	578	0	0	0	0	0	1460	154.03	4.69	0.42	3.27	10.12	6.05	12.26	1.22	27.62	27.64
6/11/2026 11:31:48 AM	1.50	0.17	1.96	0.00	0.00	0.00	0.00	0.07	3.64	85.58	2.32	25.36	795	175	884	0	0	0	0	0	1854	156.09	6.07	1.08	5.91	10.23	6.64	13.27	1.23	27.61	27.64
6/11/2026 11:31:50 AM	2.53	0.00	1.69	0.00	0.00	0.00	0.00	0.00	4.22	85.56	2.41	25.33	1340	0	762	0	0	0	0	0	2101	156.05	5.58	1.57	4.52	10.70	7.03	15.37	1.24	27.62	27.65
6/11/2026 11:31:53 AM	2.87	0.00	1.27	0.00	0.00	0.00	0.00	0.00	4.14	86.02	2.49	25.29	1522	0	572	0	0	0	0	0	2094	156.89	4.94	0.05	5.16	10.02	7.16	14.92	1.24	27.63	27.64
6/11/2026 11:31:56 AM	1.87	0.00	2.18	0.04	0.00	0.00	0.00	0.00	4.09	85.05	2.59	25.30	992	0	983	1	0	0	0	0	1976	155.12	6.33	2.46	5.62	10.24	6.58	15.29	1.25	27.67	27.67
6/11/2026 11:31:59 AM	1.53	0.00	2.45	0.00	0.00	0.00	0.00	0.00	3.98	85.19	2.70	25.29	812	0	1101	0	0	0	0	0	1914	155.38	6.54	1.60	4.03	9.84	6.77	15.57	1.26	27.64	27.67
6/11/2026 11:32:01 AM	2.14	0.00	1.40	0.60	0.00	0.00	0.00	0.00	4.14	85.44	2.78	25.27	1135	0	631	18	0	0	0	0	1783	155.83	6.20	2.62	6.52	9.13	8.27	16.05	1.27	27.66	27.67
6/11/2026 11:32:04 AM	2.35	0.08	1.57	0.24	0.00	0.00	0.00	0.03	4.24	85.11	2.86	25.24	1244	76	709	7	0	0	0	0	2036	155.24	6.16	2.04	6.24	11.23	7.53	15.15	1.28	27.67	27.69
6/11/2026 11:32:07 AM	2.69	0.00	1.45	0.36	0.00	0.00	0.00	0.00	4.50	85.01	2.93	25.24	1425	0	654	11	0	0	0	0	2089	155.05	6.08	1.85	5.94	10.62	8.28	16.67	1.29	27.68	27.70
6/11/2026 11:32:09 AM	1.93	0.04	2.46	0.00	0.00	0.00	0.00	0.00	4.43	84.65	3.01	25.28	1023	41	1105	0	0	0	0	0	2170	154.39	7.04	1.59	5.98	11.30	7.19	16.19	1.29	27.71	27.73
6/11/2026 11:32:12 AM	2.14	0.00	2.42	0.16	0.00	0.00	0.00	0.00	4.72	84.26	3.10	25.29	1134	0	1089	5	0	0	0	0	2227	153.69	7.41	1.91	5.87	11.81	8.05	17.58	1.30	27.71	27.81
6/11/2026 11:32:15 AM	2.52	0.06	2.82	0.00	0.00	0.00	0.00	0.05	5.39	84.54	3.19	24.83	1334	58	1269	0	0	0	0	0	2660	154.20	8.35	1.13	6.88	14.32	8.22	19.85	1.31	27.72	27.67
6/11/2026 11:32:18 AM	1.77	0.00	3.63	0.00	0.00	0.00	0.00	0.00	5.40	84.43	3.29	24.50	936	0	1634	0	0	0	0	0	2570	153.99	9.18	1.52	5.79	12.92	8.69	21.16	1.32	27.73	27.80
6/11/2026 11:32:20 AM	1.82	0.00	3.46	0.00	0.00	0.00	0.00	0.00	5.28	84.70	3.37	24.47	963	0	1557	0	0	0	0	0	2520	154.48	8.72	2.46	5.12	12.66	8.16	20.83	1.33	27.69	27.67
6/11/2026 11:32:23 AM	3.50	0.00	1.99	0.13	0.00	0.00	0.00	0.00	5.62	84.34	3.45	24.48	1854	0	896	4	0	0	0	0	2753	153.84	7.01	2.21	7.01	13.35	8.26	20.54	1.34	27.75	27.77
6/11/2026 11:32:26 AM	2.36	0.00	2.87	0.10	0.00	0.00	0.00	0.02	5.33	84.91	3.52	24.48	1252	0	1290	3	0	0	0	0	2545	154.87	8.31	2.79	5.99	13.80	8.34	19.91	1.35	27.73	27.75
6/11/2026 11:32:29 AM	2.50	0.00	3.79	0.00	0.00	0.00	0.00	0.00	6.30	85.01	3.60	24.46	1327	0	1708	0	0	0	0	0	3035	155.05	9.91	1.81	5.93	15.11	9.13	24.45	1.35	27.73	27.75
6/11/2026 11:32:31 AM	3.18	0.00	3.28	0.01	0.00	0.00	0.00	0.00	6.48	85.02	3.66	24.36	1687	0	1475	0	0	0	0	0	3163	155.07	9.42	1.78	7.34	15.96	9.28	23.93	1.36	27.73	27.80
6/11/2026 11:32:34 AM	3.16	0.00	4.00	0.00	0.00	0.00	0.00	0.00	7.15	84.44	3.74	24.08	1674	0	1798	0	0	0	0	0	3472	154.02	10.55	2.69	6.02	17.03	9.92	27.65	1.37	27.73	27.80
6/11/2026 11:32:37 AM	2.62	0.00	4.91	0.00	0.00	0.00	0.00	0.00	7.53	84.91	3.81	23.86	1391	0	2207	0	0	0	0	0	3598	154.87	12.20	3.97	7.43	18.14	10.39	29.19	1.37	27.76	27.86
6/11/2026 11:32:40 AM	3.33	0.00	4.59	0.30	0.00	0.00	0.00	0.00	8.22	84.95	3.90	23.57	1763	0	2066	9	0	0	0	0	3838	154.93	12.92	3.56	8.22	20.01	12.07	31.16	1.38	27.74	27.80
6/11/2026 11:32:42 AM	2.92	0.00	4.74	0.39	0.00	0.00	0.00	0.00	8.05	84.78	3.97	23.24	1550	0	2131	12	0	0	0	0	3693	154.64	13.30	3.00	8.20	19.48	12.49	30.85	1.39	27.73	27.81
6/11/2026 11:32:45 AM	2.97	0.00	5.04	0.28	0.00	0.00	0.00	0.00	8.29	84.62	4.05	23.11	1577	0	2268	8	0	0	0	0	3853	154.34	13.57	3.68	8.67	19.88	11.97	31.95	1.40	27.75	27.83
6/11/2026 11:32:48 AM	2.72	0.00	5.36	0.08	0.00	0.00	0.00	0.00	8.16	84.57	4.11	23.10	1442	0	2412	2	0	0	0	0	3856	154.24	13.56	3.42	8.22	19.73	11.43	31.53	1.40	27.76	27.85
6/11/2026 11:32:51 AM	3.17	0.00	4.95	0.23	0.00	0.00	0.00	0.00	8.35	84.69	4.18	23.16	1679	0	2227	7	0	0	0	0	3913	154.48	13.45	3.12	8.75	20.24	11.94	31.80	1.41	27.78	27.86
6/11/2026 11:32:54 AM	3.17	0.00	4.81	0.68	0.00	0.00	0.00	0.00	8.66	84.43	4.25	22.55	1680	0	2163	20	0	0	0	0	3863	154.00	14.43	3.61	9.82	20.72	13.39	33.13	1.42	27.74	27.85
6/11/2026 11:32:56 AM	3.06	0.19	4.24	1.06	0.00	0.00	0.00	0.00	8.54	84.58	4.31	20.69	1621	187	1908	32	0	0	0	0	3748	154.27	14.60	3.79	11.59	20.59	14.29	31.52	1.42	27.77	27.88
6/11/2026 11:32:59 AM	2.81	0.00	4.11	1.34	0.00	0.00	0.00	0.00	8.25	84.56	4.39	18.74	1489	0	1849	40	0	0	0	0	3378	154.23	14.97	4.04	10.86	20.71	14.46	30.88	1.43	27.76	27.85
6/11/2026 11:33:02 AM	2.99	0.00	4.21	0.88	0.00	0.00	0.00	0.00	8.08	84.64	4.47	17.80	1586	0	1894	26	0	0	0	0	3506	154.38	13.87	3.51	9.86	20.06	13.19	30.33	1.44	27.74	27.91
6/11/2026 11:33:04 AM	3.20	0.00	4.11	0.95	0.00	0.00	0.00	0.00	8.27	84.53	4.55	17.04	1698	0	1851	29	0	0	0	0	3577	154.19	14.01	4.19	10.18	20.75	13.25	30.75	1.45	27.74	27.86
6/11/2026 11:33:08 AM	2.57	0.00	4.39	1.20	0.00	0.00	0.00	0.01	8.16	84.31	4.66	16.53	1362	0	1976	36	0	0	0	0	3375	153.78	15.05	3.98	10.33	20.66	14.21	30.75	1.46	27.73	27.91
6/11/2026 11:33:10 AM	2.26	0.00	4.74	2.00	0.00	0.00	0.00	0.10	8.99	83.59	4.78	15.64	1199	0	2131	60	0	0	0	0	3390	152.46	18.15	5.58	12.36	24.11	17.03	34.86	1.47	27.70	27.85
6/11/2026 11:33:13 AM	2.80	0.01	4.57	2.19	0.00	0.00	0.00	0.10	9.56	83.56	4.89	14.92	1482	12	2056	66	0	0	0	0	3615	152.41	18.71	5.72	13.68	25.36	17.75	36.50	1.48	27.68	27.85
6/11/2026 11:33:16 AM	2.77	0.00	4.40	2.36	0.00	0.00	0.00	0.14	9.54	83.68	5.03	14.16	1469	0	1981	71	0	0	0	0	3521	152.63	18.87	6.03	13.31	25.83	18.48	36.84	1.49	27.67	27.86
6/11/2026 11:33:18 AM	2.41	0.00	4.38	2.34	0.00	0.00	0.00	0.18	9.13	83.77	5.17	13.99	1277	0	1971	70	0	0	0	0	3319	152.79	18.72	5.68	13.42	25.45	17.95	35.64	1.51	27.65	27.90
6/11/2026 11:33:21 AM	1.95	0.00	4.63	2.05	0.00	0.00	0.00	0.17	8.62	83.82	5.32	14.08	1033	0	2083	61	0	0	0	0	3177	152.88	18.10	5.22	12.32	24.21	16.94	34.01	1.52	27.62	27.90
6/11/2026 11:33:24 AM	2.67	0.00	4.15	2.16	0.00	0.00	0.00	0.12	8.97	83.85	5.42	14.25	1416	0	1867	65	0	0	0	0	3347	152.94	17.66	5.57	12.79	24.30	17.24	34.54	1.53	27.58	27.90
6/11/2026 11:33:27 AM	2.23	0.00	4.05	2.28	0.00	0.00	0.00	0.16	8.56	83.70	5.50	14.51	1180	0	1823	68	0	0	0	0	3071	152.66	17.65	5.58	12.53	23.83	17.36	33.45	1.54	27.54	27.90
6/11/2026 11:33:29 AM	2.35	0.00	4.26	2.08	0.00	0.00	0.00	0.11	8.68	83.97	5.59	14.38	1244	0	1916	62	0	0	0	0	3222	153.15	17.42	5.45	12.13	23.38	16.98	33.57	1.55	27.52	27.88
6/11/2026 11:33:32 AM	1.73	0.00	4.09	1.92	0.00	0.00	0.00	0.20	7.74	84.21	5.70	13.96	919	0	1841	57	0	0	0	0	2817	153.60	16.47	4.83	11.20	22.37	15.85	30.85	1.56	27.51	27.90
6/11/2026 11:33:35 AM	1.68	0.00	3.95	1.88	0.00	0.00	0.00	0.18	7.51	84.33	5.85	13.29	890	0	1777	56	0	0	0	0	2723	153.82	16.01	5.04	11.42	21.56	15.14	29.75	1.57	27.48	27.90
6/11/2026 11:33:38 AM	1.50	0.00	4.23	1.61	0.00	0.00	0.00	0.23	7.33	84.41	5.97	13.39	794	0	1902	48	0	0	0	0	2744	153.95	15.80	4.48	10.57	21.82	14.62	29.63	1.59	27.43	27.86
6/11/2026 11:33:41 AM	1.39	0.22	4.21	1.55	0.00	0.00	0.00	0.22	7.38	84.42	6.08	13.63	739	222	1895	47	0	0	0	0	2902	153.97	15.69	4.73	11.52	21.46	14.77	28.92	1.60	27.40	27.85
6/11/2026 11:33:43 AM	1.70	0.09	3.99	1.64	0.00	0.00	0.00	0.18	7.42	84.66	6.21	13.40	901	91	1796	49	0	0	0	0	2837	154.42	15.48	4.73	11.29	21.22	14.65	29.09	1.61	27.37	27.83
6/11/2026 11:33:46 AM	1.47	0.00	4.53	1.28	0.00	0.00	0.00	0.23	7.29	84.83	6.32	13.31	781	0	2039	39	0	0	0	0	2858	154.73	15.48	4.14	10.13	21.71	13.69	29.49	1.62	27.37	27.91
6/11/2026 11:33:49 AM	1.64	0.00	3.97	1.61	0.00	0.00	0.00	0.22	7.21	84.85	6.43	13.58	869	0	1786	48	0	0	0	0	2703	154.76	15.34	4.25	10.66	21.45	14.39	28.95	1.63	27.29	27.85
6/11/2026 11:33:51 AM	1.80	0.00	4.16	1.59	0.00	0.00	0.00	0.16	7.56	84.64	6.53	14.35	953	0	1874	48	0	0	0	0	2875	154.38	15.65	4.76	11.03	21.44	14.41	29.80	1.64	27.28	27.86
6/11/2026 11:33:54 AM	1.35	0.00	4.20	1.34	0.00	0.00	0.00	0.22	6.89	84.83	6.64	14.61	715	0	1889	40	0	0	0	0	2645	154.73	14.83	4.24	9.72	20.62	13.50	27.97	1.65	27.24	27.81
6/11/2026 11:33:57 AM	1.15	0.00	4.35	1.36	0.00	0.00	0.00	0.23	6.86	84.92	6.74	13.89	607	0	1958	41	0	0	0	0	2606	154.88	15.16	4.06	9.92	20.70	13.55	27.99	1.66	27.19	27.83
6/11/2026 11:33:59 AM	1.12	0.00	4.18	1.42	0.00	0.00	0.00	0.23	6.71	84.76	6.84	14.15	592	0	1879	43	0	0	0	0	2513	154.60	14.94	4.21	9.90	20.42	13.48	27.46	1.67	27.17	27.85
6/11/2026 11:34:02 AM	1.36	0.00	4.18	1.30	0.00	0.00	0.00	0.23	6.84	84.79	6.97	14.15	723	0	1880	39	0	0	0	0	2642	154.65	14.68	4.11	9.67	20.62	13.31	27.80	1.68	27.15	27.86
6/11/2026 11:34:05 AM	1.16	0.00	4.02	1.35	0.00	0.00	0.00	0.27	6.54	85.07	7.07	13.17	617	0	1811	40	0	0	0	0	2468	155.16	14.48	4.23	9.63	20.42	13.09	26.97	1.69	27.08	27.80
6/11/2026 11:34:08 AM	0.82	0.00	4.22	1.39	0.00	0.00	0.00	0.25	6.42	85.14	7.15	12.99	434	0	1898	42	0	0	0	0	2373	155.30	14.79	4.17	9.49	19.98	13.24	26.67	1.70	27.02	27.77
6/11/2026 11:34:10 AM	0.74	0.74	4.83	0.75	0.00	0.00	0.00	0.28	7.06	85.00	7.22	13.05	392	744	2172	23	0	0	0	0	3331	155.04	14.77	4.44	11.72	20.84	13.60	26.77	1.71	26.98	27.78
6/11/2026 11:34:13 AM	0.90	0.00	4.06	1.41	0.00	0.00	0.00	0.30	6.37	84.87	7.29	12.94	475	0	1825	42	0	0	0	0	2343	154.79	14.68	4.18	9.62	20.50	13.19	26.69	1.71	26.96	27.77
6/11/2026 11:34:16 AM	0.70	0.10	4.29	1.37	0.00	0.00	0.00	0.33	6.45	84.97	7.41	12.85	369	98	1932	41	0	0	0	0	2439	154.98	15.09	4.25	10.13	21.00	13.34	26.98	1.73	26.88	27.73
6/11/2026 11:34:19 AM	0.37	0.13	3.97	1.38	0.00	0.00	0.00	0.37	5.85	84.77	7.54	12.67	198	126	1787	42	0	0	0	0	2153	154.62	14.39	3.99	9.67	20.10	13.03	25.01	1.74	26.83	27.73
6/11/2026 11:34:22 AM	0.35	0.22	3.74	1.30	0.00	0.00	0.00	0.38	5.62	84.86	7.66	12.70	187	222	1685	39	0	0	0	0	2134	154.79	13.70	4.05	9.66	19.42	12.70	23.76	1.75	26.77	27.72
6/11/2026 11:34:24 AM	0.43	0.14	3.44	1.44	0.00	0.00	0.00	0.37	5.44	84.94	7.80	12.51	226	140	1548	43	0	0	0	0	1957	154.93	13.44	4.02	9.43	19.07	12.71	23.27	1.76	26.72	27.67
6/11/2026 11:34:27 AM	0.23	0.00	3.71	1.47	0.00	0.00	0.00	0.38	5.41	84.93	7.94	12.43	120	0	1670	44	0	0	0	0	1834	154.91	13.93	3.94	9.02	19.29	12.56	23.83	1.78	26.73	27.65
6/11/2026 11:34:30 AM	0.23	0.11	3.86	1.40	0.00	0.00	0.00	0.37	5.60	85.08	8.11	12.41	121	107	1739	42	0	0	0	0	2009	155.17	14.12	4.08	9.47	19.55	12.74	24.19	1.79	26.63	27.65
6/11/2026 11:34:33 AM	0.17	0.13	3.64	1.31	0.00	0.00	0.00	0.39	5.25	84.93	8.27	12.27	89	128	1639	39	0	0	0	0	1895	154.90	13.39	3.87	9.07	18.88	12.23	22.86	1.81	26.56	27.62
6/11/2026 11:34:36 AM	0.14	0.17	3.60	1.32	0.00	0.00	0.00	0.37	5.24	84.85	8.42	12.34	77	169	1620	40	0	0	0	0	1905	154.77	13.32	3.80	9.15	18.54	12.39	22.56	1.82	26.52	27.59
6/11/2026 11:34:38 AM	0.20	0.06	3.05	1.63	0.00	0.00	0.00	0.43	4.94	84.87	8.56	12.36	106	62	1373	49	0	0	0	0	1590	154.79	13.10	4.07	9.05	18.69	12.60	22.05	1.84	26.48	27.62
6/11/2026 11:34:41 AM	0.14	0.07	3.04	1.59	0.00	0.00	0.00	0.45	4.85	85.06	8.73	12.31	75	71	1370	48	0	0	0	0	1563	155.14	13.01	3.99	8.95	18.82	12.48	21.87	1.86	26.44	27.59
6/11/2026 11:34:44 AM	0.00	0.22	3.28	1.36	0.00	0.00	0.00	0.44	4.86	85.02	8.95	12.20	0	221	1475	41	0	0	0	0	1736	155.07	12.94	4.03	9.15	18.41	12.09	21.30	1.88	26.36	27.54
6/11/2026 11:34:47 AM	0.00	0.32	3.04	1.35	0.00	0.00	0.00	0.47	4.72	84.93	9.14	12.21	0	323	1369	40	0	0	0	0	1733	154.91	12.45	4.03	9.27	18.34	12.22	20.64	1.90	26.32	27.49
6/11/2026 11:34:49 AM	0.00	0.16	2.96	1.50	0.00	0.00	0.00	0.46	4.61	84.91	9.32	12.19	0	159	1331	45	0	0	0	0	1534	154.88	12.72	3.96	8.93	18.28	12.12	20.70	1.91	26.27	27.49
6/11/2026 11:34:52 AM	0.00	0.22	2.87	1.50	0.00	0.00	0.00	0.47	4.59	85.11	9.51	12.12	0	225	1289	45	0	0	0	0	1559	155.23	12.52	4.00	9.09	18.17	12.30	20.44	1.93	26.21	27.48
6/11/2026 11:34:55 AM	0.00	0.29	2.96	1.41	0.00	0.00	0.00	0.46	4.66	85.15	9.70	12.08	0	288	1334	42	0	0	0	0	1664	155.32	12.55	4.08	9.25	18.16	12.17	20.41	1.95	26.14	27.46
6/11/2026 11:34:58 AM	0.00	0.15	2.74	1.53	0.00	0.00	0.00	0.47	4.42	85.11	9.87	12.14	0	150	1233	46	0	0	0	0	1428	155.23	12.27	3.90	8.74	17.91	12.03	20.04	1.97	26.09	27.36
6/11/2026 11:35:01 AM	0.00	0.22	2.74	1.57	0.00	0.00	0.00	0.48	4.54	85.21	9.99	12.11	0	223	1234	47	0	0	0	0	1504	155.42	12.54	4.21	9.20	18.16	12.30	20.22	1.98	26.02	27.41
6/11/2026 11:35:03 AM	0.00	0.19	2.81	1.47	0.00	0.00	0.00	0.47	4.47	85.10	10.13	12.07	0	193	1265	44	0	0	0	0	1501	155.21	12.22	3.89	8.81	18.00	12.06	20.15	1.99	25.97	27.38
6/11/2026 11:35:06 AM	0.00	0.44	3.14	1.49	0.00	0.00	0.00	0.46	5.07	85.16	10.27	12.04	0	440	1413	45	0	0	0	0	1898	155.33	13.24	4.30	10.12	18.89	13.17	21.45	2.01	25.91	27.36
6/11/2026 11:35:09 AM	0.00	0.11	2.99	1.68	0.00	0.00	0.00	0.47	4.78	85.00	10.39	12.04	0	108	1344	50	0	0	0	0	1502	155.03	13.22	4.34	9.23	18.89	12.61	21.63	2.02	25.85	27.32
6/11/2026 11:35:12 AM	0.00	0.00	2.93	1.66	0.00	0.00	0.00	0.47	4.59	85.03	10.48	12.22	0	0	1318	50	0	0	0	0	1368	155.10	12.88	4.11	8.52	18.57	12.30	21.36	2.03	25.79	27.30
6/11/2026 11:35:14 AM	0.00	0.28	3.39	1.44	0.00	0.00	0.00	0.48	5.12	84.90	10.56	12.40	0	285	1526	43	0	0	0	0	1854	154.85	13.44	4.48	9.75	19.55	12.65	22.45	2.03	25.72	27.25
6/11/2026 11:35:17 AM	0.00	0.17	3.17	1.54	0.00	0.00	0.00	0.50	4.87	85.03	10.63	12.40	0	166	1427	46	0	0	0	0	1640	155.09	13.27	4.34	9.32	19.37	12.43	21.99	2.04	25.68	27.27
6/11/2026 11:35:20 AM	0.00	0.15	2.80	1.73	0.00	0.00	0.00	0.49	4.68	84.96	10.73	12.28	0	151	1258	52	0	0	0	0	1461	154.97	13.08	4.36	9.34	18.79	12.73	21.13	2.05	25.61	27.24
6/11/2026 11:35:23 AM	0.00	0.19	2.86	1.87	0.00	0.00	0.00	0.50	4.92	84.85	10.87	12.09	0	191	1288	56	0	0	0	0	1534	154.76	13.74	4.67	9.90	19.51	13.36	21.98	2.06	25.57	27.20
6/11/2026 11:35:25 AM	0.00	0.20	3.17	1.84	0.00	0.00	0.00	0.50	5.21	84.96	11.06	12.06	0	202	1429	55	0	0	0	0	1686	154.96	14.32	4.67	10.14	20.19	13.64	23.11	2.08	25.48	27.14
6/11/2026 11:35:28 AM	0.00	0.35	3.31	1.76	0.00	0.00	0.00	0.50	5.43	85.01	11.20	12.05	0	355	1489	53	0	0	0	0	1897	155.05	14.69	4.72	10.70	20.58	13.94	23.34	2.10	25.45	27.19
6/11/2026 11:35:31 AM	0.00	0.21	2.93	1.79	0.00	0.00	0.00	0.50	4.93	85.02	11.36	12.00	0	210	1319	54	0	0	0	0	1582	155.07	13.66	4.50	9.82	19.45	13.24	21.92	2.11	25.40	27.12
6/11/2026 11:35:33 AM	0.00	0.21	2.86	1.82	0.00	0.00	0.00	0.51	4.89	84.90	11.50	12.00	0	212	1288	55	0	0	0	0	1554	154.85	13.70	4.48	9.84	19.49	13.29	21.79	2.13	25.33	27.09
6/11/2026 11:35:36 AM	0.00	0.42	2.73	1.69	0.00	0.00	0.00	0.49	4.85	84.89	11.64	12.12	0	425	1230	51	0	0	0	0	1706	154.84	13.16	4.43	10.21	18.81	13.41	20.75	2.14	25.31	27.11
6/11/2026 11:35:39 AM	0.00	0.18	2.66	1.88	0.00	0.00	0.00	0.51	4.72	84.69	11.78	12.08	0	180	1197	56	0	0	0	0	1434	154.47	13.41	4.43	9.66	19.18	13.25	21.27	2.15	25.20	27.03
6/11/2026 11:35:42 AM	0.00	0.38	2.94	1.73	0.00	0.00	0.00	0.50	5.06	84.51	11.88	12.09	0	385	1325	52	0	0	0	0	1762	154.14	13.78	4.53	10.36	19.53	13.59	21.74	2.16	25.16	26.93
6/11/2026 11:35:45 AM	0.00	0.22	2.65	1.83	0.00	0.00	0.00	0.50	4.70	84.58	11.97	12.09	0	225	1191	55	0	0	0	0	1471	154.27	13.32	4.38	9.71	18.90	13.16	20.89	2.17	25.10	26.93
6/11/2026 11:35:47 AM	0.00	0.24	2.52	1.83	0.00	0.00	0.00	0.50	4.59	84.42	12.09	12.03	0	237	1136	55	0	0	0	0	1428	153.97	13.19	4.38	9.69	18.67	13.03	20.38	2.18	25.06	26.93
6/11/2026 11:35:50 AM	0.00	0.43	2.94	1.58	0.00	0.00	0.00	0.52	4.94	84.30	12.22	12.00	0	426	1322	47	0	0	0	0	1795	153.76	13.38	4.30	10.14	19.48	13.23	21.31	2.20	25.00	26.85
6/11/2026 11:35:53 AM	0.00	0.16	2.75	1.94	0.00	0.00	0.00	0.52	4.85	84.24	12.33	11.98	0	155	1239	58	0	0	0	0	1452	153.66	13.74	4.49	9.77	19.67	13.55	21.97	2.21	24.92	26.83
6/11/2026 11:35:55 AM	0.00	0.60	3.60	1.35	0.00	0.00	0.00	0.51	5.56	84.24	12.40	12.01	0	605	1619	41	0	0	0	0	2265	153.66	13.98	4.58	10.90	20.50	13.64	23.18	2.21	24.86	26.75
6/11/2026 11:35:58 AM	0.00	0.50	3.25	1.46	0.00	0.00	0.00	0.50	5.21	84.09	12.48	12.06	0	500	1463	44	0	0	0	0	2007	153.38	13.62	4.39	10.43	19.76	13.32	22.04	2.22	24.79	26.74
6/11/2026 11:36:01 AM	0.00	0.50	2.85	1.47	0.00	0.00	0.00	0.53	4.81	83.87	12.58	11.95	0	498	1281	44	0	0	0	0	1823	152.97	12.77	4.11	10.00	19.16	13.10	20.71	2.23	24.77	26.74
6/11/2026 11:36:03 AM	0.00	0.33	2.71	1.50	0.00	0.00	0.00	0.53	4.53	83.53	12.69	11.92	0	326	1220	45	0	0	0	0	1591	152.36	12.40	3.94	9.29	18.76	12.54	20.27	2.24	24.73	26.69
6/11/2026 11:36:06 AM	0.00	0.43	3.03	1.44	0.00	0.00	0.00	0.55	4.90	83.46	12.83	11.93	0	430	1364	43	0	0	0	0	1837	152.23	12.98	4.08	9.84	19.73	13.00	21.49	2.26	24.64	26.69
6/11/2026 11:36:09 AM	0.00	0.50	2.98	1.49	0.00	0.00	0.00	0.55	4.98	83.47	12.92	11.95	0	502	1341	45	0	0	0	0	1888	152.24	13.13	4.14	10.17	19.84	13.41	21.51	2.27	24.59	26.64
6/11/2026 11:36:12 AM	0.00	0.42	2.74	1.47	0.00	0.00	0.00	0.53	4.64	83.13	12.98	12.07	0	423	1232	44	0	0	0	0	1699	151.63	12.50	4.03	9.65	18.86	12.76	20.29	2.27	24.56	26.66
6/11/2026 11:36:14 AM	0.00	0.31	2.58	1.56	0.00	0.00	0.00	0.56	4.46	83.00	13.04	12.06	0	314	1161	47	0	0	0	0	1522	151.39	12.43	3.99	9.31	18.92	12.58	20.11	2.28	24.50	26.59
6/11/2026 11:36:17 AM	0.00	0.38	2.66	1.47	0.00	0.00	0.00	0.54	4.52	83.11	13.08	11.98	0	385	1199	44	0	0	0	0	1627	151.59	12.24	3.92	9.39	18.67	12.60	20.02	2.28	24.45	26.55
6/11/2026 11:36:20 AM	0.00	0.39	2.67	1.50	0.00	0.00	0.00	0.56	4.56	83.01	13.12	12.07	0	386	1200	45	0	0	0	0	1631	151.41	12.46	3.94	9.49	19.04	12.75	20.27	2.29	24.40	26.50
6/11/2026 11:36:23 AM	0.00	0.41	2.92	1.45	0.00	0.00	0.00	0.56	4.78	82.68	13.18	12.05	0	407	1313	44	0	0	0	0	1764	150.81	12.76	4.02	9.67	19.62	12.91	21.19	2.29	24.34	26.47
6/11/2026 11:36:26 AM	0.00	0.39	2.72	1.56	0.00	0.00	0.00	0.55	4.67	82.68	13.31	11.93	0	390	1224	47	0	0	0	0	1660	150.81	12.72	4.09	9.70	19.29	12.99	20.70	2.30	24.30	26.43
6/11/2026 11:36:28 AM	0.00	0.30	2.83	1.57	0.00	0.00	0.00	0.56	4.70	82.67	13.45	11.93	0	302	1274	47	0	0	0	0	1623	150.78	12.89	4.02	9.47	19.53	12.90	21.19	2.32	24.22	26.38
6/11/2026 11:36:31 AM	0.00	0.41	3.01	1.53	0.00	0.00	0.00	0.55	4.94	82.72	13.54	12.01	0	409	1353	46	0	0	0	0	1808	150.88	13.13	4.14	9.92	19.85	13.28	21.76	2.33	24.20	26.37
6/11/2026 11:36:34 AM	0.00	0.39	2.71	1.56	0.00	0.00	0.00	0.57	4.66	82.61	13.65	11.94	0	388	1220	47	0	0	0	0	1655	150.67	12.75	4.13	9.71	19.52	12.95	20.77	2.34	24.15	26.37
6/11/2026 11:36:37 AM	0.00	0.45	2.74	1.50	0.00	0.00	0.00	0.57	4.70	82.57	13.76	11.93	0	449	1235	45	0	0	0	0	1728	150.61	12.69	4.12	9.83	19.53	12.98	20.72	2.35	24.08	26.32
6/11/2026 11:36:39 AM	0.00	0.37	2.64	1.54	0.00	0.00	0.00	0.56	4.54	82.55	13.89	11.90	0	367	1187	46	0	0	0	0	1601	150.56	12.39	4.04	9.47	19.08	12.77	20.36	2.36	24.05	26.22
6/11/2026 11:36:42 AM	0.00	0.37	2.64	1.59	0.00	0.00	0.00	0.56	4.60	82.41	14.01	11.88	0	372	1186	48	0	0	0	0	1606	150.31	12.70	4.18	9.68	19.25	12.85	20.46	2.37	23.99	26.16
6/11/2026 11:36:45 AM	0.00	0.34	2.45	1.68	0.00	0.00	0.00	0.57	4.47	82.53	14.10	11.94	0	342	1105	50	0	0	0	0	1497	150.53	12.47	4.22	9.57	19.13	12.96	20.22	2.38	23.96	26.24
6/11/2026 11:36:48 AM	0.00	0.43	2.65	1.59	0.00	0.00	0.00	0.57	4.68	82.48	14.18	11.89	0	430	1194	48	0	0	0	0	1671	150.45	12.89	4.21	9.93	19.54	13.08	20.62	2.39	23.90	26.18
6/11/2026 11:36:50 AM	0.00	0.64	3.05	1.32	0.00	0.00	0.00	0.58	5.01	82.56	14.26	11.85	0	637	1373	40	0	0	0	0	2050	150.59	12.98	4.18	10.41	20.12	13.20	21.33	2.40	23.86	26.11
6/11/2026 11:36:53 AM	0.00	0.47	2.91	1.37	0.00	0.00	0.00	0.59	4.75	82.41	14.32	11.87	0	469	1310	41	0	0	0	0	1820	150.31	12.63	4.00	9.73	19.81	12.78	21.01	2.40	23.81	26.06
6/11/2026 11:36:56 AM	0.00	0.53	2.92	1.40	0.00	0.00	0.00	0.59	4.85	82.52	14.40	11.86	0	535	1314	42	0	0	0	0	1891	150.51	12.85	4.14	10.08	20.02	13.06	21.17	2.41	23.77	26.10
6/11/2026 11:36:58 AM	0.00	0.75	3.16	1.20	0.00	0.00	0.00	0.61	5.11	82.45	14.48	11.85	0	746	1420	36	0	0	0	0	2203	150.39	12.92	4.36	10.71	20.64	13.20	21.61	2.42	23.72	26.05
6/11/2026 11:37:01 AM	0.00	0.53	3.15	1.44	0.00	0.00	0.00	0.62	5.12	82.14	14.56	11.89	0	533	1417	43	0	0	0	0	1993	149.82	13.44	4.23	10.35	21.10	13.50	22.49	2.43	23.68	26.03
6/11/2026 11:37:04 AM	0.00	0.69	3.25	1.19	0.00	0.00	0.00	0.61	5.13	82.21	14.62	11.86	0	685	1463	36	0	0	0	0	2184	149.95	13.00	4.26	10.51	20.68	13.10	21.90	2.43	23.63	25.97
6/11/2026 11:37:07 AM	0.00	0.44	2.73	1.42	0.00	0.00	0.00	0.61	4.59	82.34	14.67	11.87	0	436	1228	43	0	0	0	0	1707	150.18	12.48	4.00	9.59	19.82	12.68	20.63	2.44	23.60	25.93
6/11/2026 11:37:09 AM	0.00	0.46	2.81	1.45	0.00	0.00	0.00	0.60	4.71	81.94	14.75	11.87	0	456	1263	43	0	0	0	0	1762	149.45	12.75	4.14	9.83	19.99	12.84	20.96	2.45	23.52	25.87
6/11/2026 11:37:12 AM	0.00	0.52	3.03	1.42	0.00	0.00	0.00	0.61	4.97	81.68	14.85	11.88	0	521	1364	43	0	0	0	0	1927	148.97	13.05	4.21	10.16	20.63	13.26	21.92	2.45	23.50	25.85
6/11/2026 11:37:15 AM	0.00	0.44	2.90	1.49	0.00	0.00	0.00	0.62	4.83	81.48	14.97	11.77	0	436	1305	45	0	0	0	0	1786	148.61	13.12	4.15	9.93	20.50	13.08	21.59	2.47	23.46	25.79
6/11/2026 11:37:18 AM	0.00	0.56	3.18	1.41	0.00	0.00	0.00	0.63	5.16	81.46	15.11	11.79	0	563	1433	42	0	0	0	0	2038	148.57	13.60	4.38	10.52	21.29	13.40	22.52	2.48	23.40	25.82
6/11/2026 11:37:20 AM	0.00	0.53	3.48	1.41	0.00	0.00	0.00	0.64	5.42	81.20	15.26	11.76	0	527	1565	42	0	0	0	0	2134	148.10	14.05	4.42	10.62	22.09	13.71	23.87	2.50	23.35	25.73
6/11/2026 11:37:23 AM	0.00	0.63	3.95	1.31	0.00	0.00	0.00	0.65	5.89	80.74	15.38	11.76	0	630	1779	39	0	0	0	0	2448	147.27	14.84	4.58	11.21	23.22	14.11	25.45	2.51	23.34	25.71
6/11/2026 11:37:26 AM	0.00	0.57	3.99	1.49	0.00	0.00	0.00	0.67	6.05	80.76	15.45	11.79	0	575	1794	45	0	0	0	0	2413	147.29	15.55	4.81	11.50	23.98	14.60	26.36	2.51	23.30	25.68
6/11/2026 11:37:29 AM	0.00	0.75	4.38	1.25	0.00	0.00	0.00	0.70	6.39	80.48	15.51	11.81	0	748	1973	38	0	0	0	0	2758	146.79	15.86	4.69	11.93	24.95	14.78	27.32	2.52	23.23	25.68
6/11/2026 11:37:31 AM	0.00	0.65	4.18	1.37	0.00	0.00	0.00	0.69	6.20	80.24	15.60	11.82	0	648	1883	41	0	0	0	0	2572	146.35	15.73	4.61	11.62	24.58	14.68	26.86	2.53	23.20	25.57
6/11/2026 11:37:34 AM	0.00	0.72	4.47	1.27	0.00	0.00	0.00	0.69	6.46	80.15	15.69	11.80	0	720	2014	38	0	0	0	0	2771	146.20	16.14	4.70	11.96	25.13	14.81	27.66	2.54	23.17	25.61
6/11/2026 11:37:37 AM	0.07	0.93	4.92	1.11	0.00	0.00	0.00	0.68	7.03	80.21	15.79	11.80	37	931	2216	33	0	0	0	0	3217	146.30	16.64	4.94	12.84	25.96	15.41	29.09	2.55	23.14	25.58
6/11/2026 11:37:39 AM	0.00	1.01	5.05	1.17	0.00	0.00	0.00	0.72	7.23	80.21	15.84	11.84	0	1008	2273	35	0	0	0	0	3315	146.29	17.37	5.22	13.42	26.98	15.86	29.85	2.55	23.09	25.57
6/11/2026 11:37:42 AM	0.14	0.92	4.94	1.19	0.00	0.00	0.00	0.71	7.18	80.15	15.87	11.79	74	919	2221	36	0	0	0	0	3249	146.18	17.01	4.96	13.03	26.83	15.79	29.91	2.56	23.03	25.48
6/11/2026 11:37:45 AM	0.16	0.86	5.24	1.24	0.00	0.00	0.00	0.75	7.50	80.00	15.91	11.79	82	863	2357	37	0	0	0	0	3339	145.92	17.88	5.08	13.25	28.20	16.17	31.62	2.56	23.01	25.48
6/11/2026 11:37:48 AM	0.20	0.77	5.12	1.51	0.00	0.00	0.00	0.69	7.60	80.36	15.94	11.78	107	769	2303	45	0	0	0	0	3225	146.57	18.26	5.36	13.45	27.85	16.70	31.93	2.56	22.96	25.44
6/11/2026 11:37:51 AM	0.10	0.86	5.17	1.41	0.00	0.00	0.00	0.75	7.54	80.02	15.96	11.79	54	861	2325	42	0	0	0	0	3282	145.96	18.17	5.44	13.58	28.33	16.56	31.81	2.56	22.92	25.39
6/11/2026 11:37:53 AM	0.18	0.79	5.08	1.51	0.00	0.00	0.00	0.71	7.57	80.09	16.01	11.81	98	793	2285	45	0	0	0	0	3221	146.09	18.23	5.35	13.49	28.04	16.75	31.87	2.57	22.89	25.37
6/11/2026 11:37:56 AM	0.08	0.92	5.47	1.46	0.00	0.00	0.00	0.77	7.93	80.10	16.04	11.79	44	922	2463	44	0	0	0	0	3472	146.09	19.05	5.54	14.14	29.45	17.29	33.29	2.57	22.85	25.37
6/11/2026 11:37:59 AM	0.35	0.79	5.35	1.55	0.00	0.00	0.00	0.72	8.04	79.93	16.09	11.72	183	789	2409	46	0	0	0	0	3428	145.80	19.02	5.58	13.97	29.24	17.23	33.66	2.58	22.81	25.29
6/11/2026 11:38:02 AM	0.40	0.87	5.47	1.50	0.00	0.00	0.00	0.76	8.24	79.69	16.19	11.69	211	873	2462	45	0	0	0	0	3591	145.36	19.29	5.66	14.34	30.18	17.50	34.43	2.59	22.78	25.23
6/11/2026 11:38:04 AM	0.16	0.85	5.51	1.85	0.00	0.00	0.00	0.81	8.37	78.09	16.32	11.63	85	848	2480	55	0	0	0	0	3468	142.44	20.40	5.88	14.84	31.28	18.70	35.51	2.60	22.73	25.28
6/11/2026 11:38:07 AM	0.35	1.09	6.31	1.70	0.00	0.00	0.00	0.82	9.45	77.49	16.49	11.61	186	1089	2841	51	0	0	0	0	4167	141.34	21.94	6.40	16.36	33.62	19.77	38.86	2.62	22.72	25.23
6/11/2026 11:38:10 AM	0.48	0.98	5.87	1.60	0.00	0.00	0.00	0.82	8.94	76.42	16.69	11.60	257	985	2643	48	0	0	0	0	3932	139.39	20.74	5.79	15.36	32.61	18.89	37.18	2.64	22.67	25.16
6/11/2026 11:38:13 AM	0.17	1.36	6.27	1.31	0.00	0.00	0.00	0.89	9.10	76.64	16.83	11.56	88	1356	2822	39	0	0	0	0	4306	139.78	20.95	5.94	16.24	33.37	19.18	37.18	2.65	22.64	25.10
6/11/2026 11:38:15 AM	0.23	1.08	5.28	1.37	0.00	0.00	0.00	0.88	7.97	76.82	16.98	11.52	122	1081	2377	41	0	0	0	0	3621	140.12	18.85	5.41	14.48	30.88	17.59	33.55	2.66	22.61	25.12
6/11/2026 11:38:18 AM	0.48	1.04	4.38	1.66	0.00	0.00	0.00	0.83	7.56	76.23	17.15	11.28	253	1044	1970	50	0	0	0	0	3317	139.05	17.74	5.53	14.36	29.19	17.73	31.48	2.68	22.58	25.08
6/11/2026 11:38:21 AM	0.54	1.20	4.87	1.40	0.00	0.00	0.00	0.86	8.00	76.35	17.28	11.00	284	1202	2190	42	0	0	0	0	3719	139.26	18.21	5.55	14.88	30.38	17.83	32.84	2.69	22.54	25.07
