Date/Time	Green Algae	Bluegreen	Diatoms	Cryptophyta	#5	#6	#7	Yellow substances	Total conc.	Transmission	Depth	Temp. Sample	Green Algae	Bluegreen	Diatoms	Cryptophyta	#5	#6	#7	Yellow substances	Total cell count	Trans. 700 nm	LED 3 [525 nm]	LED 4 [570 nm]	LED 5 [610 nm]	LED 6 [370 nm]	LED 7 [590 nm]	LED 8 [470 nm]	Pressure	Temp. LEDs	Temp. Sensor
date	ṁg/l	ṁg/l	ṁg/l	ṁg/l	ṁg/l	ṁg/l	ṁg/l	r.u.	ṁg/l	%	m	ḞC	cells/ml	cells/ml	cells/ml	cells/ml	cells/ml	cells/ml	cells/ml	r.u.	cells/ml	digits	digits	digits	digits	digits	digits	digits	bar	ḞC	ḞC
6/1/2026 1:20:56 PM	31.02	4.73	2.09	0.57	0.00	0.00	0.00	0.00	38.40	78.61	0.04	21.52	16441	4728	941	17	0	0	0	0	22127	143.38	24.96	9.29	50.80	74.57	47.57	120.72	1.00	18.74	18.83
6/1/2026 1:20:59 PM	33.65	4.14	0.79	1.87	0.00	0.00	0.00	0.00	40.45	77.74	0.12	21.49	17834	4139	357	56	0	0	0	0	22386	141.79	26.85	10.07	52.78	79.16	51.33	129.79	1.01	18.81	18.85
6/1/2026 1:21:02 PM	33.98	4.19	1.07	1.77	0.00	0.00	0.00	0.00	41.01	77.67	0.21	21.40	18008	4192	481	53	0	0	0	0	22735	141.68	27.41	9.96	53.21	80.53	51.80	131.55	1.02	18.87	18.91
6/1/2026 1:21:04 PM	37.38	4.96	2.61	1.25	0.00	0.00	0.00	0.00	46.21	77.25	0.28	21.20	19810	4961	1176	38	0	0	0	0	25985	140.91	31.08	10.54	59.61	89.45	56.81	148.76	1.03	18.90	18.88
6/1/2026 1:21:07 PM	39.75	4.59	1.07	2.35	0.00	0.00	0.00	0.00	47.76	76.64	0.36	20.80	21066	4593	483	71	0	0	0	0	26212	139.79	31.93	11.86	61.59	93.08	59.71	154.87	1.04	18.94	18.94
6/1/2026 1:21:10 PM	38.36	4.96	2.10	1.64	0.00	0.00	0.00	0.00	47.07	76.76	0.43	20.62	20332	4960	945	49	0	0	0	0	26288	140.01	31.72	11.00	60.80	91.61	58.50	151.33	1.04	18.99	18.94
6/1/2026 1:21:13 PM	38.54	5.39	1.52	2.42	0.00	0.00	0.00	0.00	47.87	76.16	0.51	20.52	20428	5389	682	73	0	0	0	0	26572	138.91	32.80	11.78	64.00	91.31	62.47	153.74	1.05	19.05	18.99
6/1/2026 1:21:16 PM	34.35	7.78	3.47	2.51	0.00	0.00	0.00	0.00	48.11	76.06	0.61	20.29	18204	7784	1563	75	0	0	0	0	27626	138.74	36.05	14.03	71.85	86.31	69.16	150.26	1.06	19.08	18.98
6/1/2026 1:21:18 PM	33.14	7.08	2.48	3.41	0.00	0.00	0.00	0.00	46.10	76.55	0.69	20.10	17564	7075	1117	102	0	0	0	0	25858	139.63	35.78	14.00	68.95	84.06	68.27	144.56	1.07	19.13	18.96
6/1/2026 1:21:21 PM	28.59	7.16	3.88	2.90	0.00	0.00	0.00	0.00	42.53	76.56	0.77	19.88	15150	7165	1746	87	0	0	0	0	24148	139.65	35.16	13.61	65.31	77.15	64.34	132.16	1.08	19.17	19.06
6/1/2026 1:21:24 PM	28.16	6.57	2.69	3.38	0.00	0.00	0.00	0.00	40.81	76.74	0.85	19.59	14927	6574	1212	101	0	0	0	0	22814	139.97	33.61	13.14	62.52	74.72	62.76	127.15	1.08	19.23	19.12
6/1/2026 1:21:26 PM	25.41	5.76	2.56	3.66	0.00	0.00	0.00	0.00	37.39	77.30	0.92	19.54	13469	5756	1154	110	0	0	0	0	20489	141.00	32.56	12.99	57.36	70.12	58.52	116.88	1.09	19.29	19.04
6/1/2026 1:21:29 PM	25.62	5.73	2.49	3.77	0.00	0.00	0.00	0.00	37.60	77.30	1.01	19.32	13576	5733	1119	113	0	0	0	0	20542	141.00	32.82	13.13	57.60	70.71	58.91	117.60	1.10	19.32	19.07
6/1/2026 1:21:32 PM	25.22	5.61	2.74	3.23	0.00	0.00	0.00	0.00	36.80	77.35	1.09	19.04	13368	5613	1232	97	0	0	0	0	20310	141.09	31.53	12.41	55.78	69.28	56.46	115.00	1.11	19.35	19.12
6/1/2026 1:21:35 PM	23.26	4.43	2.47	2.55	0.00	0.00	0.00	0.00	32.70	78.27	1.17	18.81	12327	4428	1111	77	0	0	0	0	17942	142.76	27.51	10.79	47.67	63.39	48.02	103.11	1.11	19.39	19.12
6/1/2026 1:21:37 PM	22.63	3.63	1.85	2.85	0.00	0.00	0.00	0.00	30.96	78.37	1.25	18.58	11993	3629	832	86	0	0	0	0	16539	142.94	26.30	10.24	44.18	60.98	45.38	99.11	1.12	19.43	19.15
6/1/2026 1:21:40 PM	20.49	3.41	2.07	2.56	0.00	0.00	0.00	0.00	28.53	78.89	1.33	18.24	10860	3405	934	77	0	0	0	0	15276	143.89	24.79	9.40	40.86	56.45	42.17	91.21	1.13	19.44	19.14
6/1/2026 1:21:43 PM	17.64	3.65	2.41	2.30	0.00	0.00	0.00	0.00	26.00	78.83	1.44	17.60	9349	3654	1084	69	0	0	0	0	14156	143.79	23.57	9.32	38.93	51.21	39.97	81.48	1.14	19.49	19.25
6/1/2026 1:21:46 PM	13.29	2.94	2.13	0.92	0.00	0.00	0.00	0.00	19.28	81.99	1.54	16.88	7045	2937	957	28	0	0	0	0	10968	149.54	17.26	6.50	27.93	41.70	28.88	56.77	1.15	19.52	19.30
6/1/2026 1:21:49 PM	10.05	2.73	1.81	0.30	0.00	0.00	0.00	0.33	14.90	83.08	1.64	16.50	5328	2735	815	9	0	0	0	0	8888	151.53	13.61	4.96	22.76	36.44	23.35	44.43	1.16	19.54	19.22
6/1/2026 1:21:51 PM	8.97	2.68	1.67	0.18	0.00	0.00	0.00	0.61	13.50	83.83	1.73	16.32	4753	2682	752	5	0	0	0	0	8193	152.91	12.92	4.61	21.35	37.15	21.91	41.80	1.17	19.56	19.25
6/1/2026 1:21:54 PM	8.34	2.70	1.54	0.10	0.00	0.00	0.00	0.83	12.67	83.65	1.86	16.33	4419	2695	695	3	0	0	0	0	7812	152.57	12.51	4.55	20.68	38.15	21.10	40.41	1.18	19.59	19.30
