VC:46e9e7d BD:Jun  9 2016 SN:US4300170200001328
                     Time,      [CH4]_ppm,   [CH4]_ppm_sd,     [CH4L]_ppm,  [CH4L]_ppm_sd,     [CH4H]_ppm,  [CH4H]_ppm_sd,      [H2O]_ppm,   [H2O]_ppm_sd,      [CO2]_ppm,   [CO2]_ppm_sd,     [CH4]d_ppm,  [CH4]d_ppm_sd,     [CO2]d_ppm,  [CO2]d_ppm_sd,      GasP_torr,   GasP_torr_sd,         GasT_C,      GasT_C_sd,         AmbT_C,      AmbT_C_sd,         RD0_us,      RD0_us_sd,         RD1_us,      RD1_us_sd,       Fit_Flag,      MIU_VALVE,       MIU_DESC
  06/12/2019 13:10:54.263,    1.86873e+00,    9.77625e-04,    1.86873e+00,    9.77625e-04,   -1.00000e-02,    3.88275e-19,    1.60695e+04,    3.89579e+01,    4.03832e+02,    1.93521e-01,    1.89925e+00,    1.00615e-03,    4.10428e+02,    1.88205e-01,    1.40288e+02,    3.44985e-02,    2.43861e+01,    1.14863e-03,    2.81845e+01,    3.60699e-03,    1.08238e+01,    1.06693e-03,    1.18806e+01,    1.63325e-03,              3,              0,       1 meters
  06/12/2019 13:10:59.240,    1.86874e+00,    1.82182e-03,    1.86874e+00,    1.82182e-03,   -1.00000e-02,    3.88275e-19,    1.61302e+04,    9.71312e+01,    4.04498e+02,    2.03771e-01,    1.89938e+00,    2.01892e-03,    4.11129e+02,    1.73907e-01,    1.40279e+02,    3.77064e-02,    2.43897e+01,    1.11428e-03,    2.81926e+01,    1.74722e-03,    1.08249e+01,    9.67110e-04,    1.18777e+01,    2.18677e-03,              3,              0,       1 meters
  06/12/2019 13:11:04.218,    1.86789e+00,    1.07631e-03,    1.86789e+00,    1.07631e-03,   -1.00000e-02,    3.88275e-19,    1.61317e+04,    4.29133e+01,    4.04143e+02,    3.14812e-01,    1.89852e+00,    1.05494e-03,    4.10770e+02,    3.22398e-01,    1.40297e+02,    4.02346e-02,    2.43931e+01,    1.07898e-03,    2.82004e+01,    3.15513e-03,    1.08250e+01,    3.24801e-03,    1.18787e+01,    2.31559e-03,              3,              0,       1 meters
  06/12/2019 13:11:09.195,    1.86865e+00,    1.11162e-03,    1.86865e+00,    1.11162e-03,   -1.00000e-02,    3.88275e-19,    1.60569e+04,    1.12194e+02,    4.03009e+02,    5.42700e-01,    1.89915e+00,    1.03644e-03,    4.09585e+02,    5.95635e-01,    1.40282e+02,    3.42938e-02,    2.43964e+01,    1.02315e-03,    2.82139e+01,    5.43767e-03,    1.08255e+01,    1.46665e-03,    1.18790e+01,    1.94665e-03,              3,              0,       1 meters
  06/12/2019 13:11:14.170,    1.87153e+00,    3.24743e-03,    1.87153e+00,    3.24743e-03,   -1.00000e-02,    3.88275e-19,    1.59379e+04,    3.46138e+01,    4.10584e+02,    1.07980e+01,    1.90184e+00,    3.34189e-03,    4.17234e+02,    1.09803e+01,    1.40290e+02,    3.30936e-02,    2.43995e+01,    9.95692e-04,    2.82291e+01,    5.60744e-03,    1.08242e+01,    1.55790e-03,    1.18779e+01,    1.49661e-03,              3,              0,       1 meters
  06/12/2019 13:11:19.147,    1.88853e+00,    2.76087e-03,    1.88853e+00,    2.76087e-03,   -1.00000e-02,    3.88275e-19,    1.61277e+04,    8.23501e+01,    4.64376e+02,    1.37043e+01,    1.91948e+00,    2.91305e-03,    4.71988e+02,    1.39554e+01,    1.40294e+02,    3.68079e-02,    2.44026e+01,    9.16208e-04,    2.82382e+01,    3.06504e-03,    1.08242e+01,    1.42082e-03,    1.18791e+01,    2.47070e-03,              3,              0,       1 meters
  06/12/2019 13:11:24.124,    1.88704e+00,    3.18294e-03,    1.88704e+00,    3.18294e-03,   -1.00000e-02,    3.88275e-19,    1.63798e+04,    1.23756e+02,    4.64334e+02,    8.49705e+00,    1.91847e+00,    3.00122e-03,    4.72066e+02,    8.58205e+00,    1.40275e+02,    3.62620e-02,    2.44058e+01,    1.04134e-03,    2.82488e+01,    3.64109e-03,    1.08227e+01,    1.78978e-03,    1.18776e+01,    1.02821e-03,              3,              0,       1 meters
  06/12/2019 13:11:29.101,    1.87883e+00,    2.58125e-03,    1.87883e+00,    2.58125e-03,   -1.00000e-02,    3.88275e-19,    1.65928e+04,    5.85672e+01,    4.37873e+02,    7.49771e+00,    1.91053e+00,    2.57782e-03,    4.45261e+02,    7.59921e+00,    1.40285e+02,    3.99954e-02,    2.44090e+01,    1.07558e-03,    2.82595e+01,    4.79199e-03,    1.08243e+01,    1.82693e-03,    1.18772e+01,    3.20306e-03,              3,              0,       1 meters
  06/12/2019 13:11:34.077,    1.87461e+00,    1.68613e-03,    1.87461e+00,    1.68613e-03,   -1.00000e-02,    3.88275e-19,    1.64108e+04,    6.41524e+01,    4.19456e+02,    4.33487e+00,    1.90588e+00,    1.81846e-03,    4.26455e+02,    4.43383e+00,    1.40280e+02,    3.96963e-02,    2.44123e+01,    9.56208e-04,    2.82743e+01,    5.77479e-03,    1.08236e+01,    2.71743e-03,    1.18790e+01,    2.16030e-03,              3,              0,       1 meters
  06/12/2019 13:11:39.054,    1.87362e+00,    1.09962e-03,    1.87362e+00,    1.09962e-03,   -1.00000e-02,    3.88275e-19,    1.60494e+04,    1.03071e+02,    4.08953e+02,    2.21990e+00,    1.90418e+00,    1.15842e-03,    4.15624e+02,    2.29438e+00,    1.40266e+02,    3.77470e-02,    2.44152e+01,    9.05667e-04,    2.82872e+01,    4.62395e-03,    1.08243e+01,    1.46971e-03,    1.18793e+01,    1.89439e-03,              3,              0,       1 meters
  06/12/2019 13:11:44.030,    1.87239e+00,    2.12156e-03,    1.87239e+00,    2.12156e-03,   -1.00000e-02,    3.88275e-19,    1.58641e+04,    6.51742e+01,    4.04318e+02,    6.47573e-01,    1.90257e+00,    2.25551e-03,    4.10835e+02,    6.79493e-01,    1.40277e+02,    3.52760e-02,    2.44181e+01,    9.55118e-04,    2.82959e+01,    4.06638e-03,    1.08231e+01,    2.43469e-03,    1.18797e+01,    2.18079e-03,              3,              0,       1 meters
  06/12/2019 13:11:49.014,    1.87229e+00,    1.23474e-03,    1.87229e+00,    1.23474e-03,   -1.00000e-02,    3.88275e-19,    1.57296e+04,    3.05721e+01,    4.03255e+02,    2.44094e-01,    1.90221e+00,    1.24220e-03,    4.09699e+02,    2.42967e-01,    1.40268e+02,    3.32971e-02,    2.44210e+01,    9.38415e-04,    2.83034e+01,    1.97604e-03,    1.08242e+01,    1.60398e-03,    1.18819e+01,    2.87423e-03,              3,              0,       1 meters
  06/12/2019 13:11:53.987,    1.87192e+00,    1.77076e-03,    1.87192e+00,    1.77076e-03,   -1.00000e-02,    3.88275e-19,    1.56673e+04,    3.47484e+01,    4.05035e+02,    9.70212e-01,    1.90171e+00,    1.82592e-03,    4.11482e+02,    9.82414e-01,    1.40253e+02,    2.88672e-02,    2.44239e+01,    1.01647e-03,    2.83132e+01,    6.20407e-03,    1.08246e+01,    3.68422e-03,    1.18800e+01,    2.98177e-03,              3,              0,       1 meters
  06/12/2019 13:11:58.963,    1.87321e+00,    1.66557e-03,    1.87321e+00,    1.66557e-03,   -1.00000e-02,    3.88275e-19,    1.56726e+04,    4.26282e+01,    4.10384e+02,    7.03446e+00,    1.90304e+00,    1.73764e-03,    4.16918e+02,    7.13000e+00,    1.40278e+02,    3.81850e-02,    2.44269e+01,    9.13053e-04,    2.83279e+01,    3.17549e-03,    1.08238e+01,    2.83374e-03,    1.18818e+01,    5.48041e-03,              3,              0,       1 meters
  06/12/2019 13:12:03.940,    1.87290e+00,    1.06873e-03,    1.87290e+00,    1.06873e-03,   -1.00000e-02,    3.88275e-19,    1.54728e+04,    4.29888e+01,    4.26386e+02,    9.93789e-01,    1.90233e+00,    1.04105e-03,    4.33087e+02,    1.01219e+00,    1.40268e+02,    3.86720e-02,    2.44300e+01,    1.01431e-03,    2.83355e+01,    3.80897e-03,    1.08242e+01,    1.00556e-03,    1.18777e+01,    2.00529e-03,              3,              0,       1 meters
  06/12/2019 13:12:08.917,    1.87326e+00,    1.58882e-03,    1.87326e+00,    1.58882e-03,   -1.00000e-02,    3.88275e-19,    1.52597e+04,    8.08832e+01,    4.20118e+02,    2.17252e+00,    1.90228e+00,    1.74712e-03,    4.26629e+02,    2.23788e+00,    1.40297e+02,    3.78781e-02,    2.44330e+01,    9.29059e-04,    2.83410e+01,    1.92914e-03,    1.08230e+01,    2.62427e-03,    1.18800e+01,    2.54586e-03,              3,              0,       1 meters
  06/12/2019 13:12:13.891,    1.87273e+00,    1.00895e-03,    1.87273e+00,    1.00895e-03,   -1.00000e-02,    3.88275e-19,    1.51540e+04,    2.79859e+01,    4.44509e+02,    1.38167e+01,    1.90154e+00,    1.04370e-03,    4.51348e+02,    1.40286e+01,    1.40284e+02,    4.02993e-02,    2.44359e+01,    9.67166e-04,    2.83474e+01,    2.61784e-03,    1.08245e+01,    1.14873e-03,    1.18806e+01,    3.31725e-03,              3,              0,       1 meters
  06/12/2019 13:12:18.869,    1.87262e+00,    1.54103e-03,    1.87262e+00,    1.54103e-03,   -1.00000e-02,    3.88275e-19,    1.52510e+04,    7.50438e+01,    4.50699e+02,    4.87276e+00,    1.90162e+00,    1.59504e-03,    4.57678e+02,    4.92273e+00,    1.40298e+02,    3.48228e-02,    2.44386e+01,    9.59880e-04,    2.83562e+01,    4.80659e-03,    1.08243e+01,    1.57731e-03,    1.18790e+01,    1.54596e-03,              3,              0,       1 meters
  06/12/2019 13:12:23.845,    1.87219e+00,    1.23901e-03,    1.87219e+00,    1.23901e-03,   -1.00000e-02,    3.88275e-19,    1.54519e+04,    7.64310e+01,    4.33692e+02,    5.27207e+00,    1.90157e+00,    1.18664e-03,    4.40498e+02,    5.32183e+00,    1.40279e+02,    3.06472e-02,    2.44419e+01,    9.55497e-04,    2.83715e+01,    5.51698e-03,    1.08235e+01,    1.57864e-03,    1.18791e+01,    2.69845e-03,              3,              0,       1 meters
  06/12/2019 13:12:28.822,    1.87143e+00,    1.54033e-03,    1.87143e+00,    1.54033e-03,   -1.00000e-02,    3.88275e-19,    1.56630e+04,    8.88268e+01,    4.20416e+02,    3.45422e+00,    1.90121e+00,    1.56930e-03,    4.27106e+02,    3.48504e+00,    1.40267e+02,    4.26618e-02,    2.44449e+01,    9.88318e-04,    2.83870e+01,    4.42978e-03,    1.08262e+01,    1.96356e-03,    1.18792e+01,    4.38261e-03,              3,              0,       1 meters
  06/12/2019 13:12:33.799,    1.87190e+00,    1.23173e-03,    1.87190e+00,    1.23173e-03,   -1.00000e-02,    3.88275e-19,    1.58474e+04,    6.83978e+01,    4.15647e+02,    4.01960e+00,    1.90204e+00,    1.26725e-03,    4.22340e+02,    4.09602e+00,    1.40277e+02,    3.53537e-02,    2.44481e+01,    1.00647e-03,    2.83973e+01,    3.91339e-03,    1.08241e+01,    5.77686e-04,    1.18784e+01,    1.63156e-03,              3,              0,       1 meters
  06/12/2019 13:12:38.776,    1.89102e+00,    1.05622e-02,    1.89102e+00,    1.05622e-02,   -1.00000e-02,    3.88275e-19,    1.59983e+04,    6.55075e+01,    4.91867e+02,    3.91156e+01,    1.92177e+00,    1.08289e-02,    4.99865e+02,    3.97735e+01,    1.40266e+02,    3.85094e-02,    2.44512e+01,    9.25828e-04,    2.84076e+01,    3.24615e-03,    1.08229e+01,    2.50977e-03,    1.18800e+01,    4.80528e-03,              3,              0,       1 meters
  06/12/2019 13:12:43.753,    1.89831e+00,    4.15985e-03,    1.89831e+00,    4.15985e-03,   -1.00000e-02,    3.88275e-19,    1.59871e+04,    2.44062e+01,    5.28196e+02,    1.37322e+01,    1.92915e+00,    4.24959e-03,    5.36778e+02,    1.39618e+01,    1.40292e+02,    3.85361e-02,    2.44542e+01,    9.37139e-04,    2.84178e+01,    3.07487e-03,    1.08241e+01,    2.36953e-03,    1.18768e+01,    8.65995e-04,              3,              0,       1 meters
  06/12/2019 13:12:48.729,    1.88508e+00,    2.58891e-03,    1.88508e+00,    2.58891e-03,   -1.00000e-02,    3.88275e-19,    1.60389e+04,    2.19243e+01,    4.76929e+02,    1.52038e+01,    1.91580e+00,    2.63928e-03,    4.84704e+02,    1.54521e+01,    1.40267e+02,    3.84131e-02,    2.44572e+01,    9.66009e-04,    2.84298e+01,    3.55787e-03,    1.08251e+01,    1.02056e-03,    1.18780e+01,    3.30956e-03,              3,              0,       1 meters
  06/12/2019 13:12:53.705,    1.87728e+00,    1.10058e-03,    1.87728e+00,    1.10058e-03,   -1.00000e-02,    3.88275e-19,    1.59790e+04,    3.77613e+01,    4.41889e+02,    7.65965e+00,    1.90776e+00,    1.16480e-03,    4.49065e+02,    7.79574e+00,    1.40296e+02,    4.03037e-02,    2.44601e+01,    9.67327e-04,    2.84371e+01,    2.61579e-03,    1.08251e+01,    1.82294e-03,    1.18785e+01,    1.16934e-03,              3,              0,       1 meters
  06/12/2019 13:12:58.686,    1.87182e+00,    1.04361e-03,    1.87182e+00,    1.04361e-03,   -1.00000e-02,    3.88275e-19,    1.60118e+04,    8.10268e+01,    4.24322e+02,    3.80527e+00,    1.90228e+00,    9.37112e-04,    4.31227e+02,    3.83336e+00,    1.40280e+02,    3.58594e-02,    2.44632e+01,    1.05446e-03,    2.84483e+01,    4.24630e-03,    1.08266e+01,    2.75060e-03,    1.18786e+01,    1.69969e-03,              3,              0,       1 meters
  06/12/2019 13:13:03.662,    1.87205e+00,    6.31593e-04,    1.87205e+00,    6.31593e-04,   -1.00000e-02,    3.88275e-19,    1.61548e+04,    6.19610e+01,    4.14972e+02,    2.05391e+00,    1.90279e+00,    5.92897e-04,    4.21786e+02,    2.07127e+00,    1.40279e+02,    3.75685e-02,    2.44662e+01,    1.02701e-03,    2.84560e+01,    2.05995e-03,    1.08236e+01,    1.79801e-03,    1.18809e+01,    1.57910e-03,              3,              0,       1 meters
  06/12/2019 13:13:08.639,    1.86952e+00,    8.42320e-04,    1.86952e+00,    8.42320e-04,   -1.00000e-02,    3.88275e-19,    1.62978e+04,    1.02594e+02,    4.10176e+02,    1.08429e+00,    1.90049e+00,    8.76584e-04,    4.16972e+02,    1.06078e+00,    1.40269e+02,    3.20778e-02,    2.44694e+01,    9.64254e-04,    2.84652e+01,    4.06590e-03,    1.08239e+01,    1.82976e-03,    1.18793e+01,    1.05680e-03,              3,              0,       1 meters
  06/12/2019 13:13:13.616,    1.86878e+00,    1.08915e-03,    1.86878e+00,    1.08915e-03,   -1.00000e-02,    3.88275e-19,    1.64531e+04,    6.14835e+01,    4.08131e+02,    4.50636e-01,    1.90005e+00,    1.14573e-03,    4.14958e+02,    4.38544e-01,    1.40261e+02,    2.93449e-02,    2.44725e+01,    1.00112e-03,    2.84771e+01,    3.98276e-03,    1.08253e+01,    8.75477e-04,    1.18777e+01,    1.50967e-03,              3,              0,       1 meters
  06/12/2019 13:13:18.592,    1.86803e+00,    8.35966e-04,    1.86803e+00,    8.35966e-04,   -1.00000e-02,    3.88275e-19,    1.66072e+04,    4.56528e+01,    4.07035e+02,    3.36645e-01,    1.89958e+00,    9.19554e-04,    4.13908e+02,    3.38726e-01,    1.40282e+02,    3.88192e-02,    2.44756e+01,    9.68671e-04,    2.84904e+01,    3.73680e-03,    1.08240e+01,    1.07094e-03,    1.18802e+01,    2.64447e-03,              3,              0,       1 meters
  06/12/2019 13:13:23.570,    1.86791e+00,    5.59708e-04,    1.86791e+00,    5.59708e-04,   -1.00000e-02,    3.88275e-19,    1.66345e+04,    4.26087e+01,    4.06764e+02,    3.35427e-01,    1.89950e+00,    6.01435e-04,    4.13645e+02,    3.36040e-01,    1.40267e+02,    3.99584e-02,    2.44788e+01,    1.03557e-03,    2.85019e+01,    2.98751e-03,    1.08236e+01,    2.36392e-03,    1.18782e+01,    2.30726e-03,              3,              0,       1 meters
  06/12/2019 13:13:28.545,    1.86823e+00,    1.36729e-03,    1.86823e+00,    1.36729e-03,   -1.00000e-02,    3.88275e-19,    1.66591e+04,    4.51221e+01,    4.06415e+02,    3.75045e-01,    1.89988e+00,    1.39469e-03,    4.13301e+02,    3.79064e-01,    1.40295e+02,    4.00939e-02,    2.44818e+01,    1.00483e-03,    2.85109e+01,    5.05708e-03,    1.08249e+01,    2.72631e-03,    1.18816e+01,    4.03383e-03,              3,              0,       1 meters
  06/12/2019 13:13:33.522,    1.86925e+00,    1.86603e-03,    1.86925e+00,    1.86603e-03,   -1.00000e-02,    3.88275e-19,    1.66742e+04,    2.03631e+01,    4.10477e+02,    3.39012e+00,    1.90095e+00,    1.88000e-03,    4.17438e+02,    3.44058e+00,    1.40271e+02,    4.00474e-02,    2.44848e+01,    9.14916e-04,    2.85235e+01,    4.14079e-03,    1.08230e+01,    8.12711e-04,    1.18796e+01,    2.34629e-03,              3,              0,       1 meters
  06/12/2019 13:13:38.499,    1.87458e+00,    4.02900e-03,    1.87458e+00,    4.02900e-03,   -1.00000e-02,    3.88275e-19,    1.67179e+04,    1.65325e+01,    4.30581e+02,    8.60559e+00,    1.90646e+00,    4.10155e-03,    4.37902e+02,    8.75531e+00,    1.40293e+02,    3.48030e-02,    2.44880e+01,    1.09261e-03,    2.85314e+01,    2.20166e-03,    1.08238e+01,    1.57204e-03,    1.18796e+01,    1.01147e-03,              3,              0,       1 meters
  06/12/2019 13:13:43.476,    1.88398e+00,    2.11020e-03,    1.88398e+00,    2.11020e-03,   -1.00000e-02,    3.88275e-19,    1.66061e+04,    9.63729e+01,    4.59223e+02,    4.71488e+00,    1.91579e+00,    2.06765e-03,    4.66978e+02,    4.78045e+00,    1.40284e+02,    3.38714e-02,    2.44914e+01,    1.03322e-03,    2.85331e+01,    1.92239e-03,    1.08245e+01,    1.33832e-03,    1.18798e+01,    2.23966e-03,              3,              0,       1 meters
  06/12/2019 13:13:48.452,    1.88034e+00,    2.03175e-03,    1.88034e+00,    2.03175e-03,   -1.00000e-02,    3.88275e-19,    1.64343e+04,    5.17732e+01,    4.46461e+02,    7.18175e+00,    1.91176e+00,    2.15128e-03,    4.53922e+02,    7.32312e+00,    1.40269e+02,    4.00629e-02,    2.44946e+01,    1.03825e-03,    2.85368e+01,    1.70614e-03,    1.08239e+01,    1.61904e-03,    1.18802e+01,    1.86683e-03,              3,              0,       1 meters
  06/12/2019 13:13:53.429,    1.87622e+00,    1.00085e-03,    1.87622e+00,    1.00085e-03,   -1.00000e-02,    3.88275e-19,    1.61984e+04,    7.68179e+01,    4.27898e+02,    4.30241e+00,    1.90712e+00,    1.15175e-03,    4.34944e+02,    4.39711e+00,    1.40281e+02,    3.79093e-02,    2.44979e+01,    1.01821e-03,    2.85381e+01,    1.87262e-03,    1.08236e+01,    2.40642e-03,    1.18800e+01,    3.57129e-03,              3,              0,       1 meters
  06/12/2019 13:13:58.406,    1.87337e+00,    1.03509e-03,    1.87337e+00,    1.03509e-03,   -1.00000e-02,    3.88275e-19,    1.59026e+04,    9.99006e+01,    4.19014e+02,    1.97149e+00,    1.90365e+00,    1.04508e-03,    4.25785e+02,    2.04583e+00,    1.40255e+02,    3.45797e-02,    2.45011e+01,    1.07273e-03,    2.85436e+01,    2.05525e-03,    1.08256e+01,    1.80460e-03,    1.18784e+01,    1.58287e-03,              3,              0,       1 meters
  06/12/2019 13:14:03.383,    1.87344e+00,    1.42845e-03,    1.87344e+00,    1.42845e-03,   -1.00000e-02,    3.88275e-19,    1.55650e+04,    9.99601e+01,    4.13772e+02,    1.33919e+00,    1.90306e+00,    1.29313e-03,    4.20315e+02,    1.40068e+00,    1.40266e+02,    3.14674e-02,    2.45042e+01,    1.03122e-03,    2.85471e+01,    1.82632e-03,    1.08247e+01,    1.20736e-03,    1.18782e+01,    1.02902e-03,              3,              0,       1 meters
  06/12/2019 13:14:08.359,    1.87159e+00,    1.37420e-03,    1.87159e+00,    1.37420e-03,   -1.00000e-02,    3.88275e-19,    1.52948e+04,    6.01988e+01,    4.10224e+02,    8.12356e-01,    1.90066e+00,    1.44398e-03,    4.16596e+02,    8.49802e-01,    1.40263e+02,    3.59885e-02,    2.45076e+01,    1.01408e-03,    2.85487e+01,    2.67804e-03,    1.08248e+01,    1.16438e-03,    1.18793e+01,    1.23605e-03,              3,              0,       1 meters
  06/12/2019 13:14:13.334,    1.87131e+00,    8.64200e-04,    1.87131e+00,    8.64200e-04,   -1.00000e-02,    3.88275e-19,    1.51424e+04,    8.80210e+01,    4.07553e+02,    9.31355e-01,    1.90008e+00,    7.67375e-04,    4.13820e+02,    9.75658e-01,    1.40265e+02,    3.63501e-02,    2.45108e+01,    9.66959e-04,    2.85491e+01,    3.11993e-03,    1.08246e+01,    2.15991e-03,    1.18795e+01,    2.51285e-03,              3,              0,       1 meters
  06/12/2019 13:14:18.313,    1.87154e+00,    8.01164e-04,    1.87154e+00,    8.01164e-04,   -1.00000e-02,    3.88275e-19,    1.51189e+04,    7.26559e+01,    4.04454e+02,    6.95372e-01,    1.90027e+00,    7.29686e-04,    4.10662e+02,    6.83658e-01,    1.40284e+02,    4.36811e-02,    2.45140e+01,    1.04978e-03,    2.85509e+01,    1.32564e-03,    1.08244e+01,    2.92599e-03,    1.18798e+01,    2.17310e-03,              3,              0,       1 meters
  06/12/2019 13:14:23.290,    1.87082e+00,    1.41216e-03,    1.87082e+00,    1.41216e-03,   -1.00000e-02,    3.88275e-19,    1.53403e+04,    1.12296e+02,    4.02457e+02,    4.92438e-01,    1.89997e+00,    1.50149e-03,    4.08727e+02,    4.55016e-01,    1.40271e+02,    3.91265e-02,    2.45175e+01,    1.13437e-03,    2.85547e+01,    3.12697e-03,    1.08251e+01,    1.63146e-03,    1.18802e+01,    1.45426e-03,              3,              0,       1 meters
  06/12/2019 13:14:28.267,    1.86990e+00,    1.54497e-03,    1.86990e+00,    1.54497e-03,   -1.00000e-02,    3.88275e-19,    1.55827e+04,    1.00264e+02,    4.01207e+02,    4.96036e-01,    1.89950e+00,    1.55380e-03,    4.07558e+02,    4.73212e-01,    1.40297e+02,    2.86805e-02,    2.45209e+01,    1.09920e-03,    2.85623e+01,    2.72612e-03,    1.08259e+01,    1.57931e-03,    1.18798e+01,    1.64831e-03,              3,              0,       1 meters
  06/12/2019 13:14:33.244,    1.86970e+00,    1.41662e-03,    1.86970e+00,    1.41662e-03,   -1.00000e-02,    3.88275e-19,    1.57594e+04,    9.17759e+01,    4.00229e+02,    2.32620e-01,    1.89964e+00,    1.41850e-03,    4.06637e+02,    2.03050e-01,    1.40280e+02,    3.65504e-02,    2.45244e+01,    1.08396e-03,    2.85698e+01,    2.99306e-03,    1.08246e+01,    1.63546e-03,    1.18804e+01,    1.79657e-03,              3,              0,       1 meters
  06/12/2019 13:14:38.220,    1.86923e+00,    1.59626e-03,    1.86923e+00,    1.59626e-03,   -1.00000e-02,    3.88275e-19,    1.59242e+04,    4.58510e+01,    3.99625e+02,    9.65192e-02,    1.89948e+00,    1.58601e-03,    4.06092e+02,    9.38000e-02,    1.40275e+02,    3.65387e-02,    2.45278e+01,    1.13849e-03,    2.85767e+01,    3.86220e-03,    1.08245e+01,    1.33394e-03,    1.18785e+01,    2.69214e-03,              3,              0,       1 meters
  06/12/2019 13:14:43.198,    1.86993e+00,    1.25235e-03,    1.86993e+00,    1.25235e-03,   -1.00000e-02,    3.88275e-19,    1.61042e+04,    4.86706e+01,    4.01042e+02,    7.89188e-01,    1.90053e+00,    1.27046e-03,    4.07606e+02,    8.19853e-01,    1.40275e+02,    4.00339e-02,    2.45312e+01,    1.09901e-03,    2.85814e+01,    1.72682e-03,    1.08248e+01,    2.21132e-03,    1.18783e+01,    3.14160e-03,              3,              0,       1 meters
  06/12/2019 13:14:48.180,    1.86925e+00,    1.16374e-03,    1.86925e+00,    1.16374e-03,   -1.00000e-02,    3.88275e-19,    1.62291e+04,    4.53408e+01,    4.01698e+02,    3.78136e-01,    1.90009e+00,    1.10444e-03,    4.08325e+02,    3.75521e-01,    1.40254e+02,    2.64654e-02,    2.45346e+01,    9.52511e-04,    2.85860e+01,    1.80058e-03,    1.08251e+01,    1.26137e-03,    1.18802e+01,    2.46873e-03,              3,              0,       1 meters
  06/12/2019 13:14:53.156,    1.86917e+00,    8.85675e-04,    1.86917e+00,    8.85675e-04,   -1.00000e-02,    3.88275e-19,    1.61355e+04,    6.57460e+01,    4.00936e+02,    2.21337e-01,    1.89982e+00,    9.42823e-04,    4.07511e+02,    2.41105e-01,    1.40284e+02,    4.23639e-02,    2.45379e+01,    1.10685e-03,    2.85902e+01,    2.08578e-03,    1.08255e+01,    2.72522e-03,    1.18798e+01,    9.91322e-04,              3,              0,       1 meters
  06/12/2019 13:14:58.133,    1.86870e+00,    1.28861e-03,    1.86870e+00,    1.28861e-03,   -1.00000e-02,    3.88275e-19,    1.60242e+04,    3.05699e+01,    4.00111e+02,    6.89397e-01,    1.89914e+00,    1.32295e-03,    4.06626e+02,    6.97653e-01,    1.40269e+02,    4.10172e-02,    2.45412e+01,    1.01502e-03,    2.85897e+01,    1.88606e-03,    1.08260e+01,    2.42379e-03,    1.18767e+01,    2.00381e-03,              3,              0,       1 meters
  06/12/2019 13:15:03.111,    1.86933e+00,    1.23627e-03,    1.86933e+00,    1.23627e-03,   -1.00000e-02,    3.88275e-19,    1.59596e+04,    3.50914e+01,    3.98739e+02,    1.68473e-01,    1.89964e+00,    1.31127e-03,    4.05206e+02,    1.72335e-01,    1.40296e+02,    3.61284e-02,    2.45444e+01,    1.08400e-03,    2.85936e+01,    2.75471e-03,    1.08257e+01,    1.30892e-03,    1.18812e+01,    9.94084e-04,              3,              0,       1 meters
  06/12/2019 13:15:08.088,    1.86984e+00,    9.24934e-04,    1.86984e+00,    9.24934e-04,   -1.00000e-02,    3.88275e-19,    1.60701e+04,    6.49825e+01,    3.98748e+02,    3.66220e-01,    1.90038e+00,    9.16625e-04,    4.05261e+02,    3.92989e-01,    1.40264e+02,    3.72141e-02,    2.45478e+01,    1.16740e-03,    2.85976e+01,    3.35565e-03,    1.08245e+01,    2.22344e-03,    1.18800e+01,    2.69052e-03,              3,              0,       1 meters
  06/12/2019 13:15:13.064,    1.86946e+00,    1.37318e-03,    1.86946e+00,    1.37318e-03,   -1.00000e-02,    3.88275e-19,    1.62000e+04,    3.55240e+01,    3.99106e+02,    9.21779e-02,    1.90025e+00,    1.38698e-03,    4.05678e+02,    8.76641e-02,    1.40278e+02,    3.65045e-02,    2.45512e+01,    1.09562e-03,    2.86048e+01,    2.96577e-03,    1.08257e+01,    2.42786e-03,    1.18782e+01,    2.22425e-03,              3,              0,       1 meters
  06/12/2019 13:15:18.041,    1.86922e+00,    2.01980e-04,    1.86922e+00,    2.01980e-04,   -1.00000e-02,    3.88275e-19,    1.63628e+04,    2.93914e+01,    3.98897e+02,    2.66617e-01,    1.90031e+00,    1.80317e-04,    4.05533e+02,    2.67022e-01,    1.40254e+02,    3.63997e-02,    2.45548e+01,    1.09011e-03,    2.86144e+01,    3.05126e-03,    1.08250e+01,    9.03350e-04,    1.18787e+01,    3.35581e-03,              3,              0,       1 meters
  06/12/2019 13:15:23.018,    1.86899e+00,    1.44961e-03,    1.86899e+00,    1.44961e-03,   -1.00000e-02,    3.88275e-19,    1.64771e+04,    5.79081e+01,    3.99773e+02,    4.98090e-01,    1.90030e+00,    1.50417e-03,    4.06471e+02,    5.25606e-01,    1.40285e+02,    3.88401e-02,    2.45581e+01,    1.11828e-03,    2.86201e+01,    3.05788e-03,    1.08247e+01,    1.57100e-03,    1.18797e+01,    2.94167e-03,              3,              0,       1 meters
  06/12/2019 13:15:27.993,    1.86932e+00,    5.13219e-04,    1.86932e+00,    5.13219e-04,   -1.00000e-02,    3.88275e-19,    1.64927e+04,    4.76550e+01,    4.01792e+02,    2.24181e+00,    1.90066e+00,    5.88174e-04,    4.08530e+02,    2.27206e+00,    1.40272e+02,    3.58681e-02,    2.45616e+01,    1.04043e-03,    2.86258e+01,    2.86933e-03,    1.08253e+01,    3.86572e-03,    1.18798e+01,    1.69279e-03,              3,              0,       1 meters
  06/12/2019 13:15:32.970,    1.86873e+00,    1.13320e-03,    1.86873e+00,    1.13320e-03,   -1.00000e-02,    3.88275e-19,    1.64209e+04,    9.35124e+01,    4.40450e+02,    1.27079e+01,    1.89993e+00,    1.17264e-03,    4.47802e+02,    1.28806e+01,    1.40293e+02,    3.86513e-02,    2.45649e+01,    1.04124e-03,    2.86348e+01,    4.18509e-03,    1.08249e+01,    3.10045e-03,    1.18785e+01,    3.94554e-03,              3,              0,       1 meters
  06/12/2019 13:15:37.947,    1.86967e+00,    1.45065e-03,    1.86967e+00,    1.45065e-03,   -1.00000e-02,    3.88275e-19,    1.63090e+04,    9.41886e+01,    4.43628e+02,    5.36130e+00,    1.90066e+00,    1.63050e-03,    4.50983e+02,    5.45573e+00,    1.40272e+02,    3.67625e-02,    2.45683e+01,    1.14820e-03,    2.86454e+01,    2.12190e-03,    1.08245e+01,    2.95992e-03,    1.18775e+01,    3.78360e-03,              3,              0,       1 meters
  06/12/2019 13:15:42.924,    1.86950e+00,    7.24313e-04,    1.86950e+00,    7.24313e-04,   -1.00000e-02,    3.88275e-19,    1.63784e+04,    5.92840e+01,    4.28375e+02,    3.30522e+00,    1.90063e+00,    8.33178e-04,    4.35508e+02,    3.34053e+00,    1.40277e+02,    4.09144e-02,    2.45717e+01,    1.13248e-03,    2.86513e+01,    3.24559e-03,    1.08254e+01,    2.94997e-03,    1.18776e+01,    3.76141e-03,              3,              0,       1 meters
  06/12/2019 13:15:47.899,    1.87169e+00,    6.21288e-04,    1.87169e+00,    6.21288e-04,   -1.00000e-02,    3.88275e-19,    1.64037e+04,    3.82565e+01,    4.21032e+02,    2.63475e+00,    1.90290e+00,    6.33771e-04,    4.28054e+02,    2.67591e+00,    1.40255e+02,    2.72519e-02,    2.45753e+01,    1.10130e-03,    2.86562e+01,    1.07838e-03,    1.08221e+01,    2.85656e-03,    1.18813e+01,    2.72026e-03,              3,              0,       1 meters
  06/12/2019 13:15:52.878,    1.87008e+00,    1.10732e-03,    1.87008e+00,    1.10732e-03,   -1.00000e-02,    3.88275e-19,    1.63279e+04,    3.94578e+01,    4.12572e+02,    2.38569e+00,    1.90112e+00,    1.15820e-03,    4.19421e+02,    2.43031e+00,    1.40269e+02,    3.73152e-02,    2.45787e+01,    1.08548e-03,    2.86611e+01,    2.66012e-03,    1.08262e+01,    2.18295e-03,    1.18797e+01,    2.26917e-03,              3,              0,       1 meters
  06/12/2019 13:15:57.854,    1.87016e+00,    1.89508e-03,    1.87016e+00,    1.89508e-03,   -1.00000e-02,    3.88275e-19,    1.62108e+04,    6.98385e+01,    4.06684e+02,    1.26141e+00,    1.90098e+00,    2.05022e-03,    4.13385e+02,    1.30903e+00,    1.40273e+02,    4.05475e-02,    2.45822e+01,    1.12854e-03,    2.86698e+01,    4.78084e-03,    1.08251e+01,    1.55975e-03,    1.18787e+01,    1.24159e-03,              3,              0,       1 meters
  06/12/2019 13:16:02.831,    1.86994e+00,    8.76764e-04,    1.86994e+00,    8.76764e-04,   -1.00000e-02,    3.88275e-19,    1.60622e+04,    6.02691e+01,    4.03057e+02,    7.85593e-01,    1.90047e+00,    9.95492e-04,    4.09636e+02,    8.18678e-01,    1.40276e+02,    3.86536e-02,    2.45857e+01,    1.09516e-03,    2.86778e+01,    2.06514e-03,    1.08257e+01,    1.78657e-03,    1.18806e+01,    1.63806e-03,              3,              0,       1 meters
  06/12/2019 13:16:07.808,    1.87094e+00,    9.48849e-04,    1.87094e+00,    9.48849e-04,   -1.00000e-02,    3.88275e-19,    1.59681e+04,    4.91840e+01,    4.01316e+02,    3.46511e-01,    1.90130e+00,    9.59773e-04,    4.07828e+02,    3.69850e-01,    1.40293e+02,    2.90173e-02,    2.45891e+01,    1.10139e-03,    2.86801e+01,    1.99685e-03,    1.08236e+01,    2.43911e-03,    1.18780e+01,    1.12111e-03,              3,              0,       1 meters
  06/12/2019 13:16:12.785,    1.87027e+00,    6.41284e-04,    1.87027e+00,    6.41284e-04,   -1.00000e-02,    3.88275e-19,    1.60025e+04,    2.86075e+01,    4.00780e+02,    2.71450e-01,    1.90069e+00,    6.13038e-04,    4.07298e+02,    2.70087e-01,    1.40272e+02,    3.49948e-02,    2.45927e+01,    1.07001e-03,    2.86843e+01,    2.27661e-03,    1.08241e+01,    5.58897e-04,    1.18800e+01,    1.71892e-03,              3,              0,       1 meters
  06/12/2019 13:16:17.761,    1.86998e+00,    1.35187e-03,    1.86998e+00,    1.35187e-03,   -1.00000e-02,    3.88275e-19,    1.61062e+04,    9.24039e+01,    4.00871e+02,    2.26479e-01,    1.90059e+00,    1.47960e-03,    4.07433e+02,    2.41362e-01,    1.40283e+02,    3.64971e-02,    2.45963e+01,    1.17938e-03,    2.86938e+01,    2.91753e-03,    1.08258e+01,    3.39663e-03,    1.18790e+01,    3.37599e-03,              3,              0,       1 meters
  06/12/2019 13:16:22.738,    1.87058e+00,    1.09834e-03,    1.87058e+00,    1.09834e-03,   -1.00000e-02,    3.88275e-19,    1.64155e+04,    1.10577e+02,    4.01194e+02,    2.59416e-01,    1.90179e+00,    1.28190e-03,    4.07889e+02,    3.01483e-01,    1.40252e+02,    3.50740e-02,    2.45999e+01,    1.16070e-03,    2.87003e+01,    2.64486e-03,    1.08252e+01,    3.78163e-03,    1.18804e+01,    2.07341e-03,              3,              0,       1 meters
  06/12/2019 13:16:27.715,    1.87057e+00,    1.93693e-03,    1.87057e+00,    1.93693e-03,   -1.00000e-02,    3.88275e-19,    1.65250e+04,    2.43388e+01,    4.01893e+02,    7.02428e-01,    1.90200e+00,    1.98932e-03,    4.08646e+02,    7.17670e-01,    1.40271e+02,    3.42302e-02,    2.46035e+01,    1.11284e-03,    2.87056e+01,    1.60191e-03,    1.08222e+01,    2.44775e-03,    1.18793e+01,    4.27848e-03,              3,              0,       1 meters
  06/12/2019 13:16:32.692,    1.87069e+00,    1.38980e-03,    1.87069e+00,    1.38980e-03,   -1.00000e-02,    3.88275e-19,    1.64613e+04,    3.92335e+01,    4.04254e+02,    4.12414e-01,    1.90200e+00,    1.45382e-03,    4.11020e+02,    4.34444e-01,    1.40258e+02,    3.71052e-02,    2.46071e+01,    1.11594e-03,    2.87129e+01,    2.48990e-03,    1.08274e+01,    9.14570e-04,    1.18788e+01,    4.55869e-04,              3,              0,       1 meters
  06/12/2019 13:16:37.670,    1.87026e+00,    9.34875e-04,    1.87026e+00,    9.34875e-04,   -1.00000e-02,    3.88275e-19,    1.66016e+04,    6.41625e+01,    4.04377e+02,    3.82031e-01,    1.90183e+00,    9.52516e-04,    4.11204e+02,    3.75172e-01,    1.40281e+02,    3.56463e-02,    2.46106e+01,    1.24842e-03,    2.87222e+01,    4.18955e-03,    1.08262e+01,    1.54041e-03,    1.18779e+01,    2.12504e-03,              3,              0,       1 meters
  06/12/2019 13:16:42.643,    1.86968e+00,    1.00003e-03,    1.86968e+00,    1.00003e-03,   -1.00000e-02,    3.88275e-19,    1.67979e+04,    1.06485e+02,    4.02497e+02,    9.09291e-01,    1.90162e+00,    9.76746e-04,    4.09374e+02,    8.83469e-01,    1.40282e+02,    3.79891e-02,    2.46145e+01,    1.13513e-03,    2.87297e+01,    3.23461e-03,    1.08247e+01,    8.59214e-04,    1.18803e+01,    3.62290e-03,              3,              0,       1 meters
  06/12/2019 13:16:47.628,    1.86912e+00,    8.86216e-04,    1.86912e+00,    8.86216e-04,   -1.00000e-02,    3.88275e-19,    1.68988e+04,    2.69954e+01,    4.00521e+02,    5.11874e-01,    1.90125e+00,    9.04275e-04,    4.07405e+02,    5.14167e-01,    1.40283e+02,    3.68115e-02,    2.46180e+01,    1.15537e-03,    2.87369e+01,    2.39611e-03,    1.08241e+01,    3.14928e-03,    1.18783e+01,    1.79214e-03,              3,              0,       1 meters
  06/12/2019 13:16:52.604,    1.86777e+00,    1.21303e-03,    1.86777e+00,    1.21303e-03,   -1.00000e-02,    3.88275e-19,    1.69938e+04,    4.48651e+01,    3.99553e+02,    1.51073e-01,    1.90006e+00,    1.24050e-03,    4.06460e+02,    1.40543e-01,    1.40275e+02,    4.12854e-02,    2.46217e+01,    1.14104e-03,    2.87439e+01,    3.21891e-03,    1.08255e+01,    1.05253e-03,    1.18803e+01,    2.64121e-03,              3,              0,       1 meters
  06/12/2019 13:16:57.592,    1.86850e+00,    1.39290e-03,    1.86850e+00,    1.39290e-03,   -1.00000e-02,    3.88275e-19,    1.70436e+04,    6.57250e+01,    3.98856e+02,    1.58598e-01,    1.90089e+00,    1.43405e-03,    4.05772e+02,    1.58206e-01,    1.40253e+02,    3.75587e-02,    2.46255e+01,    1.17686e-03,    2.87473e+01,    1.65840e-03,    1.08248e+01,    1.17694e-03,    1.18784e+01,    2.07139e-03,              3,              0,       1 meters
  06/12/2019 13:17:02.568,    1.86840e+00,    9.52999e-04,    1.86840e+00,    9.52999e-04,   -1.00000e-02,    3.88275e-19,    1.69254e+04,    6.54925e+01,    3.98422e+02,    1.21561e-01,    1.90057e+00,    1.07946e-03,    4.05281e+02,    1.29164e-01,    1.40284e+02,    3.77934e-02,    2.46290e+01,    1.18922e-03,    2.87536e+01,    3.21235e-03,    1.08239e+01,    1.55368e-03,    1.18786e+01,    4.17924e-03,              3,              0,       1 meters
  06/12/2019 13:17:07.555,    1.86908e+00,    1.48019e-03,    1.86908e+00,    1.48019e-03,   -1.00000e-02,    3.88275e-19,    1.69524e+04,    3.00002e+00,    3.98129e+02,    1.37945e-01,    1.90131e+00,    1.50259e-03,    4.04994e+02,    1.41405e-01,    1.40270e+02,    3.64354e-02,    2.46329e+01,    1.16240e-03,    2.87616e+01,    2.79971e-03,    1.08258e+01,    1.68401e-03,    1.18784e+01,    2.31384e-03,              3,              0,       1 meters
  06/12/2019 13:17:12.530,    1.86817e+00,    4.07357e-04,    1.86817e+00,    4.07357e-04,   -1.00000e-02,    3.88275e-19,    1.68363e+04,    4.53669e+01,    3.97927e+02,    2.47777e-01,    1.90016e+00,    4.46571e-04,    4.04742e+02,    2.60995e-01,    1.40292e+02,    3.23485e-02,    2.46365e+01,    1.23259e-03,    2.87649e+01,    2.95307e-03,    1.08261e+01,    1.98699e-03,    1.18795e+01,    1.97183e-03,              3,              0,       1 meters
  06/12/2019 13:17:17.508,    1.86945e+00,    7.28122e-04,    1.86945e+00,    7.28122e-04,   -1.00000e-02,    3.88275e-19,    1.66634e+04,    5.89777e+01,    3.97687e+02,    1.82182e-01,    1.90113e+00,    6.89134e-04,    4.04426e+02,    2.00134e-01,    1.40263e+02,    3.15112e-02,    2.46403e+01,    1.15940e-03,    2.87726e+01,    2.56973e-03,    1.08260e+01,    2.35385e-03,    1.18775e+01,    2.37118e-03,              3,              0,       1 meters
  06/12/2019 13:17:22.484,    1.86788e+00,    1.77607e-03,    1.86788e+00,    1.77607e-03,   -1.00000e-02,    3.88275e-19,    1.65621e+04,    5.57822e+01,    3.97029e+02,    4.02442e-01,    1.89934e+00,    1.89763e-03,    4.03715e+02,    3.98529e-01,    1.40260e+02,    3.87059e-02,    2.46440e+01,    1.21175e-03,    2.87799e+01,    1.66116e-03,    1.08260e+01,    3.43781e-03,    1.18778e+01,    2.51386e-03,              3,              0,       1 meters
  06/12/2019 13:17:27.461,    1.86991e+00,    1.03791e-03,    1.86991e+00,    1.03791e-03,   -1.00000e-02,    3.88275e-19,    1.64273e+04,    2.63569e+01,    3.96094e+02,    2.93111e-01,    1.90114e+00,    1.10168e-03,    4.02710e+02,    3.00178e-01,    1.40263e+02,    3.44413e-02,    2.46476e+01,    1.12165e-03,    2.87852e+01,    4.20394e-03,    1.08255e+01,    2.79474e-03,    1.18799e+01,    1.69515e-03,              3,              0,       1 meters
  06/12/2019 13:17:32.438,    1.87034e+00,    1.80533e-03,    1.87034e+00,    1.80533e-03,   -1.00000e-02,    3.88275e-19,    1.63317e+04,    7.42543e+01,    3.95440e+02,    2.21655e-01,    1.90140e+00,    1.84645e-03,    4.02005e+02,    2.50278e-01,    1.40262e+02,    3.83857e-02,    2.46513e+01,    1.17920e-03,    2.87958e+01,    2.53739e-03,    1.08260e+01,    1.45524e-03,    1.18799e+01,    1.58804e-03,              3,              0,       1 meters
  06/12/2019 13:17:37.415,    1.86918e+00,    1.16873e-03,    1.86918e+00,    1.16873e-03,   -1.00000e-02,    3.88275e-19,    1.61688e+04,    3.87007e+01,    3.95076e+02,    1.88425e-01,    1.89990e+00,    1.15424e-03,    4.01569e+02,    1.87278e-01,    1.40286e+02,    3.75571e-02,    2.46550e+01,    1.19247e-03,    2.88037e+01,    2.56789e-03,    1.08268e+01,    1.35270e-03,    1.18782e+01,    2.15812e-03,              3,              0,       1 meters
  06/12/2019 13:17:42.391,    1.87020e+00,    5.53661e-04,    1.87020e+00,    5.53661e-04,   -1.00000e-02,    3.88275e-19,    1.63239e+04,    8.45835e+01,    3.95053e+02,    1.93347e-01,    1.90124e+00,    6.41267e-04,    4.01609e+02,    1.77817e-01,    1.40269e+02,    3.80237e-02,    2.46588e+01,    1.22015e-03,    2.88097e+01,    2.84589e-03,    1.08260e+01,    5.22436e-04,    1.18784e+01,    2.39710e-03,              3,              0,       1 meters
  06/12/2019 13:17:47.368,    1.86988e+00,    6.10761e-04,    1.86988e+00,    6.10761e-04,   -1.00000e-02,    3.88275e-19,    1.65346e+04,    7.06803e+01,    3.94752e+02,    1.22076e-01,    1.90132e+00,    6.64806e-04,    4.01389e+02,    1.41574e-01,    1.40290e+02,    3.97714e-02,    2.46627e+01,    1.25328e-03,    2.88125e+01,    2.52605e-03,    1.08237e+01,    9.57437e-04,    1.18776e+01,    1.72487e-03,              3,              0,       1 meters
  06/12/2019 13:17:52.345,    1.86989e+00,    2.19528e-03,    1.86989e+00,    2.19528e-03,   -1.00000e-02,    3.88275e-19,    1.62397e+04,    2.76608e+02,    3.93892e+02,    6.20725e-01,    1.90075e+00,    2.08892e-03,    4.00395e+02,    7.43402e-01,    1.40269e+02,    3.60697e-02,    2.46666e+01,    1.21870e-03,    2.88196e+01,    3.30958e-03,    1.08245e+01,    2.69069e-03,    1.18796e+01,    2.16863e-03,              3,              0,       1 meters
  06/12/2019 13:17:57.321,    1.87073e+00,    1.29363e-03,    1.87073e+00,    1.29363e-03,   -1.00000e-02,    3.88275e-19,    1.54428e+04,    2.19281e+02,    3.93256e+02,    1.39079e-01,    1.90007e+00,    1.26701e-03,    3.99424e+02,    7.03745e-02,    1.40276e+02,    4.14045e-02,    2.46702e+01,    1.14253e-03,    2.88261e+01,    2.77365e-03,    1.08244e+01,    4.87326e-04,    1.18790e+01,    2.84720e-03,              3,              0,       1 meters
  06/12/2019 13:18:02.299,    1.87194e+00,    9.33011e-04,    1.87194e+00,    9.33011e-04,   -1.00000e-02,    3.88275e-19,    1.50590e+04,    2.43503e+01,    3.93010e+02,    2.41730e-01,    1.90057e+00,    9.34158e-04,    3.99018e+02,    2.49790e-01,    1.40256e+02,    2.74128e-02,    2.46738e+01,    1.10764e-03,    2.88311e+01,    1.02327e-03,    1.08239e+01,    1.82177e-03,    1.18789e+01,    2.81510e-03,              3,              0,       1 meters
  06/12/2019 13:18:07.273,    1.87132e+00,    8.60893e-04,    1.87132e+00,    8.60893e-04,   -1.00000e-02,    3.88275e-19,    1.50076e+04,    3.98798e+01,    3.92275e+02,    1.58864e-01,    1.89984e+00,    8.44943e-04,    3.98251e+02,    1.55096e-01,    1.40265e+02,    3.76045e-02,    2.46775e+01,    1.14995e-03,    2.88342e+01,    1.53560e-03,    1.08250e+01,    1.84349e-03,    1.18798e+01,    2.27939e-03,              3,              0,       1 meters
  06/12/2019 13:18:12.262,    1.87160e+00,    1.62301e-03,    1.87160e+00,    1.62301e-03,   -1.00000e-02,    3.88275e-19,    1.52330e+04,    1.07507e+02,    3.91809e+02,    3.00144e-01,    1.90055e+00,    1.66938e-03,    3.97870e+02,    2.69767e-01,    1.40286e+02,    4.01819e-02,    2.46813e+01,    1.19544e-03,    2.88396e+01,    2.54472e-03,    1.08251e+01,    1.11795e-03,    1.18809e+01,    2.02506e-03,              3,              0,       1 meters
  06/12/2019 13:18:17.242,    1.87091e+00,    1.19597e-03,    1.87091e+00,    1.19597e-03,   -1.00000e-02,    3.88275e-19,    1.54482e+04,    8.82733e+01,    3.91684e+02,    1.48917e-01,    1.90026e+00,    1.24651e-03,    3.97829e+02,    1.34357e-01,    1.40283e+02,    3.46920e-02,    2.46852e+01,    1.24491e-03,    2.88461e+01,    3.01721e-03,    1.08243e+01,    1.53144e-03,    1.18807e+01,    1.38702e-03,              3,              0,       1 meters
  06/12/2019 13:18:22.217,    1.87014e+00,    9.44095e-04,    1.87014e+00,    9.44095e-04,   -1.00000e-02,    3.88275e-19,    1.57104e+04,    1.19918e+02,    3.91976e+02,    2.12562e-01,    1.89999e+00,    9.27790e-04,    3.98232e+02,    2.25205e-01,    1.40276e+02,    4.16835e-02,    2.46891e+01,    1.23240e-03,    2.88517e+01,    1.92374e-03,    1.08254e+01,    3.08327e-03,    1.18774e+01,    2.49662e-03,              3,              0,       1 meters
  06/12/2019 13:18:27.192,    1.87061e+00,    7.22967e-04,    1.87061e+00,    7.22967e-04,   -1.00000e-02,    3.88275e-19,    1.59649e+04,    5.41122e+01,    3.92457e+02,    2.09183e-01,    1.90096e+00,    7.23984e-04,    3.98824e+02,    2.28820e-01,    1.40258e+02,    3.31112e-02,    2.46929e+01,    1.22834e-03,    2.88548e+01,    1.62794e-03,    1.08255e+01,    3.14189e-03,    1.18799e+01,    2.54007e-03,              3,              0,       1 meters
  06/12/2019 13:18:32.169,    1.86989e+00,    1.14462e-03,    1.86989e+00,    1.14462e-03,   -1.00000e-02,    3.88275e-19,    1.58969e+04,    7.04770e+01,    3.92935e+02,    2.33329e-01,    1.90010e+00,    1.07245e-03,    3.99282e+02,    2.21544e-01,    1.40271e+02,    4.06186e-02,    2.46967e+01,    1.16717e-03,    2.88619e+01,    2.90999e-03,    1.08257e+01,    2.95172e-03,    1.18786e+01,    3.66913e-03,              3,              0,       1 meters
  06/12/2019 13:18:37.149,    1.87110e+00,    7.56544e-04,    1.87110e+00,    7.56544e-04,   -1.00000e-02,    3.88275e-19,    1.57034e+04,    9.64154e+01,    3.93696e+02,    6.05650e-01,    1.90095e+00,    8.90290e-04,    3.99977e+02,    5.87605e-01,    1.40269e+02,    4.28590e-02,    2.47004e+01,    1.14690e-03,    2.88661e+01,    2.12375e-03,    1.08250e+01,    1.86581e-03,    1.18798e+01,    2.96674e-03,              3,              0,       1 meters
  06/12/2019 13:18:42.126,    1.87091e+00,    1.18780e-03,    1.87091e+00,    1.18780e-03,   -1.00000e-02,    3.88275e-19,    1.54862e+04,    1.11352e+02,    3.96753e+02,    1.30609e+00,    1.90034e+00,    1.11995e-03,    4.02994e+02,    1.28446e+00,    1.40289e+02,    3.05445e-02,    2.47041e+01,    1.15781e-03,    2.88715e+01,    2.78777e-03,    1.08257e+01,    2.18359e-03,    1.18797e+01,    1.25478e-03,              3,              0,       1 meters
  06/12/2019 13:18:47.102,    1.87325e+00,    1.56955e-03,    1.87325e+00,    1.56955e-03,   -1.00000e-02,    3.88275e-19,    1.49079e+04,    1.85537e+02,    4.03934e+02,    3.44679e+00,    1.90160e+00,    1.49305e-03,    4.10047e+02,    3.42431e+00,    1.40274e+02,    3.26899e-02,    2.47077e+01,    1.08047e-03,    2.88808e+01,    3.80143e-03,    1.08252e+01,    2.22691e-03,    1.18804e+01,    2.64030e-03,              3,              0,       1 meters
  06/12/2019 13:18:52.081,    1.87615e+00,    9.82366e-04,    1.87615e+00,    9.82366e-04,   -1.00000e-02,    3.88275e-19,    1.46019e+04,    6.11789e+01,    4.10115e+02,    1.03997e+00,    1.90395e+00,    9.98834e-04,    4.16192e+02,    1.03185e+00,    1.40280e+02,    3.84995e-02,    2.47112e+01,    1.11985e-03,    2.88913e+01,    2.99066e-03,    1.08228e+01,    3.57978e-03,    1.18800e+01,    1.70975e-03,              3,              0,       1 meters
  06/12/2019 13:18:57.056,    1.87562e+00,    1.35279e-03,    1.87562e+00,    1.35279e-03,   -1.00000e-02,    3.88275e-19,    1.43818e+04,    1.22709e+02,    4.09402e+02,    1.32843e+00,    1.90298e+00,    1.27988e-03,    4.15376e+02,    1.39680e+00,    1.40259e+02,    3.59242e-02,    2.47148e+01,    1.14130e-03,    2.88965e+01,    2.73885e-03,    1.08255e+01,    2.97947e-03,    1.18777e+01,    2.75686e-03,              3,              0,       1 meters
  06/12/2019 13:19:02.033,    1.87451e+00,    2.07916e-03,    1.87451e+00,    2.07916e-03,   -1.00000e-02,    3.88275e-19,    1.41974e+04,    4.44069e+01,    4.04520e+02,    1.45205e+00,    1.90151e+00,    2.19369e-03,    4.10346e+02,    1.46518e+00,    1.40279e+02,    3.66989e-02,    2.47185e+01,    1.10712e-03,    2.89041e+01,    2.32376e-03,    1.08270e+01,    3.00949e-03,    1.18790e+01,    1.35955e-03,              3,              0,       1 meters
  06/12/2019 13:19:07.009,    1.87556e+00,    8.00169e-04,    1.87556e+00,    8.00169e-04,   -1.00000e-02,    3.88275e-19,    1.41786e+04,    2.85965e+01,    4.06903e+02,    3.68310e+00,    1.90254e+00,    8.06303e-04,    4.12755e+02,    3.72744e+00,    1.40271e+02,    4.15950e-02,    2.47221e+01,    1.17647e-03,    2.89078e+01,    2.73411e-03,    1.08242e+01,    2.39725e-03,    1.18786e+01,    1.72517e-03,              3,              0,       1 meters
  06/12/2019 13:19:11.986,    1.87494e+00,    1.27244e-03,    1.87494e+00,    1.27244e-03,   -1.00000e-02,    3.88275e-19,    1.42470e+04,    7.16000e+01,    4.11028e+02,    1.38787e+00,    1.90204e+00,    1.31949e-03,    4.16968e+02,    1.41711e+00,    1.40292e+02,    3.36402e-02,    2.47258e+01,    1.31890e-03,    2.89171e+01,    3.66109e-03,    1.08252e+01,    3.34753e-03,    1.18773e+01,    1.51859e-03,              3,              0,       1 meters
  06/12/2019 13:19:16.963,    1.87379e+00,    1.30132e-03,    1.87379e+00,    1.30132e-03,   -1.00000e-02,    3.88275e-19,    1.41563e+04,    7.14040e+01,    4.05703e+02,    1.69309e+00,    1.90069e+00,    1.44779e-03,    4.11528e+02,    1.69937e+00,    1.40259e+02,    3.20575e-02,    2.47296e+01,    1.20442e-03,    2.89252e+01,    2.95707e-03,    1.08273e+01,    2.82796e-03,    1.18781e+01,    1.95612e-03,              3,              0,       1 meters
  06/12/2019 13:19:21.939,    1.87711e+00,    4.45251e-04,    1.87711e+00,    4.45251e-04,   -1.00000e-02,    3.88275e-19,    1.43056e+04,    3.11446e+01,    4.12927e+02,    2.44253e+00,    1.90435e+00,    4.70444e-04,    4.18920e+02,    2.48582e+00,    1.40272e+02,    3.66828e-02,    2.47333e+01,    1.24168e-03,    2.89312e+01,    2.73669e-03,    1.08242e+01,    2.93433e-03,    1.18796e+01,    2.87542e-03,              3,              0,       1 meters
  06/12/2019 13:19:26.916,    1.87654e+00,    1.53124e-03,    1.87654e+00,    1.53124e-03,   -1.00000e-02,    3.88275e-19,    1.42681e+04,    5.25084e+01,    4.09336e+02,    2.80676e+00,    1.90371e+00,    1.61874e-03,    4.15261e+02,    2.85261e+00,    1.40261e+02,    3.74610e-02,    2.47369e+01,    1.19666e-03,    2.89379e+01,    2.10510e-03,    1.08254e+01,    3.93250e-03,    1.18795e+01,    2.64601e-03,              3,              0,       1 meters
  06/12/2019 13:19:31.892,    1.87453e+00,    6.66384e-04,    1.87453e+00,    6.66384e-04,   -1.00000e-02,    3.88275e-19,    1.40226e+04,    6.29588e+01,    4.01772e+02,    1.87288e+00,    1.90119e+00,    7.26018e-04,    4.07486e+02,    1.92545e+00,    1.40288e+02,    3.59294e-02,    2.47406e+01,    1.14453e-03,    2.89428e+01,    3.12736e-03,    1.08257e+01,    1.70242e-03,    1.18784e+01,    1.22911e-03,              3,              0,       1 meters
  06/12/2019 13:19:36.869,    1.87408e+00,    1.91691e-03,    1.87408e+00,    1.91691e-03,   -1.00000e-02,    3.88275e-19,    1.39494e+04,    3.89934e+01,    3.97583e+02,    7.50815e-01,    1.90059e+00,    1.97952e-03,    4.03208e+02,    7.62935e-01,    1.40275e+02,    3.54557e-02,    2.47441e+01,    1.09376e-03,    2.89517e+01,    1.62801e-03,    1.08243e+01,    2.60589e-03,    1.18802e+01,    3.32648e-03,              3,              0,       1 meters
  06/12/2019 13:19:41.846,    1.87472e+00,    9.79167e-04,    1.87472e+00,    9.79167e-04,   -1.00000e-02,    3.88275e-19,    1.38996e+04,    5.10534e+01,    3.95069e+02,    7.39657e-01,    1.90114e+00,    9.88641e-04,    4.00638e+02,    7.69217e-01,    1.40291e+02,    3.49915e-02,    2.47478e+01,    1.20407e-03,    2.89573e+01,    2.12067e-03,    1.08232e+01,    2.19121e-03,    1.18792e+01,    2.49885e-03,              3,              0,       1 meters
  06/12/2019 13:19:46.823,    1.87460e+00,    1.47230e-03,    1.87460e+00,    1.47230e-03,   -1.00000e-02,    3.88275e-19,    1.37355e+04,    7.12848e+01,    3.93135e+02,    5.37602e-01,    1.90071e+00,    1.49020e-03,    3.98610e+02,    5.70851e-01,    1.40265e+02,    3.57043e-02,    2.47514e+01,    1.12898e-03,    2.89640e+01,    2.07964e-03,    1.08253e+01,    2.90854e-03,    1.18781e+01,    1.25218e-03,              3,              0,       1 meters
  06/12/2019 13:19:51.797,    1.87368e+00,    1.36379e-03,    1.87368e+00,    1.36379e-03,   -1.00000e-02,    3.88275e-19,    1.37000e+04,    5.64492e+01,    3.92150e+02,    1.47159e-01,    1.89971e+00,    1.46359e-03,    3.97598e+02,    1.32573e-01,    1.40270e+02,    3.12722e-02,    2.47551e+01,    1.16078e-03,    2.89716e+01,    3.33580e-03,    1.08245e+01,    4.66164e-03,    1.18799e+01,    3.82691e-03,              3,              0,       1 meters
  06/12/2019 13:19:56.774,    1.87333e+00,    1.63285e-03,    1.87333e+00,    1.63285e-03,   -1.00000e-02,    3.88275e-19,    1.38706e+04,    6.39721e+01,    3.92157e+02,    1.65335e-01,    1.89968e+00,    1.75765e-03,    3.97673e+02,    1.64883e-01,    1.40252e+02,    3.54537e-02,    2.47586e+01,    1.17186e-03,    2.89793e+01,    2.00334e-03,    1.08263e+01,    1.99629e-03,    1.18776e+01,    1.95189e-03,              3,              0,       1 meters
  06/12/2019 13:20:01.753,    1.87314e+00,    1.94588e-03,    1.87314e+00,    1.94588e-03,   -1.00000e-02,    3.88275e-19,    1.40294e+04,    1.86034e+01,    3.92330e+02,    8.07206e-02,    1.89979e+00,    1.96971e-03,    3.97912e+02,    8.74332e-02,    1.40284e+02,    3.79675e-02,    2.47624e+01,    1.23479e-03,    2.89858e+01,    2.26723e-03,    1.08231e+01,    2.02111e-03,    1.18768e+01,    2.32633e-03,              3,              0,       1 meters
  06/12/2019 13:20:06.729,    1.87304e+00,    8.14773e-04,    1.87304e+00,    8.14773e-04,   -1.00000e-02,    3.88275e-19,    1.41058e+04,    3.33751e+01,    3.92026e+02,    1.57882e-01,    1.89984e+00,    8.81137e-04,    3.97635e+02,    1.61769e-01,    1.40268e+02,    3.73388e-02,    2.47662e+01,    1.15154e-03,    2.89935e+01,    2.99148e-03,    1.08235e+01,    1.38402e-03,    1.18782e+01,    1.79029e-03,              3,              0,       1 meters
  06/12/2019 13:20:11.707,    1.87253e+00,    1.13724e-03,    1.87253e+00,    1.13724e-03,   -1.00000e-02,    3.88275e-19,    1.42267e+04,    7.62998e+01,    3.92407e+02,    1.56685e-01,    1.89956e+00,    1.25999e-03,    3.98070e+02,    1.75682e-01,    1.40296e+02,    3.06290e-02,    2.47698e+01,    1.13366e-03,    2.90006e+01,    3.81531e-03,    1.08265e+01,    3.34212e-03,    1.18769e+01,    3.26952e-03,              3,              0,       1 meters
  06/12/2019 13:20:16.683,    1.87355e+00,    1.45849e-03,    1.87355e+00,    1.45849e-03,   -1.00000e-02,    3.88275e-19,    1.45166e+04,    7.74210e+01,    3.94590e+02,    1.13081e+00,    1.90114e+00,    1.57913e-03,    4.00403e+02,    1.15589e+00,    1.40259e+02,    4.25766e-02,    2.47735e+01,    1.15228e-03,    2.90108e+01,    2.97587e-03,    1.08230e+01,    3.06790e-03,    1.18795e+01,    2.99971e-03,              3,              0,       1 meters
  06/12/2019 13:20:21.657,    1.87241e+00,    9.58157e-04,    1.87241e+00,    9.58157e-04,   -1.00000e-02,    3.88275e-19,    1.45817e+04,    3.75910e+01,    3.96190e+02,    3.29077e-01,    1.90012e+00,    1.02717e-03,    4.02052e+02,    3.23540e-01,    1.40273e+02,    3.51389e-02,    2.47771e+01,    1.25382e-03,    2.90183e+01,    1.77994e-03,    1.08232e+01,    2.09467e-03,    1.18785e+01,    3.72272e-03,              3,              0,       1 meters
  06/12/2019 13:20:26.637,    1.87266e+00,    6.03040e-04,    1.87266e+00,    6.03040e-04,   -1.00000e-02,    3.88275e-19,    1.47463e+04,    8.44217e+01,    3.98318e+02,    1.88546e+00,    1.90069e+00,    7.19962e-04,    4.04280e+02,    1.94155e+00,    1.40250e+02,    2.95121e-02,    2.47808e+01,    1.23133e-03,    2.90252e+01,    3.43568e-03,    1.08254e+01,    3.20754e-03,    1.18793e+01,    2.20070e-03,              3,              0,       1 meters
  06/12/2019 13:20:31.614,    1.87265e+00,    7.88128e-04,    1.87265e+00,    7.88128e-04,   -1.00000e-02,    3.88275e-19,    1.48595e+04,    4.64122e+01,    4.06333e+02,    2.86616e+00,    1.90090e+00,    8.08017e-04,    4.12462e+02,    2.90629e+00,    1.40281e+02,    4.18311e-02,    2.47846e+01,    1.17754e-03,    2.90279e+01,    1.88778e-03,    1.08232e+01,    1.91220e-03,    1.18807e+01,    2.87346e-03,              3,              0,       1 meters
  06/12/2019 13:20:36.590,    1.87339e+00,    2.05037e-03,    1.87339e+00,    2.05037e-03,   -1.00000e-02,    3.88275e-19,    1.47782e+04,    5.34266e+01,    4.10936e+02,    3.82949e-01,    1.90149e+00,    2.07279e-03,    4.17100e+02,    3.87149e-01,    1.40274e+02,    4.04771e-02,    2.47882e+01,    1.16296e-03,    2.90299e+01,    1.76431e-03,    1.08246e+01,    2.15003e-03,    1.18784e+01,    3.96669e-03,              3,              0,       1 meters
  06/12/2019 13:20:41.567,    1.87210e+00,    1.61474e-03,    1.87210e+00,    1.61474e-03,   -1.00000e-02,    3.88275e-19,    1.49004e+04,    1.17394e+02,    4.08024e+02,    1.60422e+00,    1.90041e+00,    1.79761e-03,    4.14196e+02,    1.58350e+00,    1.40290e+02,    3.39830e-02,    2.47918e+01,    1.15567e-03,    2.90356e+01,    3.57292e-03,    1.08242e+01,    2.45959e-04,    1.18802e+01,    2.30168e-03,              3,              0,       1 meters
  06/12/2019 13:20:46.541,    1.87202e+00,    1.41568e-03,    1.87202e+00,    1.41568e-03,   -1.00000e-02,    3.88275e-19,    1.51713e+04,    1.16402e+02,    4.03614e+02,    1.18425e+00,    1.90086e+00,    1.42845e-03,    4.09831e+02,    1.15518e+00,    1.40264e+02,    3.24057e-02,    2.47956e+01,    1.18431e-03,    2.90439e+01,    1.63652e-03,    1.08241e+01,    2.11212e-03,    1.18788e+01,    5.73326e-03,              3,              0,       1 meters
  06/12/2019 13:20:51.521,    1.87161e+00,    5.91932e-04,    1.87161e+00,    5.91932e-04,   -1.00000e-02,    3.88275e-19,    1.54259e+04,    5.67002e+01,    4.00776e+02,    7.56673e-01,    1.90093e+00,    6.55206e-04,    4.07055e+02,    7.46635e-01,    1.40264e+02,    3.62752e-02,    2.47994e+01,    1.18023e-03,    2.90505e+01,    2.75200e-03,    1.08241e+01,    1.83288e-03,    1.18772e+01,    2.04283e-03,              3,              0,       1 meters
  06/12/2019 13:20:56.497,    1.87086e+00,    1.76699e-03,    1.87086e+00,    1.76699e-03,   -1.00000e-02,    3.88275e-19,    1.55027e+04,    5.89493e+01,    3.98970e+02,    3.44800e-01,    1.90032e+00,    1.79766e-03,    4.05253e+02,    3.48373e-01,    1.40259e+02,    3.74184e-02,    2.48033e+01,    1.16730e-03,    2.90579e+01,    1.85615e-03,    1.08240e+01,    2.77727e-03,    1.18790e+01,    2.71768e-03,              3,              0,       1 meters
  06/12/2019 13:21:01.474,    1.87130e+00,    1.09912e-03,    1.87130e+00,    1.09912e-03,   -1.00000e-02,    3.88275e-19,    1.55573e+04,    2.48727e+01,    3.98397e+02,    1.08156e-01,    1.90087e+00,    1.11676e-03,    4.04693e+02,    1.05558e-01,    1.40278e+02,    3.60325e-02,    2.48070e+01,    1.12366e-03,    2.90627e+01,    2.26287e-03,    1.08215e+01,    2.26313e-03,    1.18771e+01,    1.95276e-03,              3,              0,       1 meters
  06/12/2019 13:21:06.449,    1.87181e+00,    8.20759e-04,    1.87181e+00,    8.20759e-04,   -1.00000e-02,    3.88275e-19,    1.55063e+04,    5.61962e+01,    3.98919e+02,    2.43259e-01,    1.90130e+00,    8.23276e-04,    4.05202e+02,    2.26171e-01,    1.40281e+02,    3.94925e-02,    2.48108e+01,    1.13031e-03,    2.90645e+01,    2.73846e-03,    1.08233e+01,    1.70226e-03,    1.18796e+01,    1.93456e-03,              3,              0,       1 meters
  06/12/2019 13:21:11.427,    1.87156e+00,    1.30555e-03,    1.87156e+00,    1.30555e-03,   -1.00000e-02,    3.88275e-19,    1.54915e+04,    3.79442e+01,    3.98223e+02,    4.53558e-01,    1.90101e+00,    1.36174e-03,    4.04489e+02,    4.47968e-01,    1.40283e+02,    4.18296e-02,    2.48145e+01,    1.26892e-03,    2.90714e+01,    2.52488e-03,    1.08229e+01,    2.04748e-03,    1.18791e+01,    1.41749e-03,              3,              0,       1 meters
  06/12/2019 13:21:16.406,    1.87107e+00,    1.34335e-03,    1.87107e+00,    1.34335e-03,   -1.00000e-02,    3.88275e-19,    1.55363e+04,    8.19511e+01,    3.98295e+02,    3.20035e-01,    1.90060e+00,    1.40676e-03,    4.04581e+02,    3.42662e-01,    1.40270e+02,    3.16377e-02,    2.48184e+01,    1.30596e-03,    2.90748e+01,    2.34422e-03,    1.08240e+01,    2.33700e-03,    1.18789e+01,    1.62272e-03,              3,              0,       1 meters
  06/12/2019 13:21:21.382,    1.87063e+00,    6.74321e-04,    1.87063e+00,    6.74321e-04,   -1.00000e-02,    3.88275e-19,    1.56615e+04,    5.33850e+01,    3.98215e+02,    3.14461e-01,    1.90039e+00,    7.76766e-04,    4.04551e+02,    2.99464e-01,    1.40260e+02,    3.61029e-02,    2.48223e+01,    1.23175e-03,    2.90815e+01,    2.00876e-03,    1.08229e+01,    1.91344e-03,    1.18786e+01,    2.77059e-03,              3,              0,       1 meters
  06/12/2019 13:21:26.358,    1.87144e+00,    2.56698e-04,    1.87144e+00,    2.56698e-04,   -1.00000e-02,    3.88275e-19,    1.58021e+04,    8.78129e+01,    3.97347e+02,    1.77265e-01,    1.90149e+00,    3.61949e-04,    4.03727e+02,    1.71768e-01,    1.40269e+02,    4.43438e-02,    2.48262e+01,    1.24532e-03,    2.90858e+01,    2.80677e-03,    1.08243e+01,    2.15195e-03,    1.18807e+01,    2.67714e-03,              3,              0,       1 meters
  06/12/2019 13:21:31.334,    1.87013e+00,    9.78781e-04,    1.87013e+00,    9.78781e-04,   -1.00000e-02,    3.88275e-19,    1.60064e+04,    9.36712e+01,    3.97687e+02,    2.84176e-01,    1.90055e+00,    1.11195e-03,    4.04156e+02,    3.23800e-01,    1.40273e+02,    3.55629e-02,    2.48303e+01,    1.29789e-03,    2.90911e+01,    1.83147e-03,    1.08233e+01,    2.03267e-03,    1.18772e+01,    2.21828e-03,              3,              0,       1 meters
  06/12/2019 13:21:36.313,    1.87091e+00,    1.66431e-03,    1.87091e+00,    1.66431e-03,   -1.00000e-02,    3.88275e-19,    1.62008e+04,    5.29135e+01,    4.22732e+02,    2.19449e+01,    1.90172e+00,    1.71773e-03,    4.29694e+02,    2.23171e+01,    1.40282e+02,    4.02663e-02,    2.48345e+01,    1.35696e-03,    2.90979e+01,    4.24420e-03,    1.08225e+01,    2.04930e-03,    1.18789e+01,    3.82520e-03,              3,              0,       1 meters
  06/12/2019 13:21:41.289,    1.86975e+00,    1.86221e-03,    1.86975e+00,    1.86221e-03,   -1.00000e-02,    3.88275e-19,    1.62349e+04,    6.97309e+01,    4.86369e+02,    1.04237e+01,    1.90060e+00,    1.98965e-03,    4.94395e+02,    1.05923e+01,    1.40272e+02,    3.77206e-02,    2.48386e+01,    1.31985e-03,    2.91056e+01,    2.86487e-03,    1.08235e+01,    3.42188e-03,    1.18773e+01,    4.40023e-03,              3,              0,       1 meters
  06/12/2019 13:21:46.266,    1.87077e+00,    1.02643e-03,    1.87077e+00,    1.02643e-03,   -1.00000e-02,    3.88275e-19,    1.61844e+04,    4.61397e+01,    5.34016e+02,    2.95169e+01,    1.90154e+00,    1.04927e-03,    5.42800e+02,    2.99934e+01,    1.40267e+02,    3.72467e-02,    2.48427e+01,    1.28810e-03,    2.91135e+01,    3.70695e-03,    1.08218e+01,    1.33113e-03,    1.18770e+01,    1.93462e-03,              3,              0,       1 meters
  06/12/2019 13:21:51.239,    1.86983e+00,    1.00180e-03,    1.86983e+00,    1.00180e-03,   -1.00000e-02,    3.88275e-19,    1.60321e+04,    7.88339e+01,    5.85641e+02,    7.40503e+00,    1.90030e+00,    1.10313e-03,    5.95184e+02,    7.55226e+00,    1.40254e+02,    3.09002e-02,    2.48467e+01,    1.19505e-03,    2.91232e+01,    1.27053e-03,    1.08250e+01,    2.74039e-03,    1.18753e+01,    1.54854e-03,              3,              0,       1 meters
