VC:46e9e7d BD:Jun  9 2016 SN:US4300170200001328
                     Time,      [CH4]_ppm,   [CH4]_ppm_sd,     [CH4L]_ppm,  [CH4L]_ppm_sd,     [CH4H]_ppm,  [CH4H]_ppm_sd,      [H2O]_ppm,   [H2O]_ppm_sd,      [CO2]_ppm,   [CO2]_ppm_sd,     [CH4]d_ppm,  [CH4]d_ppm_sd,     [CO2]d_ppm,  [CO2]d_ppm_sd,      GasP_torr,   GasP_torr_sd,         GasT_C,      GasT_C_sd,         AmbT_C,      AmbT_C_sd,         RD0_us,      RD0_us_sd,         RD1_us,      RD1_us_sd,       Fit_Flag,      MIU_VALVE,       MIU_DESC
  05/24/2018 11:47:29.690,    1.86776e+00,    1.50526e-03,    1.86776e+00,    1.50526e-03,   -1.00000e-02,    8.03282e-19,    1.79610e+04,    8.88548e+01,    4.06006e+02,    2.39844e-01,    1.90192e+00,    1.58515e-03,    4.13432e+02,    2.64542e-01,    1.40280e+02,    3.72334e-02,    2.67735e+01,    3.87181e-03,    3.19922e+01,    2.82569e-03,    8.66219e+00,    3.72467e-03,    8.84236e+00,    2.53725e-03,              3,              0,       1 meters
  05/24/2018 11:47:39.645,    1.86881e+00,    1.45768e-03,    1.86881e+00,    1.45768e-03,   -1.00000e-02,    1.09731e-18,    1.76489e+04,    1.13486e+02,    4.05832e+02,    2.10405e-01,    1.90238e+00,    1.42635e-03,    4.13124e+02,    2.03764e-01,    1.40276e+02,    3.82172e-02,    2.67886e+01,    5.41442e-03,    3.20083e+01,    7.88854e-03,    8.66304e+00,    3.26788e-03,    8.84326e+00,    2.91263e-03,              3,              0,       1 meters
  05/24/2018 11:47:49.598,    1.87059e+00,    5.90435e-04,    1.87059e+00,    5.90435e-04,   -1.00000e-02,    1.09731e-18,    1.73350e+04,    1.01397e+02,    4.06312e+02,    3.68217e-01,    1.90359e+00,    5.88677e-04,    4.13479e+02,    3.43216e-01,    1.40277e+02,    3.52216e-02,    2.68061e+01,    5.05347e-03,    3.20236e+01,    3.56911e-03,    8.66260e+00,    2.34465e-03,    8.84411e+00,    2.85592e-03,              3,              0,       1 meters
  05/24/2018 11:47:59.551,    1.87172e+00,    1.42746e-03,    1.87172e+00,    1.42746e-03,   -1.00000e-02,    1.09731e-18,    1.75219e+04,    1.37928e+02,    4.06698e+02,    4.24971e-01,    1.90510e+00,    1.58610e-03,    4.13951e+02,    4.54083e-01,    1.40283e+02,    3.50503e-02,    2.68232e+01,    5.38371e-03,    3.20384e+01,    5.29278e-03,    8.66097e+00,    1.98151e-03,    8.84621e+00,    2.86489e-03,              3,              0,       1 meters
  05/24/2018 11:48:09.505,    1.87141e+00,    1.46704e-03,    1.87141e+00,    1.46704e-03,   -1.00000e-02,    1.09731e-18,    1.71390e+04,    2.79782e+02,    4.06983e+02,    2.53703e-01,    1.90404e+00,    1.41143e-03,    4.14080e+02,    1.87134e-01,    1.40280e+02,    3.36257e-02,    2.68408e+01,    5.27076e-03,    3.20518e+01,    6.83502e-03,    8.66240e+00,    2.67845e-03,    8.84547e+00,    2.95660e-03,              3,              0,       1 meters
  05/24/2018 11:48:19.458,    1.87198e+00,    1.44653e-03,    1.87198e+00,    1.44653e-03,   -1.00000e-02,    1.09731e-18,    1.63784e+04,    1.80453e+02,    4.06847e+02,    2.65609e-01,    1.90316e+00,    1.24121e-03,    4.13622e+02,    3.22439e-01,    1.40273e+02,    3.79211e-02,    2.68578e+01,    5.12831e-03,    3.20800e+01,    1.08144e-02,    8.66228e+00,    1.89159e-03,    8.84715e+00,    2.07734e-03,              3,              0,       1 meters
  05/24/2018 11:48:29.411,    1.87171e+00,    1.03542e-03,    1.87171e+00,    1.03542e-03,   -1.00000e-02,    1.09731e-18,    1.61383e+04,    4.17517e+01,    4.06476e+02,    1.93161e-01,    1.90241e+00,    1.04678e-03,    4.13143e+02,    2.04227e-01,    1.40287e+02,    2.73982e-02,    2.68749e+01,    5.21832e-03,    3.21019e+01,    3.48589e-03,    8.66312e+00,    2.20206e-03,    8.84627e+00,    2.62808e-03,              3,              0,       1 meters
  05/24/2018 11:48:39.365,    1.87185e+00,    1.31019e-03,    1.87185e+00,    1.31019e-03,   -1.00000e-02,    1.09731e-18,    1.60976e+04,    5.36946e+01,    4.06427e+02,    1.24107e-01,    1.90247e+00,    1.37619e-03,    4.13076e+02,    1.31299e-01,    1.40279e+02,    3.51891e-02,    2.68920e+01,    5.13952e-03,    3.21079e+01,    3.96123e-03,    8.66167e+00,    2.18501e-03,    8.84487e+00,    2.28016e-03,              3,              0,       1 meters
  05/24/2018 11:48:49.320,    1.87202e+00,    1.05347e-03,    1.87202e+00,    1.05347e-03,   -1.00000e-02,    1.09731e-18,    1.63701e+04,    2.22878e+02,    4.06198e+02,    1.49417e-01,    1.90318e+00,    1.25076e-03,    4.12958e+02,    1.40896e-01,    1.40274e+02,    3.31419e-02,    2.69091e+01,    5.24982e-03,    3.21224e+01,    5.82425e-03,    8.66151e+00,    8.63200e-04,    8.84596e+00,    2.61071e-03,              3,              0,       1 meters
  05/24/2018 11:48:59.272,    1.87105e+00,    1.84274e-03,    1.87105e+00,    1.84274e-03,   -1.00000e-02,    1.09731e-18,    1.67166e+04,    7.59039e+01,    4.06039e+02,    1.76904e-01,    1.90286e+00,    1.87269e-03,    4.12942e+02,    1.83848e-01,    1.40281e+02,    3.21603e-02,    2.69263e+01,    5.17597e-03,    3.21445e+01,    8.31374e-03,    8.66142e+00,    2.76146e-03,    8.84628e+00,    1.57072e-03,              3,              0,       1 meters
  05/24/2018 11:49:09.226,    1.87045e+00,    1.31746e-03,    1.87045e+00,    1.31746e-03,   -1.00000e-02,    1.09731e-18,    1.63364e+04,    1.63081e+02,    4.06545e+02,    3.71117e-01,    1.90152e+00,    1.33994e-03,    4.13297e+02,    3.22167e-01,    1.40275e+02,    3.76853e-02,    2.69430e+01,    4.97631e-03,    3.21705e+01,    7.56054e-03,    8.66168e+00,    2.41823e-03,    8.84712e+00,    3.12663e-03,              3,              0,       1 meters
  05/24/2018 11:49:19.179,    1.87121e+00,    8.95187e-04,    1.87121e+00,    8.95187e-04,   -1.00000e-02,    1.09731e-18,    1.62007e+04,    1.05435e+02,    4.07025e+02,    4.03272e-01,    1.90202e+00,    1.06802e-03,    4.13728e+02,    3.84260e-01,    1.40266e+02,    3.29654e-02,    2.69596e+01,    5.11434e-03,    3.21969e+01,    7.16031e-03,    8.66271e+00,    1.78358e-03,    8.84685e+00,    2.57740e-03,              3,              0,       1 meters
  05/24/2018 11:49:29.136,    1.87041e+00,    9.83176e-04,    1.87041e+00,    9.83176e-04,   -1.00000e-02,    1.09731e-18,    1.65854e+04,    1.21985e+02,    4.06503e+02,    2.32465e-01,    1.90195e+00,    1.05413e-03,    4.13359e+02,    1.98009e-01,    1.40270e+02,    3.89368e-02,    2.69764e+01,    5.19438e-03,    3.22179e+01,    7.69372e-03,    8.66354e+00,    1.45587e-03,    8.84470e+00,    1.97802e-03,              3,              0,       1 meters
  05/24/2018 11:49:39.089,    1.87021e+00,    1.00029e-03,    1.87021e+00,    1.00029e-03,   -1.00000e-02,    1.09731e-18,    1.66526e+04,    5.73189e+01,    4.06089e+02,    2.06607e-01,    1.90188e+00,    9.93341e-04,    4.12966e+02,    2.10849e-01,    1.40261e+02,    3.48337e-02,    2.69933e+01,    5.06204e-03,    3.22413e+01,    6.70421e-03,    8.66497e+00,    2.49370e-03,    8.84578e+00,    2.68690e-03,              3,              0,       1 meters
  05/24/2018 11:49:49.055,    1.86917e+00,    1.75675e-03,    1.86917e+00,    1.75675e-03,   -1.00000e-02,    1.09731e-18,    1.62559e+04,    2.20085e+02,    4.06633e+02,    4.07324e-01,    1.90006e+00,    2.05737e-03,    4.13352e+02,    3.41204e-01,    1.40254e+02,    3.24233e-02,    2.70100e+01,    4.97318e-03,    3.22532e+01,    3.53819e-03,    8.66770e+00,    2.12679e-03,    8.84485e+00,    1.76010e-03,              3,              0,       1 meters
  05/24/2018 11:49:59.008,    1.86963e+00,    1.26865e-03,    1.86963e+00,    1.26865e-03,   -1.00000e-02,    1.09731e-18,    1.58333e+04,    8.59344e+01,    4.16647e+02,    7.19675e+00,    1.89971e+00,    1.41028e-03,    4.23350e+02,    7.32796e+00,    1.40272e+02,    3.45973e-02,    2.70266e+01,    5.11450e-03,    3.22572e+01,    2.18984e-03,    8.66691e+00,    3.80036e-03,    8.84541e+00,    3.69724e-03,              3,              0,       1 meters
  05/24/2018 11:50:08.962,    1.86955e+00,    9.90010e-04,    1.86955e+00,    9.90010e-04,   -1.00000e-02,    1.09731e-18,    1.61916e+04,    1.71694e+02,    4.25802e+02,    2.80854e-01,    1.90032e+00,    1.08325e-03,    4.32810e+02,    2.73493e-01,    1.40264e+02,    3.88347e-02,    2.70436e+01,    5.17737e-03,    3.22747e+01,    7.58111e-03,    8.66677e+00,    1.84669e-03,    8.84789e+00,    2.15627e-03,              3,              0,       1 meters
  05/24/2018 11:50:18.915,    1.86938e+00,    1.44354e-03,    1.86938e+00,    1.44354e-03,   -1.00000e-02,    1.09731e-18,    1.65925e+04,    1.42663e+02,    4.20625e+02,    2.37139e+00,    1.90093e+00,    1.53880e-03,    4.27722e+02,    2.35134e+00,    1.40264e+02,    3.67964e-02,    2.70606e+01,    5.13100e-03,    3.22985e+01,    7.55352e-03,    8.66600e+00,    2.80411e-03,    8.84731e+00,    5.46916e-03,              3,              0,       1 meters
  05/24/2018 11:50:28.868,    1.86727e+00,    2.19714e-03,    1.86727e+00,    2.19714e-03,   -1.00000e-02,    1.09731e-18,    1.69608e+04,    7.40003e+01,    4.13763e+02,    1.38860e+00,    1.89948e+00,    2.31466e-03,    4.20902e+02,    1.38427e+00,    1.40277e+02,    3.76307e-02,    2.70776e+01,    5.18388e-03,    3.23198e+01,    6.44933e-03,    8.66583e+00,    2.90107e-03,    8.84610e+00,    3.97420e-03,              3,              0,       1 meters
  05/24/2018 11:50:38.823,    1.86709e+00,    1.60369e-03,    1.86709e+00,    1.60369e-03,   -1.00000e-02,    1.09731e-18,    1.73935e+04,    9.23084e+01,    4.10043e+02,    9.80258e-01,    1.90014e+00,    1.53255e-03,    4.17301e+02,    9.62348e-01,    1.40278e+02,    3.70438e-02,    2.70945e+01,    5.19730e-03,    3.23449e+01,    6.25644e-03,    8.66337e+00,    1.58382e-03,    8.84779e+00,    2.79074e-03,              3,              0,       1 meters
  05/24/2018 11:50:48.776,    1.86762e+00,    1.08900e-03,    1.86762e+00,    1.08900e-03,   -1.00000e-02,    1.09731e-18,    1.75281e+04,    6.32105e+01,    4.07961e+02,    3.47741e-01,    1.90093e+00,    1.20209e-03,    4.15239e+02,    3.67089e-01,    1.40274e+02,    3.14921e-02,    2.71117e+01,    5.11265e-03,    3.23694e+01,    8.17453e-03,    8.66512e+00,    2.38687e-03,    8.84957e+00,    1.36480e-03,              3,              0,       1 meters
  05/24/2018 11:50:58.730,    1.86749e+00,    1.39638e-03,    1.86749e+00,    1.39638e-03,   -1.00000e-02,    1.09731e-18,    1.76334e+04,    6.95848e+01,    4.07911e+02,    3.84487e-01,    1.90101e+00,    1.47703e-03,    4.15233e+02,    3.99314e-01,    1.40278e+02,    3.53099e-02,    2.71287e+01,    5.21233e-03,    3.23981e+01,    8.06212e-03,    8.66421e+00,    3.34106e-03,    8.84600e+00,    2.60947e-03,              3,              0,       1 meters
  05/24/2018 11:51:08.683,    1.86748e+00,    1.48322e-03,    1.86748e+00,    1.48322e-03,   -1.00000e-02,    1.09731e-18,    1.75668e+04,    6.01281e+01,    4.08830e+02,    7.21626e-01,    1.90087e+00,    1.54411e-03,    4.16141e+02,    7.21557e-01,    1.40282e+02,    3.24191e-02,    2.71459e+01,    5.20857e-03,    3.24195e+01,    5.77060e-03,    8.66316e+00,    2.31972e-03,    8.84759e+00,    3.00996e-03,              3,              0,       1 meters
  05/24/2018 11:51:18.636,    1.86784e+00,    1.87864e-03,    1.86784e+00,    1.87864e-03,   -1.00000e-02,    1.09731e-18,    1.74353e+04,    7.67259e+01,    4.09815e+02,    2.35417e-01,    1.90099e+00,    2.00317e-03,    4.17087e+02,    2.24945e-01,    1.40273e+02,    3.30021e-02,    2.71633e+01,    5.28806e-03,    3.24425e+01,    7.45605e-03,    8.66252e+00,    2.15312e-03,    8.84815e+00,    4.25212e-03,              3,              0,       1 meters
  05/24/2018 11:51:28.597,    1.86755e+00,    1.99970e-03,    1.86755e+00,    1.99970e-03,   -1.00000e-02,    1.09731e-18,    1.75556e+04,    8.49809e+01,    4.09902e+02,    1.98267e-01,    1.90092e+00,    2.04886e-03,    4.17226e+02,    1.88626e-01,    1.40271e+02,    3.76034e-02,    2.71810e+01,    5.43347e-03,    3.24642e+01,    7.95024e-03,    8.66236e+00,    3.04132e-03,    8.84894e+00,    1.25692e-03,              3,              0,       1 meters
  05/24/2018 11:51:38.546,    1.86741e+00,    1.30126e-03,    1.86741e+00,    1.30126e-03,   -1.00000e-02,    1.09731e-18,    1.76511e+04,    5.19693e+01,    4.09165e+02,    3.51788e-01,    1.90096e+00,    1.38726e-03,    4.16517e+02,    3.54556e-01,    1.40266e+02,    3.58283e-02,    2.71988e+01,    5.36702e-03,    3.24934e+01,    9.70104e-03,    8.66348e+00,    2.30067e-03,    8.84905e+00,    1.99021e-03,              3,              0,       1 meters
  05/24/2018 11:51:48.502,    1.86763e+00,    1.64005e-03,    1.86763e+00,    1.64005e-03,   -1.00000e-02,    1.09731e-18,    1.77246e+04,    6.13424e+01,    4.08386e+02,    3.01801e-01,    1.90133e+00,    1.71292e-03,    4.15755e+02,    2.92006e-01,    1.40255e+02,    3.66086e-02,    2.72169e+01,    5.46902e-03,    3.25207e+01,    8.05323e-03,    8.66256e+00,    3.38715e-03,    8.84789e+00,    2.63517e-03,              3,              0,       1 meters
  05/24/2018 11:51:58.457,    1.86594e+00,    2.16184e-03,    1.86594e+00,    2.16184e-03,   -1.00000e-02,    1.09731e-18,    1.78002e+04,    7.04022e+01,    4.07099e+02,    4.92056e-01,    1.89976e+00,    2.32829e-03,    4.14477e+02,    4.85710e-01,    1.40258e+02,    3.36421e-02,    2.72352e+01,    5.45514e-03,    3.25418e+01,    7.71235e-03,    8.66328e+00,    4.19407e-03,    8.85034e+00,    4.15849e-03,              3,              0,       1 meters
  05/24/2018 11:52:08.410,    1.86598e+00,    9.43158e-04,    1.86598e+00,    9.43158e-04,   -1.00000e-02,    1.09731e-18,    1.76605e+04,    1.19194e+02,    4.06652e+02,    3.35401e-01,    1.89953e+00,    1.03129e-03,    4.13963e+02,    3.11695e-01,    1.40257e+02,    3.58650e-02,    2.72533e+01,    5.50528e-03,    3.25627e+01,    6.91091e-03,    8.66660e+00,    3.12445e-03,    8.85522e+00,    2.17091e-03,              3,              0,       1 meters
  05/24/2018 11:52:18.364,    1.86600e+00,    2.06473e-03,    1.86600e+00,    2.06473e-03,   -1.00000e-02,    1.09731e-18,    1.73438e+04,    1.07351e+02,    4.12456e+02,    4.83926e+00,    1.89894e+00,    2.07382e-03,    4.19736e+02,    4.89298e+00,    1.40253e+02,    3.10928e-02,    2.72716e+01,    5.50833e-03,    3.25835e+01,    5.77359e-03,    8.66713e+00,    2.77092e-03,    8.85856e+00,    4.79297e-03,              3,              0,       1 meters
  05/24/2018 11:52:28.317,    1.86687e+00,    1.66730e-03,    1.86687e+00,    1.66730e-03,   -1.00000e-02,    1.09731e-18,    1.73037e+04,    1.39436e+02,    4.30184e+02,    5.41223e+00,    1.89974e+00,    1.89335e-03,    4.37759e+02,    5.54247e+00,    1.40261e+02,    3.38179e-02,    2.72898e+01,    5.58242e-03,    3.25941e+01,    4.12712e-03,    8.66769e+00,    3.66593e-03,    8.85777e+00,    3.35310e-03,              3,              0,       1 meters
  05/24/2018 11:52:38.269,    1.86670e+00,    1.30827e-03,    1.86670e+00,    1.30827e-03,   -1.00000e-02,    1.09731e-18,    1.77970e+04,    1.34482e+02,    4.35536e+02,    9.64995e-01,    1.90052e+00,    1.30246e-03,    4.43428e+02,    1.01437e+00,    1.40258e+02,    3.76192e-02,    2.73082e+01,    5.56457e-03,    3.26090e+01,    5.50563e-03,    8.66861e+00,    2.81615e-03,    8.85876e+00,    1.78923e-03,              3,              0,       1 meters
  05/24/2018 11:52:48.231,    1.86628e+00,    1.55867e-03,    1.86628e+00,    1.55867e-03,   -1.00000e-02,    1.09731e-18,    1.77497e+04,    1.22272e+02,    4.33718e+02,    5.58251e-01,    1.90000e+00,    1.70816e-03,    4.41555e+02,    6.03282e-01,    1.40252e+02,    3.31583e-02,    2.73265e+01,    5.46918e-03,    3.26263e+01,    5.79431e-03,    8.66818e+00,    3.08785e-03,    8.85810e+00,    3.25896e-03,              3,              0,       1 meters
  05/24/2018 11:52:58.184,    1.86759e+00,    2.09531e-03,    1.86759e+00,    2.09531e-03,   -1.00000e-02,    1.09731e-18,    1.76149e+04,    6.27907e+01,    4.27978e+02,    3.00282e+00,    1.90108e+00,    2.22421e-03,    4.35652e+02,    3.06056e+00,    1.40257e+02,    2.89647e-02,    2.73444e+01,    5.39439e-03,    3.26452e+01,    8.81533e-03,    8.66800e+00,    1.90859e-03,    8.85708e+00,    4.88554e-03,              3,              0,       1 meters
  05/24/2018 11:53:08.137,    1.86669e+00,    1.91914e-03,    1.86669e+00,    1.91914e-03,   -1.00000e-02,    1.09731e-18,    1.76266e+04,    4.86356e+01,    4.23650e+02,    2.16455e+00,    1.90018e+00,    1.90519e-03,    4.31252e+02,    2.22043e+00,    1.40250e+02,    3.30334e-02,    2.73622e+01,    5.37205e-03,    3.26693e+01,    5.64731e-03,    8.67196e+00,    2.35393e-03,    8.85706e+00,    3.74786e-03,              3,              0,       1 meters
  05/24/2018 11:53:18.091,    1.86742e+00,    1.58558e-03,    1.86742e+00,    1.58558e-03,   -1.00000e-02,    1.09731e-18,    1.77082e+04,    5.15761e+01,    4.20058e+02,    4.19102e+00,    1.90109e+00,    1.62472e-03,    4.27631e+02,    4.26102e+00,    1.40253e+02,    2.98064e-02,    2.73799e+01,    5.38711e-03,    3.26906e+01,    6.34412e-03,    8.67134e+00,    1.95180e-03,    8.85566e+00,    3.15646e-03,              3,              0,       1 meters
  05/24/2018 11:53:28.050,    1.86548e+00,    1.81220e-03,    1.86548e+00,    1.81220e-03,   -1.00000e-02,    1.09731e-18,    1.77851e+04,    6.84120e+01,    4.10528e+02,    1.73752e+00,    1.89926e+00,    1.93063e-03,    4.17962e+02,    1.75411e+00,    1.40259e+02,    3.64331e-02,    2.73975e+01,    5.31875e-03,    3.27151e+01,    7.82577e-03,    8.67188e+00,    2.05903e-03,    8.85673e+00,    3.12735e-03,              3,              0,       1 meters
  05/24/2018 11:53:38.002,    1.86616e+00,    1.44399e-03,    1.86616e+00,    1.44399e-03,   -1.00000e-02,    1.09731e-18,    1.76295e+04,    1.03387e+02,    4.08580e+02,    2.90875e-01,    1.89965e+00,    1.55643e-03,    4.15912e+02,    2.76828e-01,    1.40254e+02,    3.43694e-02,    2.74151e+01,    5.27855e-03,    3.27414e+01,    8.67040e-03,    8.66976e+00,    2.47511e-03,    8.85704e+00,    1.62722e-03,              3,              0,       1 meters
  05/24/2018 11:53:47.958,    1.86700e+00,    1.21865e-03,    1.86700e+00,    1.21865e-03,   -1.00000e-02,    1.09731e-18,    1.71047e+04,    1.96041e+02,    4.08196e+02,    5.50076e-01,    1.89949e+00,    1.38143e-03,    4.15300e+02,    6.36288e-01,    1.40260e+02,    3.61615e-02,    2.74325e+01,    5.31302e-03,    3.27648e+01,    6.10079e-03,    8.66667e+00,    2.55081e-03,    8.85568e+00,    2.55101e-03,              3,              0,       1 meters
  05/24/2018 11:53:57.911,    1.86896e+00,    1.59035e-03,    1.86896e+00,    1.59035e-03,   -1.00000e-02,    1.09731e-18,    1.68168e+04,    6.99134e+01,    4.07662e+02,    7.86046e-01,    1.90093e+00,    1.67022e-03,    4.14635e+02,    8.07215e-01,    1.40262e+02,    3.57009e-02,    2.74498e+01,    5.27904e-03,    3.27784e+01,    6.23137e-03,    8.66219e+00,    2.73043e-03,    8.85137e+00,    1.53035e-03,              3,              0,       1 meters
  05/24/2018 11:54:07.865,    1.86934e+00,    1.56129e-03,    1.86934e+00,    1.56129e-03,   -1.00000e-02,    1.09731e-18,    1.66378e+04,    8.02423e+01,    4.10632e+02,    5.71480e-01,    1.90097e+00,    1.64488e-03,    4.17579e+02,    5.88698e-01,    1.40252e+02,    3.58938e-02,    2.74673e+01,    5.27649e-03,    3.27957e+01,    6.17375e-03,    8.66234e+00,    2.42700e-03,    8.85134e+00,    2.75609e-03,              3,              0,       1 meters
  05/24/2018 11:54:17.818,    1.86852e+00,    1.53256e-03,    1.86852e+00,    1.53256e-03,   -1.00000e-02,    1.09731e-18,    1.66360e+04,    3.32346e+01,    4.09437e+02,    7.16180e-01,    1.90013e+00,    1.54790e-03,    4.16364e+02,    7.29354e-01,    1.40264e+02,    3.46346e-02,    2.74847e+01,    5.33864e-03,    3.28136e+01,    4.82489e-03,    8.66287e+00,    1.40308e-03,    8.85181e+00,    2.35651e-03,              3,              0,       1 meters
  05/24/2018 11:54:27.778,    1.86833e+00,    1.93171e-03,    1.86833e+00,    1.93171e-03,   -1.00000e-02,    1.09731e-18,    1.66429e+04,    1.10157e+02,    4.07419e+02,    3.75571e-01,    1.89995e+00,    2.14868e-03,    4.14314e+02,    3.81219e-01,    1.40254e+02,    3.67734e-02,    2.75021e+01,    5.29783e-03,    3.28213e+01,    1.90816e-03,    8.66778e+00,    2.83566e-03,    8.85743e+00,    4.69452e-03,              3,              0,       1 meters
  05/24/2018 11:54:37.731,    1.86941e+00,    1.59004e-03,    1.86941e+00,    1.59004e-03,   -1.00000e-02,    1.09731e-18,    1.68310e+04,    9.65571e+01,    4.08356e+02,    1.32651e+00,    1.90141e+00,    1.60660e-03,    4.15347e+02,    1.36871e+00,    1.40261e+02,    3.84650e-02,    2.75195e+01,    5.26395e-03,    3.28279e+01,    2.72009e-03,    8.66711e+00,    2.46332e-03,    8.85727e+00,    3.29082e-03,              3,              0,       1 meters
  05/24/2018 11:54:47.684,    1.87095e+00,    1.61431e-03,    1.87095e+00,    1.61431e-03,   -1.00000e-02,    1.09731e-18,    1.69349e+04,    6.58336e+01,    4.14944e+02,    2.10931e+00,    1.90318e+00,    1.66677e-03,    4.22092e+02,    2.13905e+00,    1.40267e+02,    3.53751e-02,    2.75364e+01,    4.79447e-03,    3.28360e+01,    3.03265e-03,    8.66860e+00,    2.15431e-03,    8.85831e+00,    2.71226e-03,              3,              0,       1 meters
  05/24/2018 11:54:57.637,    1.86989e+00,    1.37559e-03,    1.86989e+00,    1.37559e-03,   -1.00000e-02,    1.09731e-18,    1.69477e+04,    4.94916e+01,    4.19322e+02,    5.86808e-01,    1.90213e+00,    1.45512e-03,    4.26551e+02,    5.88362e-01,    1.40258e+02,    3.53715e-02,    2.75529e+01,    5.11880e-03,    3.28467e+01,    4.67365e-03,    8.66856e+00,    1.36114e-03,    8.85818e+00,    1.85335e-03,              3,              0,       1 meters
  05/24/2018 11:55:07.592,    1.86981e+00,    1.14390e-03,    1.86981e+00,    1.14390e-03,   -1.00000e-02,    1.09731e-18,    1.69329e+04,    7.04992e+01,    4.18112e+02,    9.93455e-01,    1.90202e+00,    1.16064e-03,    4.25314e+02,    1.00008e+00,    1.40266e+02,    3.98751e-02,    2.75699e+01,    5.16492e-03,    3.28573e+01,    3.74580e-03,    8.66671e+00,    2.94810e-03,    8.86013e+00,    4.23626e-03,              3,              0,       1 meters
  05/24/2018 11:55:17.546,    1.86901e+00,    2.03525e-03,    1.86901e+00,    2.03525e-03,   -1.00000e-02,    1.09731e-18,    1.69581e+04,    1.07088e+02,    4.13862e+02,    1.23893e+00,    1.90126e+00,    2.04869e-03,    4.21002e+02,    1.28580e+00,    1.40270e+02,    3.49716e-02,    2.75867e+01,    5.04699e-03,    3.28672e+01,    3.06978e-03,    8.66569e+00,    2.69010e-03,    8.86103e+00,    2.61186e-03,              3,              0,       1 meters
  05/24/2018 11:55:27.499,    1.86846e+00,    1.77698e-03,    1.86846e+00,    1.77698e-03,   -1.00000e-02,    1.09731e-18,    1.68463e+04,    6.22059e+01,    4.12153e+02,    3.13295e-01,    1.90047e+00,    1.81686e-03,    4.19216e+02,    3.21089e-01,    1.40261e+02,    3.68806e-02,    2.76032e+01,    4.97964e-03,    3.28807e+01,    5.66258e-03,    8.66402e+00,    2.47905e-03,    8.85923e+00,    1.60718e-03,              3,              0,       1 meters
  05/24/2018 11:55:37.452,    1.86740e+00,    2.12082e-03,    1.86740e+00,    2.12082e-03,   -1.00000e-02,    1.09731e-18,    1.68295e+04,    9.66233e+01,    4.14731e+02,    1.27607e+00,    1.89936e+00,    2.29024e-03,    4.21831e+02,    1.32259e+00,    1.40267e+02,    3.71661e-02,    2.76196e+01,    4.96732e-03,    3.28968e+01,    5.46208e-03,    8.66620e+00,    1.64240e-03,    8.86080e+00,    3.40026e-03,              3,              0,       1 meters
  05/24/2018 11:55:47.406,    1.86908e+00,    2.32497e-03,    1.86908e+00,    2.32497e-03,   -1.00000e-02,    1.09731e-18,    1.68442e+04,    1.00110e+02,    4.15608e+02,    2.78213e+00,    1.90110e+00,    2.24995e-03,    4.22729e+02,    2.81884e+00,    1.40271e+02,    3.77173e-02,    2.76358e+01,    4.81928e-03,    3.29067e+01,    3.22815e-03,    8.66829e+00,    1.68362e-03,    8.85890e+00,    3.35302e-03,              3,              0,       1 meters
  05/24/2018 11:55:57.366,    1.86910e+00,    2.65044e-03,    1.86910e+00,    2.65044e-03,   -1.00000e-02,    1.09731e-18,    1.66938e+04,    8.28995e+01,    4.40410e+02,    4.56566e+00,    1.90083e+00,    2.78993e-03,    4.47887e+02,    4.63179e+00,    1.40263e+02,    3.20375e-02,    2.76517e+01,    4.82564e-03,    3.29203e+01,    5.05236e-03,    8.67181e+00,    4.11236e-03,    8.86027e+00,    4.18072e-03,              3,              0,       1 meters
  05/24/2018 11:56:07.319,    1.86971e+00,    3.39347e-03,    1.86971e+00,    3.39347e-03,   -1.00000e-02,    1.09731e-18,    1.69159e+04,    1.04732e+02,    4.31317e+02,    3.33340e+00,    1.90189e+00,    3.49361e-03,    4.38739e+02,    3.36944e+00,    1.40275e+02,    3.61689e-02,    2.76675e+01,    4.82697e-03,    3.29287e+01,    4.16589e-03,    8.67213e+00,    4.34788e-03,    8.86071e+00,    2.16501e-03,              3,              0,       1 meters
  05/24/2018 11:56:17.273,    1.86886e+00,    1.47724e-03,    1.86886e+00,    1.47724e-03,   -1.00000e-02,    1.09731e-18,    1.68190e+04,    1.64900e+02,    4.17745e+02,    3.24899e+00,    1.90083e+00,    1.51462e-03,    4.24891e+02,    3.37399e+00,    1.40273e+02,    3.23326e-02,    2.76831e+01,    4.62010e-03,    3.29449e+01,    2.93983e-03,    8.67319e+00,    2.28348e-03,    8.86029e+00,    2.05097e-03,              3,              0,       1 meters
  05/24/2018 11:56:27.226,    1.86990e+00,    2.40892e-03,    1.86990e+00,    2.40892e-03,   -1.00000e-02,    1.09731e-18,    1.64479e+04,    1.06848e+02,    4.11940e+02,    8.82294e-01,    1.90118e+00,    2.60538e-03,    4.18829e+02,    9.24026e-01,    1.40268e+02,    3.60523e-02,    2.76984e+01,    4.54285e-03,    3.29600e+01,    6.11788e-03,    8.67246e+00,    2.67251e-03,    8.85689e+00,    4.78635e-03,              3,              0,       1 meters
  05/24/2018 11:56:37.186,    1.87050e+00,    1.55476e-03,    1.87050e+00,    1.55476e-03,   -1.00000e-02,    1.09731e-18,    1.62311e+04,    7.33097e+01,    4.09318e+02,    8.18384e-01,    1.90136e+00,    1.61368e-03,    4.16071e+02,    8.34252e-01,    1.40279e+02,    2.90650e-02,    2.77135e+01,    4.52558e-03,    3.29731e+01,    5.91543e-03,    8.67488e+00,    2.67219e-03,    8.85912e+00,    2.50336e-03,              3,              0,       1 meters
  05/24/2018 11:56:47.140,    1.86883e+00,    1.70379e-03,    1.86883e+00,    1.70379e-03,   -1.00000e-02,    1.09731e-18,    1.63086e+04,    9.93790e+01,    4.08196e+02,    3.17307e-01,    1.89982e+00,    1.69204e-03,    4.14963e+02,    3.14466e-01,    1.40270e+02,    3.57120e-02,    2.77285e+01,    4.50825e-03,    3.29887e+01,    3.46694e-03,    8.67729e+00,    3.14777e-03,    8.85771e+00,    2.26303e-03,              3,              0,       1 meters
  05/24/2018 11:56:57.093,    1.86976e+00,    2.24428e-03,    1.86976e+00,    2.24428e-03,   -1.00000e-02,    1.09731e-18,    1.67262e+04,    1.24678e+02,    4.09031e+02,    1.47052e+00,    1.90157e+00,    2.34467e-03,    4.15989e+02,    1.53386e+00,    1.40259e+02,    3.51058e-02,    2.77437e+01,    4.57845e-03,    3.29998e+01,    5.47452e-03,    8.67694e+00,    2.52926e-03,    8.85867e+00,    2.86898e-03,              3,              0,       1 meters
  05/24/2018 11:57:07.046,    1.86924e+00,    1.16147e-03,    1.86924e+00,    1.16147e-03,   -1.00000e-02,    1.09731e-18,    1.70499e+04,    9.08385e+01,    4.12107e+02,    3.39702e-01,    1.90166e+00,    1.17331e-03,    4.19256e+02,    3.53065e-01,    1.40264e+02,    3.63738e-02,    2.77586e+01,    4.45557e-03,    3.30199e+01,    5.66186e-03,    8.67807e+00,    2.60172e-03,    8.85765e+00,    2.61335e-03,              3,              0,       1 meters
  05/24/2018 11:57:16.999,    1.86827e+00,    2.49552e-03,    1.86827e+00,    2.49552e-03,   -1.00000e-02,    1.09731e-18,    1.74637e+04,    1.62910e+02,    4.11965e+02,    3.68233e-01,    1.90148e+00,    2.58191e-03,    4.19287e+02,    3.84795e-01,    1.40255e+02,    3.49321e-02,    2.77737e+01,    4.58727e-03,    3.30355e+01,    6.91079e-03,    8.68019e+00,    3.53960e-03,    8.85767e+00,    3.84071e-03,              3,              0,       1 meters
  05/24/2018 11:57:26.960,    1.86881e+00,    3.23323e-03,    1.86881e+00,    3.23323e-03,   -1.00000e-02,    1.09731e-18,    1.77514e+04,    1.32450e+02,    4.12886e+02,    4.70593e-01,    1.90258e+00,    3.47903e-03,    4.20348e+02,    4.70932e-01,    1.40247e+02,    2.99770e-02,    2.77888e+01,    4.55096e-03,    3.30484e+01,    2.37511e-03,    8.67832e+00,    3.85953e-03,    8.85792e+00,    2.80645e-03,              3,              0,       1 meters
  05/24/2018 11:57:36.913,    1.86744e+00,    1.96584e-03,    1.86744e+00,    1.96584e-03,   -1.00000e-02,    1.09731e-18,    1.76725e+04,    6.81175e+01,    4.11726e+02,    7.75189e-01,    1.90103e+00,    1.98262e-03,    4.19133e+02,    7.99320e-01,    1.40257e+02,    3.67478e-02,    2.78037e+01,    4.49215e-03,    3.30634e+01,    6.27719e-03,    8.67888e+00,    3.70058e-03,    8.85610e+00,    1.23248e-03,              3,              0,       1 meters
  05/24/2018 11:57:46.867,    1.86611e+00,    1.20263e-03,    1.86611e+00,    1.20263e-03,   -1.00000e-02,    1.09731e-18,    1.76195e+04,    9.26901e+01,    4.10990e+02,    4.41372e-01,    1.89958e+00,    1.20926e-03,    4.18361e+02,    4.36600e-01,    1.40262e+02,    3.82107e-02,    2.78185e+01,    4.45335e-03,    3.30829e+01,    9.93381e-03,    8.67853e+00,    1.79729e-03,    8.85628e+00,    3.13111e-03,              3,              0,       1 meters
  05/24/2018 11:57:56.820,    1.86719e+00,    1.91366e-03,    1.86719e+00,    1.91366e-03,   -1.00000e-02,    1.09731e-18,    1.74572e+04,    1.57169e+02,    4.09320e+02,    1.62890e+00,    1.90037e+00,    1.95165e-03,    4.16593e+02,    1.71316e+00,    1.40259e+02,    3.44333e-02,    2.78334e+01,    4.51484e-03,    3.31047e+01,    5.52490e-03,    8.67936e+00,    1.54347e-03,    8.85460e+00,    1.85836e-03,              3,              0,       1 meters
  05/24/2018 11:58:06.780,    1.86881e+00,    1.38752e-03,    1.86881e+00,    1.38752e-03,   -1.00000e-02,    1.09731e-18,    1.70745e+04,    1.39950e+02,    4.05106e+02,    9.93456e-01,    1.90128e+00,    1.62072e-03,    4.12143e+02,    1.05641e+00,    1.40267e+02,    3.90035e-02,    2.78482e+01,    4.48262e-03,    3.31219e+01,    6.44518e-03,    8.67533e+00,    1.21754e-03,    8.85773e+00,    2.81270e-03,              3,              0,       1 meters
  05/24/2018 11:58:16.734,    1.86638e+00,    2.69196e-03,    1.86638e+00,    2.69196e-03,   -1.00000e-02,    1.09731e-18,    1.67253e+04,    8.23373e+01,    4.04086e+02,    3.96165e-01,    1.89813e+00,    2.77967e-03,    4.10960e+02,    3.83730e-01,    1.40278e+02,    2.99658e-02,    2.78631e+01,    4.54666e-03,    3.31403e+01,    5.38780e-03,    8.67582e+00,    2.12744e-03,    8.85504e+00,    3.11940e-03,              3,              0,       1 meters
  05/24/2018 11:58:26.687,    1.86663e+00,    2.89126e-03,    1.86663e+00,    2.89126e-03,   -1.00000e-02,    1.09731e-18,    1.69946e+04,    2.18150e+02,    4.04579e+02,    1.81954e-01,    1.89891e+00,    3.15985e-03,    4.11573e+02,    2.05262e-01,    1.40268e+02,    3.75637e-02,    2.78782e+01,    4.59499e-03,    3.31622e+01,    6.65128e-03,    8.67381e+00,    3.24740e-03,    8.85711e+00,    4.50092e-03,              3,              0,       1 meters
  05/24/2018 11:58:36.640,    1.86684e+00,    2.20468e-03,    1.86684e+00,    2.20468e-03,   -1.00000e-02,    1.09731e-18,    1.75600e+04,    1.48391e+02,    4.03762e+02,    3.10465e-01,    1.90020e+00,    2.45255e-03,    4.10979e+02,    2.70748e-01,    1.40264e+02,    3.46294e-02,    2.78937e+01,    4.74052e-03,    3.31900e+01,    1.02803e-02,    8.67157e+00,    2.79084e-03,    8.85947e+00,    4.52630e-03,              3,              0,       1 meters
  05/24/2018 11:58:46.594,    1.86652e+00,    1.94121e-03,    1.86652e+00,    1.94121e-03,   -1.00000e-02,    1.09731e-18,    1.76682e+04,    1.03655e+02,    4.03202e+02,    2.54408e-01,    1.90009e+00,    2.07466e-03,    4.10454e+02,    2.89888e-01,    1.40270e+02,    3.23435e-02,    2.79092e+01,    4.73920e-03,    3.32183e+01,    6.30191e-03,    8.67181e+00,    2.54660e-03,    8.85882e+00,    3.30133e-03,              3,              0,       1 meters
  05/24/2018 11:58:56.547,    1.86841e+00,    2.20176e-03,    1.86841e+00,    2.20176e-03,   -1.00000e-02,    1.09731e-18,    1.72029e+04,    1.95394e+02,    4.03511e+02,    4.38057e-01,    1.90111e+00,    2.51530e-03,    4.10574e+02,    3.94277e-01,    1.40256e+02,    3.70445e-02,    2.79247e+01,    4.62870e-03,    3.32268e+01,    2.37041e-03,    8.67286e+00,    4.66157e-03,    8.85840e+00,    3.78252e-03,              3,              0,       1 meters
  05/24/2018 11:59:06.499,    1.86959e+00,    2.53272e-03,    1.86959e+00,    2.53272e-03,   -1.00000e-02,    1.09731e-18,    1.69180e+04,    7.06319e+01,    4.03786e+02,    2.67563e-01,    1.90176e+00,    2.65032e-03,    4.10735e+02,    2.72650e-01,    1.40248e+02,    3.03977e-02,    2.79404e+01,    4.86734e-03,    3.32422e+01,    9.49865e-03,    8.67072e+00,    2.35104e-03,    8.85812e+00,    3.05935e-03,              3,              0,       1 meters
  05/24/2018 11:59:16.453,    1.86931e+00,    2.50097e-03,    1.86931e+00,    2.50097e-03,   -1.00000e-02,    1.09731e-18,    1.67556e+04,    1.37154e+02,    4.04484e+02,    1.99450e-01,    1.90116e+00,    2.55691e-03,    4.11377e+02,    1.95659e-01,    1.40253e+02,    3.27722e-02,    2.79565e+01,    4.91221e-03,    3.32663e+01,    4.62564e-03,    8.66936e+00,    2.21631e-03,    8.85684e+00,    2.65089e-03,              3,              0,       1 meters
  05/24/2018 11:59:26.414,    1.86856e+00,    1.27557e-03,    1.86856e+00,    1.27557e-03,   -1.00000e-02,    1.09731e-18,    1.66806e+04,    2.82609e+02,    4.05001e+02,    5.94854e-01,    1.90026e+00,    1.59921e-03,    4.11872e+02,    7.18280e-01,    1.40258e+02,    3.60510e-02,    2.79726e+01,    4.92177e-03,    3.32817e+01,    4.58468e-03,    8.67071e+00,    2.22327e-03,    8.85728e+00,    3.25596e-03,              3,              0,       1 meters
  05/24/2018 11:59:36.373,    1.87246e+00,    1.95764e-03,    1.87246e+00,    1.95764e-03,   -1.00000e-02,    1.09731e-18,    1.86259e+04,    8.34166e+02,    4.06394e+02,    2.64181e-01,    1.90800e+00,    2.48776e-03,    4.14107e+02,    5.27046e-01,    1.40256e+02,    3.45333e-02,    2.79894e+01,    5.27308e-03,    3.32931e+01,    3.51273e-03,    8.67225e+00,    3.49010e-03,    8.85873e+00,    1.98204e-03,              3,              0,       1 meters
  05/24/2018 11:59:46.326,    1.87759e+00,    2.66392e-03,    1.87759e+00,    2.66392e-03,   -1.00000e-02,    1.09731e-18,    2.17977e+04,    1.13180e+03,    4.05965e+02,    3.17187e-01,    1.91944e+00,    4.55614e-03,    4.15012e+02,    3.91723e-01,    1.40269e+02,    3.70392e-02,    2.80070e+01,    5.39439e-03,    3.33046e+01,    4.65417e-03,    8.67147e+00,    1.86679e-03,    8.85761e+00,    2.36540e-03,              3,              0,       1 meters
  05/24/2018 11:59:56.279,    1.88130e+00,    2.48336e-03,    1.88130e+00,    2.48336e-03,   -1.00000e-02,    1.09731e-18,    2.48050e+04,    5.93644e+02,    4.04973e+02,    5.49119e-01,    1.92916e+00,    3.27792e-03,    4.15274e+02,    4.70917e-01,    1.40279e+02,    3.09971e-02,    2.80245e+01,    5.34115e-03,    3.33154e+01,    3.30619e-03,    8.67301e+00,    3.09512e-03,    8.85918e+00,    3.82251e-03,              3,              0,       1 meters
  05/24/2018 12:00:06.233,    1.89002e+00,    3.80569e-03,    1.89002e+00,    3.80569e-03,   -1.00000e-02,    1.09731e-18,    2.64496e+04,    5.00301e+02,    4.04639e+02,    3.81054e-01,    1.94137e+00,    4.78922e-03,    4.15632e+02,    2.43852e-01,    1.40273e+02,    3.54398e-02,    2.80415e+01,    5.05895e-03,    3.33251e+01,    1.68073e-03,    8.67392e+00,    2.23533e-03,    8.85794e+00,    2.86419e-03,              3,              0,       1 meters
  05/24/2018 12:00:16.194,    1.89996e+00,    3.20820e-03,    1.89996e+00,    3.20820e-03,   -1.00000e-02,    1.09731e-18,    2.72186e+04,    1.77491e+02,    4.04549e+02,    3.06530e-01,    1.95312e+00,    3.61882e-03,    4.15869e+02,    3.40172e-01,    1.40250e+02,    3.13404e-02,    2.80582e+01,    4.94986e-03,    3.33405e+01,    6.00199e-03,    8.67415e+00,    1.68135e-03,    8.85724e+00,    2.74280e-03,              3,              0,       1 meters
  05/24/2018 12:00:26.144,    1.90503e+00,    3.19080e-03,    1.90503e+00,    3.19080e-03,   -1.00000e-02,    1.09731e-18,    2.74795e+04,    2.57360e+02,    4.04646e+02,    3.47156e-01,    1.95885e+00,    3.72865e-03,    4.16080e+02,    3.11922e-01,    1.40250e+02,    3.36165e-02,    2.80743e+01,    4.84830e-03,    3.33527e+01,    3.12711e-03,    8.67477e+00,    2.45344e-03,    8.85297e+00,    3.87267e-03,              3,              0,       1 meters
  05/24/2018 12:00:36.107,    1.91331e+00,    3.46792e-03,    1.91331e+00,    3.46792e-03,   -1.00000e-02,    1.09731e-18,    2.82839e+04,    2.21826e+02,    4.04421e+02,    3.14342e-01,    1.96900e+00,    3.94551e-03,    4.16193e+02,    2.93718e-01,    1.40267e+02,    3.71489e-02,    2.80907e+01,    4.96126e-03,    3.33679e+01,    8.76291e-03,    8.67322e+00,    1.38031e-03,    8.85473e+00,    3.14334e-03,              3,              0,       1 meters
  05/24/2018 12:00:46.061,    1.92363e+00,    2.44817e-03,    1.92363e+00,    2.44817e-03,   -1.00000e-02,    1.09731e-18,    2.91704e+04,    2.13942e+02,    4.04290e+02,    3.16156e-01,    1.98143e+00,    2.85986e-03,    4.16438e+02,    3.21327e-01,    1.40272e+02,    3.85202e-02,    2.81071e+01,    4.94813e-03,    3.33853e+01,    2.02893e-03,    8.67290e+00,    3.47713e-03,    8.85340e+00,    2.49454e-03,              3,              0,       1 meters
  05/24/2018 12:00:56.013,    1.93066e+00,    2.57418e-03,    1.93066e+00,    2.57418e-03,   -1.00000e-02,    1.09731e-18,    2.98119e+04,    2.22411e+02,    4.04160e+02,    3.49279e-01,    1.98998e+00,    2.98802e-03,    4.16579e+02,    3.18854e-01,    1.40272e+02,    3.43699e-02,    2.81235e+01,    4.88002e-03,    3.33925e+01,    3.80148e-03,    8.67131e+00,    2.05712e-03,    8.85236e+00,    1.45202e-03,              3,              0,       1 meters
  05/24/2018 12:01:05.970,    1.93026e+00,    2.76951e-03,    1.93026e+00,    2.76951e-03,   -1.00000e-02,    1.09731e-18,    3.01816e+04,    1.22887e+02,    4.03856e+02,    4.00149e-01,    1.99033e+00,    2.86181e-03,    4.16425e+02,    4.16061e-01,    1.40265e+02,    3.17519e-02,    2.81398e+01,    4.98529e-03,    3.34046e+01,    4.17013e-03,    8.67158e+00,    2.04634e-03,    8.85274e+00,    4.31248e-03,              3,              0,       1 meters
  05/24/2018 12:01:15.926,    1.93276e+00,    3.34459e-03,    1.93276e+00,    3.34459e-03,   -1.00000e-02,    1.09731e-18,    3.02431e+04,    7.25015e+01,    4.03862e+02,    3.78164e-01,    1.99303e+00,    3.49319e-03,    4.16457e+02,    3.68005e-01,    1.40256e+02,    3.61001e-02,    2.81562e+01,    5.00726e-03,    3.34138e+01,    3.89393e-03,    8.67119e+00,    3.00844e-03,    8.85239e+00,    3.17068e-03,              3,              0,       1 meters
  05/24/2018 12:01:25.880,    1.93854e+00,    3.16235e-03,    1.93854e+00,    3.16235e-03,   -1.00000e-02,    1.09731e-18,    3.02159e+04,    8.89633e+01,    4.04068e+02,    1.87953e-01,    1.99894e+00,    3.20713e-03,    4.16657e+02,    1.90831e-01,    1.40264e+02,    3.61297e-02,    2.81724e+01,    4.93288e-03,    3.34218e+01,    3.64485e-03,    8.66953e+00,    1.75448e-03,    8.85239e+00,    2.35540e-03,              3,              0,       1 meters
  05/24/2018 12:01:35.833,    1.95365e+00,    5.16270e-03,    1.95365e+00,    5.16270e-03,   -1.00000e-02,    1.09731e-18,    3.03235e+04,    4.68052e+01,    4.03815e+02,    2.57118e-01,    2.01474e+00,    5.29180e-03,    4.16443e+02,    2.68860e-01,    1.40270e+02,    3.76513e-02,    2.81887e+01,    4.88122e-03,    3.34346e+01,    4.29364e-03,    8.66531e+00,    2.77397e-03,    8.85476e+00,    3.57984e-03,              3,              0,       1 meters
  05/24/2018 12:01:45.787,    1.97305e+00,    6.54025e-03,    1.97305e+00,    6.54025e-03,   -1.00000e-02,    1.09731e-18,    3.02918e+04,    8.46173e+01,    4.04310e+02,    2.40189e-01,    2.03468e+00,    6.75698e-03,    4.16940e+02,    2.24733e-01,    1.40271e+02,    3.57463e-02,    2.82049e+01,    4.90191e-03,    3.34441e+01,    2.09218e-03,    8.66774e+00,    2.84577e-03,    8.85041e+00,    2.67233e-03,              3,              0,       1 meters
  05/24/2018 12:01:55.741,    1.98850e+00,    5.20201e-03,    1.98850e+00,    5.20201e-03,   -1.00000e-02,    1.09731e-18,    3.03407e+04,    8.22965e+01,    4.04184e+02,    2.78665e-01,    2.05072e+00,    5.45467e-03,    4.16831e+02,    2.89840e-01,    1.40260e+02,    3.72065e-02,    2.82212e+01,    4.96105e-03,    3.34475e+01,    1.86345e-03,    8.66798e+00,    2.29220e-03,    8.85189e+00,    2.93244e-03,              3,              0,       1 meters
  05/24/2018 12:02:05.693,    1.99789e+00,    3.96748e-03,    1.99789e+00,    3.96748e-03,   -1.00000e-02,    1.09731e-18,    3.06180e+04,    1.14180e+02,    4.04209e+02,    3.95840e-01,    2.06100e+00,    4.29720e-03,    4.16976e+02,    3.70964e-01,    1.40254e+02,    3.62428e-02,    2.82374e+01,    4.91254e-03,    3.34494e+01,    1.75740e-03,    8.66887e+00,    3.09078e-03,    8.85326e+00,    5.50632e-03,              3,              0,       1 meters
  05/24/2018 12:02:15.654,    2.00085e+00,    2.98702e-03,    2.00085e+00,    2.98702e-03,   -1.00000e-02,    1.09731e-18,    3.08914e+04,    1.38713e+02,    4.04121e+02,    2.89107e-01,    2.06463e+00,    3.33095e-03,    4.17003e+02,    2.70439e-01,    1.40259e+02,    3.43979e-02,    2.82535e+01,    4.90764e-03,    3.34592e+01,    5.25305e-03,    8.67055e+00,    3.69027e-03,    8.85446e+00,    2.65857e-03,              3,              0,       1 meters
  05/24/2018 12:02:25.608,    2.00488e+00,    3.41742e-03,    2.00488e+00,    3.41742e-03,   -1.00000e-02,    1.09731e-18,    3.12179e+04,    6.53024e+01,    4.03856e+02,    3.69699e-01,    2.06949e+00,    3.60875e-03,    4.16869e+02,    3.95464e-01,    1.40278e+02,    3.08079e-02,    2.82696e+01,    4.89171e-03,    3.34725e+01,    4.08669e-03,    8.67041e+00,    2.44332e-03,    8.85581e+00,    3.02512e-03,              3,              0,       1 meters
  05/24/2018 12:02:35.562,    2.01547e+00,    3.98018e-03,    2.01547e+00,    3.98018e-03,   -1.00000e-02,    1.09731e-18,    3.13246e+04,    8.91504e+01,    4.03889e+02,    2.52160e-01,    2.08064e+00,    4.20338e-03,    4.16950e+02,    2.42631e-01,    1.40269e+02,    3.39221e-02,    2.82856e+01,    4.80075e-03,    3.34885e+01,    6.21673e-03,    8.66771e+00,    4.23478e-03,    8.85482e+00,    3.84872e-03,              3,              0,       1 meters
  05/24/2018 12:02:45.522,    2.02419e+00,    5.39760e-03,    2.02419e+00,    5.39760e-03,   -1.00000e-02,    1.09731e-18,    3.13264e+04,    1.06476e+02,    4.03984e+02,    5.16366e-01,    2.08965e+00,    5.75683e-03,    4.17049e+02,    4.95163e-01,    1.40253e+02,    3.30118e-02,    2.83015e+01,    4.84303e-03,    3.35071e+01,    5.73233e-03,    8.66731e+00,    3.36590e-03,    8.85198e+00,    3.88558e-03,              3,              0,       1 meters
  05/24/2018 12:02:55.475,    2.03454e+00,    3.56140e-03,    2.03454e+00,    3.56140e-03,   -1.00000e-02,    1.09731e-18,    3.13711e+04,    9.94900e+01,    4.03986e+02,    1.85535e-01,    2.10043e+00,    3.82227e-03,    4.17070e+02,    1.66066e-01,    1.40264e+02,    3.90200e-02,    2.83175e+01,    4.85845e-03,    3.35276e+01,    7.12632e-03,    8.66829e+00,    3.01648e-03,    8.85187e+00,    2.54473e-03,              3,              0,       1 meters
  05/24/2018 12:03:05.435,    2.04275e+00,    2.97543e-03,    2.04275e+00,    2.97543e-03,   -1.00000e-02,    1.09731e-18,    3.15485e+04,    3.74676e+01,    4.04126e+02,    1.79782e-01,    2.10929e+00,    3.09426e-03,    4.17290e+02,    1.86593e-01,    1.40272e+02,    3.35882e-02,    2.83335e+01,    4.86229e-03,    3.35479e+01,    6.25197e-03,    8.66585e+00,    4.05196e-03,    8.85196e+00,    3.06282e-03,              3,              0,       1 meters
  05/24/2018 12:03:15.387,    2.05245e+00,    2.60371e-03,    2.05245e+00,    2.60371e-03,   -1.00000e-02,    1.09731e-18,    3.16129e+04,    5.08291e+01,    4.04224e+02,    2.33850e-01,    2.11945e+00,    2.66250e-03,    4.17420e+02,    2.41792e-01,    1.40270e+02,    3.26658e-02,    2.83493e+01,    4.87232e-03,    3.35604e+01,    4.18908e-03,    8.66309e+00,    1.59568e-03,    8.85152e+00,    3.47216e-03,              3,              0,       1 meters
  05/24/2018 12:03:25.341,    2.05997e+00,    1.62131e-03,    2.05997e+00,    1.62131e-03,   -1.00000e-02,    1.09731e-18,    3.16548e+04,    7.55621e+01,    4.04025e+02,    2.90807e-01,    2.12731e+00,    1.75266e-03,    4.17233e+02,    2.87087e-01,    1.40256e+02,    3.60644e-02,    2.83653e+01,    4.81256e-03,    3.35743e+01,    4.67177e-03,    8.66096e+00,    3.02547e-03,    8.85312e+00,    3.57471e-03,              3,              0,       1 meters
  05/24/2018 12:03:35.295,    2.06096e+00,    2.57689e-03,    2.06096e+00,    2.57689e-03,   -1.00000e-02,    1.09731e-18,    3.16668e+04,    8.09036e+01,    4.04335e+02,    1.91218e-01,    2.12836e+00,    2.73567e-03,    4.17558e+02,    1.86159e-01,    1.40258e+02,    3.70684e-02,    2.83812e+01,    4.74091e-03,    3.35877e+01,    2.16247e-03,    8.66368e+00,    3.88837e-03,    8.85031e+00,    3.46927e-03,              3,              0,       1 meters
  05/24/2018 12:03:45.247,    2.06800e+00,    2.00567e-03,    2.06800e+00,    2.00567e-03,   -1.00000e-02,    1.09731e-18,    3.16601e+04,    7.17306e+01,    4.04228e+02,    2.27762e-01,    2.13561e+00,    2.06143e-03,    4.17444e+02,    2.19699e-01,    1.40258e+02,    3.47473e-02,    2.83972e+01,    4.87268e-03,    3.35944e+01,    1.93002e-03,    8.66213e+00,    1.79505e-03,    8.85329e+00,    2.38710e-03,              3,              0,       1 meters
  05/24/2018 12:03:55.201,    2.07104e+00,    2.71830e-03,    2.07104e+00,    2.71830e-03,   -1.00000e-02,    1.09731e-18,    3.16053e+04,    7.30752e+01,    4.04358e+02,    3.35443e-01,    2.13863e+00,    2.89567e-03,    4.17554e+02,    3.32017e-01,    1.40272e+02,    3.40418e-02,    2.84133e+01,    4.90038e-03,    3.35999e+01,    2.65795e-03,    8.66255e+00,    2.67206e-03,    8.85295e+00,    3.37291e-03,              3,              0,       1 meters
  05/24/2018 12:04:05.153,    2.07741e+00,    3.46009e-03,    2.07741e+00,    3.46009e-03,   -1.00000e-02,    1.09731e-18,    3.15264e+04,    1.40359e+02,    4.04479e+02,    2.72386e-01,    2.14504e+00,    3.58654e-03,    4.17646e+02,    2.39904e-01,    1.40270e+02,    3.66556e-02,    2.84295e+01,    4.87410e-03,    3.36138e+01,    6.30979e-03,    8.66297e+00,    2.74620e-03,    8.85123e+00,    2.45204e-03,              3,              0,       1 meters
  05/24/2018 12:04:15.106,    2.09138e+00,    5.82370e-03,    2.09138e+00,    5.82370e-03,   -1.00000e-02,    1.09731e-18,    3.13958e+04,    9.77534e+01,    4.04341e+02,    3.20971e-01,    2.15917e+00,    5.97456e-03,    4.17447e+02,    3.06121e-01,    1.40258e+02,    3.42454e-02,    2.84455e+01,    4.86231e-03,    3.36258e+01,    3.65012e-03,    8.66418e+00,    2.93758e-03,    8.85269e+00,    3.56037e-03,              3,              0,       1 meters
  05/24/2018 12:04:25.065,    2.09970e+00,    1.67219e-02,    2.09970e+00,    1.67219e-02,   -1.00000e-02,    1.09731e-18,    3.12696e+04,    8.96286e+01,    4.04444e+02,    3.48384e-01,    2.16748e+00,    1.73005e-02,    4.17499e+02,    3.48367e-01,    1.40257e+02,    3.56052e-02,    2.84616e+01,    4.82375e-03,    3.36324e+01,    3.35814e-03,    8.66330e+00,    4.14970e-03,    8.85484e+00,    2.63017e-03,              3,              0,       1 meters
  05/24/2018 12:04:35.022,    1.95460e+00,    4.49697e-02,    1.95460e+00,    4.49697e-02,   -1.00000e-02,    1.09731e-18,    3.08255e+04,    1.70846e+02,    4.03040e+02,    6.55172e-01,    2.01678e+00,    4.67357e-02,    4.15859e+02,    7.44506e-01,    1.40262e+02,    3.62860e-02,    2.84775e+01,    4.81605e-03,    3.36453e+01,    3.56718e-03,    8.66578e+00,    1.94649e-03,    8.85223e+00,    1.84900e-03,              3,              0,       1 meters
  05/24/2018 12:04:44.976,    1.87470e+00,    1.10140e-02,    1.87470e+00,    1.10140e-02,   -1.00000e-02,    1.09731e-18,    3.01643e+04,    1.95581e+02,    4.02026e+02,    3.55186e-01,    1.93301e+00,    1.17318e-02,    4.14529e+02,    3.55640e-01,    1.40270e+02,    3.27794e-02,    2.84935e+01,    4.81089e-03,    3.36507e+01,    2.41984e-03,    8.66683e+00,    2.75222e-03,    8.85235e+00,    3.12789e-03,              3,              0,       1 meters
  05/24/2018 12:04:54.933,    1.85797e+00,    3.51034e-03,    1.85797e+00,    3.51034e-03,   -1.00000e-02,    1.09731e-18,    2.92305e+04,    4.73222e+02,    4.04462e+02,    9.17686e-01,    1.91392e+00,    4.19892e-03,    4.16640e+02,    7.64704e-01,    1.40271e+02,    3.54494e-02,    2.85094e+01,    4.74770e-03,    3.36590e+01,    2.53431e-03,    8.66491e+00,    4.81487e-03,    8.85074e+00,    3.51405e-03,              3,              0,       1 meters
  05/24/2018 12:05:04.889,    1.85672e+00,    2.20363e-03,    1.85672e+00,    2.20363e-03,   -1.00000e-02,    1.09731e-18,    2.75293e+04,    5.18808e+02,    4.06911e+02,    7.34146e-01,    1.90928e+00,    1.65632e-03,    4.18429e+02,    5.57427e-01,    1.40264e+02,    3.18087e-02,    2.85250e+01,    4.62153e-03,    3.36628e+01,    1.88639e-03,    8.66085e+00,    2.83282e-03,    8.84519e+00,    2.89013e-03,              3,              0,       1 meters
  05/24/2018 12:05:14.841,    1.85965e+00,    2.92854e-03,    1.85965e+00,    2.92854e-03,   -1.00000e-02,    1.09731e-18,    2.58089e+04,    5.46401e+02,    4.08553e+02,    6.39677e-01,    1.90891e+00,    2.52382e-03,    4.19377e+02,    5.01195e-01,    1.40248e+02,    3.29460e-02,    2.85404e+01,    4.57989e-03,    3.36718e+01,    5.33045e-03,    8.66032e+00,    3.53752e-03,    8.84890e+00,    3.68660e-03,              3,              0,       1 meters
  05/24/2018 12:05:24.794,    1.85913e+00,    1.96971e-03,    1.85913e+00,    1.96971e-03,   -1.00000e-02,    1.09731e-18,    2.48118e+04,    9.66115e+01,    4.21260e+02,    4.21522e+00,    1.90643e+00,    2.08293e-03,    4.31978e+02,    4.28915e+00,    1.40247e+02,    2.86970e-02,    2.85556e+01,    4.63114e-03,    3.36827e+01,    3.27764e-03,    8.66219e+00,    2.49474e-03,    8.84835e+00,    4.65649e-03,              3,              0,       1 meters
  05/24/2018 12:05:34.749,    1.86083e+00,    2.66220e-03,    1.86083e+00,    2.66220e-03,   -1.00000e-02,    1.09731e-18,    2.46938e+04,    1.26683e+02,    4.31913e+02,    1.40375e+00,    1.90794e+00,    2.73010e-03,    4.42849e+02,    1.45715e+00,    1.40264e+02,    3.98468e-02,    2.85708e+01,    4.64937e-03,    3.36949e+01,    4.67608e-03,    8.66256e+00,    3.39673e-03,    8.85131e+00,    2.80028e-03,              3,              0,       1 meters
  05/24/2018 12:05:44.703,    1.86151e+00,    2.38359e-03,    1.86151e+00,    2.38359e-03,   -1.00000e-02,    1.09731e-18,    2.40468e+04,    5.18760e+02,    4.22758e+02,    4.48215e+00,    1.90738e+00,    2.63813e-03,    4.33176e+02,    4.81499e+00,    1.40273e+02,    3.40905e-02,    2.85860e+01,    4.60689e-03,    3.37070e+01,    4.49609e-03,    8.66415e+00,    2.60745e-03,    8.85197e+00,    1.91001e-03,              3,              0,       1 meters
  05/24/2018 12:05:54.657,    1.86408e+00,    3.36979e-03,    1.86408e+00,    3.36979e-03,   -1.00000e-02,    1.09731e-18,    2.12716e+04,    8.13947e+02,    4.10980e+02,    2.23999e+00,    1.90460e+00,    2.87547e-03,    4.19914e+02,    2.63456e+00,    1.40272e+02,    3.61874e-02,    2.86006e+01,    4.28507e-03,    3.37205e+01,    4.59977e-03,    8.66208e+00,    3.07305e-03,    8.84705e+00,    4.08948e-03,              3,              0,       1 meters
  05/24/2018 12:06:04.616,    1.86757e+00,    2.45737e-03,    1.86757e+00,    2.45737e-03,   -1.00000e-02,    1.09731e-18,    1.94191e+04,    3.11643e+02,    4.06469e+02,    7.89902e-01,    1.90456e+00,    2.28823e-03,    4.14519e+02,    9.24537e-01,    1.40255e+02,    3.41653e-02,    2.86149e+01,    4.40862e-03,    3.37342e+01,    3.27353e-03,    8.65926e+00,    2.75978e-03,    8.84901e+00,    3.64234e-03,              3,              0,       1 meters
  05/24/2018 12:06:14.570,    1.87434e+00,    2.71161e-03,    1.87434e+00,    2.71161e-03,   -1.00000e-02,    1.09731e-18,    1.93637e+04,    3.23770e+02,    4.05334e+02,    3.21385e-01,    1.91135e+00,    3.28363e-03,    4.13338e+02,    2.50008e-01,    1.40252e+02,    3.37655e-02,    2.86298e+01,    4.67992e-03,    3.37454e+01,    2.75200e-03,    8.65959e+00,    1.94219e-03,    8.84879e+00,    2.71793e-03,              3,              0,       1 meters
  05/24/2018 12:06:24.522,    1.88314e+00,    4.00999e-03,    1.88314e+00,    4.00999e-03,   -1.00000e-02,    1.09731e-18,    2.09822e+04,    6.37177e+02,    4.04458e+02,    3.12992e-01,    1.92350e+00,    5.27305e-03,    4.13126e+02,    2.61557e-01,    1.40260e+02,    4.01460e-02,    2.86451e+01,    4.78860e-03,    3.37511e+01,    4.24052e-03,    8.66204e+00,    2.94235e-03,    8.85186e+00,    3.67677e-03,              3,              0,       1 meters
  05/24/2018 12:06:34.476,    1.89884e+00,    4.30829e-03,    1.89884e+00,    4.30829e-03,   -1.00000e-02,    1.09731e-18,    2.28845e+04,    5.06735e+02,    4.03818e+02,    2.94390e-01,    1.94331e+00,    5.25619e-03,    4.13275e+02,    4.29332e-01,    1.40274e+02,    3.40299e-02,    2.86610e+01,    4.79716e-03,    3.37675e+01,    4.99057e-03,    8.66244e+00,    2.27304e-03,    8.85460e+00,    2.46101e-03,              3,              0,       1 meters
  05/24/2018 12:06:44.427,    1.91146e+00,    6.70880e-03,    1.91146e+00,    6.70880e-03,   -1.00000e-02,    1.09731e-18,    2.42131e+04,    3.92404e+02,    4.03709e+02,    2.38192e-01,    1.95890e+00,    7.63459e-03,    4.13726e+02,    2.81016e-01,    1.40276e+02,    3.05803e-02,    2.86767e+01,    4.75099e-03,    3.37769e+01,    6.12371e-03,    8.66182e+00,    3.57110e-03,    8.85179e+00,    3.04250e-03,              3,              0,       1 meters
  05/24/2018 12:06:54.382,    1.93703e+00,    9.26183e-03,    1.93703e+00,    9.26183e-03,   -1.00000e-02,    1.09731e-18,    2.56340e+04,    4.36689e+02,    4.03037e+02,    4.66666e-01,    1.98800e+00,    1.03723e-02,    4.13640e+02,    3.96627e-01,    1.40258e+02,    3.57257e-02,    2.86923e+01,    4.74592e-03,    3.37988e+01,    7.10646e-03,    8.66172e+00,    3.15517e-03,    8.85200e+00,    4.08204e-03,              3,              0,       1 meters
  05/24/2018 12:07:04.336,    1.96182e+00,    7.73552e-03,    1.96182e+00,    7.73552e-03,   -1.00000e-02,    1.09731e-18,    2.66817e+04,    3.08408e+02,    4.03062e+02,    4.76628e-01,    2.01560e+00,    8.55972e-03,    4.14111e+02,    3.92993e-01,    1.40249e+02,    2.92757e-02,    2.87079e+01,    4.57639e-03,    3.38174e+01,    4.53814e-03,    8.66052e+00,    3.28735e-03,    8.85351e+00,    4.56011e-03,              3,              0,       1 meters
  05/24/2018 12:07:14.291,    1.97379e+00,    1.76547e-03,    1.97379e+00,    1.76547e-03,   -1.00000e-02,    1.09731e-18,    2.74125e+04,    1.59645e+02,    4.02549e+02,    2.77225e-01,    2.02942e+00,    2.08820e-03,    4.13895e+02,    2.57793e-01,    1.40258e+02,    3.92043e-02,    2.87231e+01,    4.60375e-03,    3.38349e+01,    7.62974e-03,    8.66054e+00,    2.91869e-03,    8.85807e+00,    2.98527e-03,              3,              0,       1 meters
  05/24/2018 12:07:24.244,    1.98137e+00,    4.92056e-03,    1.98137e+00,    4.92056e-03,   -1.00000e-02,    1.09731e-18,    2.77754e+04,    1.81786e+02,    4.02753e+02,    3.52946e-01,    2.03798e+00,    5.42156e-03,    4.14259e+02,    3.33340e-01,    1.40271e+02,    3.71080e-02,    2.87385e+01,    4.69228e-03,    3.38532e+01,    5.89079e-03,    8.66210e+00,    3.89161e-03,    8.85487e+00,    3.91456e-03,              3,              0,       1 meters
  05/24/2018 12:07:34.198,    1.99441e+00,    3.07394e-03,    1.99441e+00,    3.07394e-03,   -1.00000e-02,    1.09731e-18,    2.82229e+04,    1.07046e+02,    4.02307e+02,    3.44781e-01,    2.05233e+00,    3.34766e-03,    4.13991e+02,    3.37472e-01,    1.40272e+02,    3.53604e-02,    2.87540e+01,    4.73992e-03,    3.38720e+01,    8.30178e-03,    8.65834e+00,    3.63075e-03,    8.85539e+00,    2.98040e-03,              3,              0,       1 meters
  05/24/2018 12:07:44.151,    1.99623e+00,    2.13331e-03,    1.99623e+00,    2.13331e-03,   -1.00000e-02,    1.09731e-18,    2.85442e+04,    1.12726e+02,    4.02160e+02,    2.83609e-01,    2.05488e+00,    2.31993e-03,    4.13977e+02,    2.77744e-01,    1.40258e+02,    3.55191e-02,    2.87697e+01,    4.75275e-03,    3.38961e+01,    4.93902e-03,    8.65753e+00,    3.73052e-03,    8.85759e+00,    2.46510e-03,              3,              0,       1 meters
  05/24/2018 12:07:54.101,    1.99758e+00,    2.51609e-03,    1.99758e+00,    2.51609e-03,   -1.00000e-02,    1.09731e-18,    2.87343e+04,    9.74150e+01,    4.02235e+02,    4.58202e-01,    2.05668e+00,    2.75214e-03,    4.14134e+02,    4.50100e-01,    1.40253e+02,    3.27400e-02,    2.87852e+01,    4.74796e-03,    3.39071e+01,    4.12339e-03,    8.65801e+00,    2.97444e-03,    8.85720e+00,    4.34505e-03,              3,              0,       1 meters
  05/24/2018 12:08:04.055,    1.99665e+00,    1.96584e-03,    1.99665e+00,    1.96584e-03,   -1.00000e-02,    1.09731e-18,    2.88631e+04,    8.85196e+01,    4.02255e+02,    2.59929e-01,    2.05599e+00,    2.17719e-03,    4.14211e+02,    2.84730e-01,    1.40262e+02,    3.78540e-02,    2.88011e+01,    4.76417e-03,    3.39217e+01,    3.69107e-03,    8.65890e+00,    2.18202e-03,    8.85577e+00,    2.74434e-03,              3,              0,       1 meters
  05/24/2018 12:08:14.011,    2.00232e+00,    2.90528e-03,    2.00232e+00,    2.90528e-03,   -1.00000e-02,    1.09731e-18,    2.91503e+04,    8.66498e+01,    4.02141e+02,    3.22147e-01,    2.06244e+00,    3.08633e-03,    4.14216e+02,    3.03664e-01,    1.40273e+02,    3.36980e-02,    2.88170e+01,    4.79581e-03,    3.39294e+01,    4.02732e-03,    8.65759e+00,    2.18399e-03,    8.85399e+00,    3.73501e-03,              3,              0,       1 meters
  05/24/2018 12:08:23.965,    2.02101e+00,    7.42788e-03,    2.02101e+00,    7.42788e-03,   -1.00000e-02,    1.09731e-18,    2.93732e+04,    8.58498e+01,    4.02057e+02,    2.37815e-01,    2.08217e+00,    7.81469e-03,    4.14224e+02,    2.32305e-01,    1.40258e+02,    3.21073e-02,    2.88331e+01,    4.95891e-03,    3.39483e+01,    6.82864e-03,    8.65915e+00,    2.76349e-03,    8.85549e+00,    3.08080e-03,              3,              0,       1 meters
  05/24/2018 12:08:33.918,    2.04421e+00,    5.99499e-03,    2.04421e+00,    5.99499e-03,   -1.00000e-02,    1.09731e-18,    2.96310e+04,    1.16562e+02,    4.02066e+02,    2.24982e-01,    2.10663e+00,    6.35366e-03,    4.14343e+02,    2.23498e-01,    1.40252e+02,    3.43115e-02,    2.88494e+01,    4.96472e-03,    3.39634e+01,    3.35399e-03,    8.66093e+00,    2.52397e-03,    8.85622e+00,    2.14956e-03,              3,              0,       1 meters
  05/24/2018 12:08:43.875,    2.05981e+00,    3.19357e-03,    2.05981e+00,    3.19357e-03,   -1.00000e-02,    1.09731e-18,    2.98141e+04,    1.00235e+02,    4.01877e+02,    3.47609e-01,    2.12311e+00,    3.45577e-03,    4.14226e+02,    3.26303e-01,    1.40266e+02,    3.71707e-02,    2.88656e+01,    4.89977e-03,    3.39672e+01,    1.94847e-03,    8.66231e+00,    2.73610e-03,    8.85939e+00,    2.52975e-03,              3,              0,       1 meters
  05/24/2018 12:08:53.830,    2.06365e+00,    2.17326e-03,    2.06365e+00,    2.17326e-03,   -1.00000e-02,    1.09731e-18,    2.99934e+04,    1.07103e+02,    4.01736e+02,    3.17660e-01,    2.12746e+00,    2.32769e-03,    4.14158e+02,    3.06713e-01,    1.40275e+02,    3.17947e-02,    2.88818e+01,    4.95931e-03,    3.39687e+01,    3.30789e-03,    8.66202e+00,    3.03284e-03,    8.85611e+00,    2.05283e-03,              3,              0,       1 meters
  05/24/2018 12:09:03.783,    2.06355e+00,    2.23443e-03,    2.06355e+00,    2.23443e-03,   -1.00000e-02,    1.09731e-18,    3.02316e+04,    1.27883e+02,    4.01661e+02,    3.89544e-01,    2.12788e+00,    2.55597e-03,    4.14183e+02,    3.64275e-01,    1.40261e+02,    3.58547e-02,    2.88981e+01,    4.91123e-03,    3.39771e+01,    4.34861e-03,    8.66286e+00,    2.97124e-03,    8.85526e+00,    3.72074e-03,              3,              0,       1 meters
  05/24/2018 12:09:13.739,    2.06360e+00,    1.92778e-03,    2.06360e+00,    1.92778e-03,   -1.00000e-02,    1.09731e-18,    3.04335e+04,    1.08122e+02,    4.01768e+02,    2.44981e-01,    2.12838e+00,    1.99437e-03,    4.14379e+02,    2.65174e-01,    1.40255e+02,    3.65305e-02,    2.89143e+01,    4.87180e-03,    3.39888e+01,    3.52090e-03,    8.66014e+00,    3.07186e-03,    8.85326e+00,    4.23930e-03,              3,              0,       1 meters
  05/24/2018 12:09:23.700,    2.05917e+00,    1.88229e-03,    2.05917e+00,    1.88229e-03,   -1.00000e-02,    1.09731e-18,    3.06486e+04,    8.71480e+01,    4.01614e+02,    3.61845e-01,    2.12428e+00,    1.94527e-03,    4.14313e+02,    3.63957e-01,    1.40266e+02,    3.46411e-02,    2.89305e+01,    4.90763e-03,    3.40040e+01,    3.47069e-03,    8.66107e+00,    3.21032e-03,    8.85524e+00,    2.81897e-03,              3,              0,       1 meters
  05/24/2018 12:09:33.651,    2.05651e+00,    1.52219e-03,    2.05651e+00,    1.52219e-03,   -1.00000e-02,    1.09731e-18,    3.08252e+04,    8.19284e+01,    4.01684e+02,    2.25876e-01,    2.12191e+00,    1.57989e-03,    4.14460e+02,    2.31544e-01,    1.40266e+02,    3.65539e-02,    2.89467e+01,    4.83246e-03,    3.40209e+01,    5.56612e-03,    8.66074e+00,    2.31545e-03,    8.85296e+00,    3.39655e-03,              3,              0,       1 meters
  05/24/2018 12:09:43.605,    2.05812e+00,    2.27911e-03,    2.05812e+00,    2.27911e-03,   -1.00000e-02,    1.09731e-18,    3.10266e+04,    7.69083e+01,    4.01564e+02,    2.58519e-01,    2.12402e+00,    2.45671e-03,    4.14422e+02,    2.46384e-01,    1.40255e+02,    3.42968e-02,    2.89628e+01,    4.90650e-03,    3.40368e+01,    3.34298e-03,    8.65632e+00,    2.23683e-03,    8.85109e+00,    1.61581e-03,              3,              0,       1 meters
  05/24/2018 12:09:53.559,    2.06116e+00,    2.58724e-03,    2.06116e+00,    2.58724e-03,   -1.00000e-02,    1.09731e-18,    3.11166e+04,    6.84591e+01,    4.01609e+02,    3.77137e-01,    2.12735e+00,    2.78135e-03,    4.14507e+02,    3.68771e-01,    1.40266e+02,    3.95589e-02,    2.89788e+01,    4.82560e-03,    3.40454e+01,    5.24577e-03,    8.65847e+00,    2.74322e-03,    8.84808e+00,    2.70082e-03,              3,              0,       1 meters
  05/24/2018 12:10:03.513,    2.06448e+00,    2.12250e-03,    2.06448e+00,    2.12250e-03,   -1.00000e-02,    1.09731e-18,    3.10630e+04,    8.89554e+01,    4.02030e+02,    3.13498e-01,    2.13067e+00,    2.33926e-03,    4.14918e+02,    3.00061e-01,    1.40269e+02,    3.75441e-02,    2.89948e+01,    4.85356e-03,    3.40640e+01,    5.30487e-03,    8.66050e+00,    4.49297e-03,    8.84545e+00,    3.12817e-03,              3,              0,       1 meters
  05/24/2018 12:10:13.463,    2.07374e+00,    4.90165e-03,    2.07374e+00,    4.90165e-03,   -1.00000e-02,    1.09731e-18,    3.11508e+04,    8.88793e+01,    4.01606e+02,    3.25746e-01,    2.14042e+00,    5.19458e-03,    4.14518e+02,    3.04540e-01,    1.40257e+02,    3.70154e-02,    2.90107e+01,    4.87245e-03,    3.40835e+01,    8.59209e-03,    8.66333e+00,    3.32901e-03,    8.85029e+00,    3.38800e-03,              3,              0,       1 meters
  05/24/2018 12:10:23.428,    2.08165e+00,    2.77159e-03,    2.08165e+00,    2.77159e-03,   -1.00000e-02,    1.09731e-18,    3.13258e+04,    8.68734e+01,    4.01714e+02,    4.29836e-01,    2.14896e+00,    3.00512e-03,    4.14704e+02,    4.46229e-01,    1.40267e+02,    3.85518e-02,    2.90268e+01,    4.88804e-03,    3.40979e+01,    2.48973e-03,    8.65908e+00,    3.19294e-03,    8.84853e+00,    3.88104e-03,              3,              0,       1 meters
  05/24/2018 12:10:33.384,    2.09006e+00,    2.86980e-03,    2.09006e+00,    2.86980e-03,   -1.00000e-02,    1.09731e-18,    3.15103e+04,    5.29608e+01,    4.01921e+02,    3.90043e-01,    2.15807e+00,    3.04974e-03,    4.14998e+02,    4.00254e-01,    1.40271e+02,    3.25930e-02,    2.90428e+01,    4.84763e-03,    3.41012e+01,    5.78152e-03,    8.65596e+00,    2.65437e-03,    8.84566e+00,    3.51730e-03,              3,              0,       1 meters
  05/24/2018 12:10:43.339,    2.10226e+00,    6.21694e-03,    2.10226e+00,    6.21694e-03,   -1.00000e-02,    1.09731e-18,    3.15897e+04,    9.05792e+01,    4.01897e+02,    3.67984e-01,    2.17083e+00,    6.59689e-03,    4.15007e+02,    3.57107e-01,    1.40257e+02,    3.89435e-02,    2.90587e+01,    4.81369e-03,    3.41203e+01,    5.72717e-03,    8.66080e+00,    2.44179e-03,    8.84642e+00,    3.06957e-03,              3,              0,       1 meters
  05/24/2018 12:10:53.293,    2.10472e+00,    2.48687e-03,    2.10472e+00,    2.48687e-03,   -1.00000e-02,    1.09731e-18,    3.17323e+04,    9.19085e+01,    4.01958e+02,    2.36648e-01,    2.17370e+00,    2.61334e-03,    4.15131e+02,    2.30972e-01,    1.40272e+02,    3.70449e-02,    2.90746e+01,    4.73251e-03,    3.41378e+01,    6.29895e-03,    8.65813e+00,    3.57185e-03,    8.84884e+00,    2.61085e-03,              3,              0,       1 meters
  05/24/2018 12:11:03.246,    2.10566e+00,    2.10541e-03,    2.10566e+00,    2.10541e-03,   -1.00000e-02,    1.09731e-18,    3.17649e+04,    8.35495e+01,    4.01899e+02,    4.47801e-01,    2.17474e+00,    2.31761e-03,    4.15084e+02,    4.38453e-01,    1.40266e+02,    3.65041e-02,    2.90902e+01,    4.70858e-03,    3.41557e+01,    4.00862e-03,    8.65782e+00,    2.50654e-03,    8.84993e+00,    4.23892e-03,              3,              0,       1 meters
  05/24/2018 12:11:13.206,    2.09317e+00,    2.46675e-02,    2.09317e+00,    2.46675e-02,   -1.00000e-02,    1.09731e-18,    3.18343e+04,    4.67146e+01,    4.01688e+02,    1.96804e-01,    2.16200e+00,    2.55057e-02,    4.14896e+02,    2.08940e-01,    1.40256e+02,    3.57798e-02,    2.91057e+01,    4.60729e-03,    3.41652e+01,    1.44784e-03,    8.65672e+00,    2.81692e-03,    8.85330e+00,    2.91308e-03,              3,              0,       1 meters
