VC:46e9e7d BD:Jun  9 2016 SN:US4300170200001328
                     Time,      [CH4]_ppm,   [CH4]_ppm_sd,     [CH4L]_ppm,  [CH4L]_ppm_sd,     [CH4H]_ppm,  [CH4H]_ppm_sd,      [H2O]_ppm,   [H2O]_ppm_sd,      [CO2]_ppm,   [CO2]_ppm_sd,     [CH4]d_ppm,  [CH4]d_ppm_sd,     [CO2]d_ppm,  [CO2]d_ppm_sd,      GasP_torr,   GasP_torr_sd,         GasT_C,      GasT_C_sd,         AmbT_C,      AmbT_C_sd,         RD0_us,      RD0_us_sd,         RD1_us,      RD1_us_sd,       Fit_Flag,      MIU_VALVE,       MIU_DESC
  10/05/2018 13:43:44.948,    1.87840e+00,    6.28023e-04,    1.87840e+00,    6.28023e-04,   -1.00000e-02,    6.33741e-19,    2.49716e+04,    5.59020e+01,    4.09126e+02,    1.60481e-01,    1.92650e+00,    6.48189e-04,    4.19604e+02,    1.82840e-01,    1.40348e+02,    3.34197e-02,    2.38650e+01,    1.81742e-03,    2.53804e+01,    1.27975e-02,    1.08470e+01,    6.23903e-04,    1.18708e+01,    1.53264e-03,              3,              0,       1 meters
  10/05/2018 13:43:54.901,    1.87871e+00,    1.04461e-03,    1.87871e+00,    1.04461e-03,   -1.00000e-02,    1.09731e-18,    2.49746e+04,    3.92686e+01,    4.08949e+02,    1.92474e-01,    1.92684e+00,    1.08124e-03,    4.19424e+02,    1.95327e-01,    1.40338e+02,    3.31045e-02,    2.38723e+01,    2.80042e-03,    2.54325e+01,    1.82709e-02,    1.08462e+01,    1.35628e-03,    1.18697e+01,    2.35063e-03,              3,              0,       1 meters
  10/05/2018 13:44:04.855,    1.87896e+00,    9.54544e-04,    1.87896e+00,    9.54544e-04,   -1.00000e-02,    1.09731e-18,    2.49735e+04,    3.82029e+01,    4.08817e+02,    1.42507e-01,    1.92708e+00,    1.00473e-03,    4.19288e+02,    1.47764e-01,    1.40332e+02,    4.21784e-02,    2.38819e+01,    2.91162e-03,    2.54982e+01,    2.11327e-02,    1.08452e+01,    2.38237e-03,    1.18709e+01,    1.79639e-03,              3,              0,       1 meters
  10/05/2018 13:44:14.808,    1.87916e+00,    8.63636e-04,    1.87916e+00,    8.63636e-04,   -1.00000e-02,    1.09731e-18,    2.49506e+04,    3.98297e+01,    4.08733e+02,    1.70394e-01,    1.92724e+00,    8.89787e-04,    4.19192e+02,    1.79669e-01,    1.40338e+02,    3.44539e-02,    2.38912e+01,    2.90323e-03,    2.55664e+01,    2.16733e-02,    1.08455e+01,    1.70567e-03,    1.18707e+01,    1.40061e-03,              3,              0,       1 meters
  10/05/2018 13:44:24.762,    1.87956e+00,    5.95150e-04,    1.87956e+00,    5.95150e-04,   -1.00000e-02,    1.09731e-18,    2.50888e+04,    1.29908e+02,    4.08420e+02,    1.26443e-01,    1.92793e+00,    7.02329e-04,    4.18930e+02,    1.34396e-01,    1.40341e+02,    3.96293e-02,    2.39003e+01,    2.81856e-03,    2.56357e+01,    2.14665e-02,    1.08455e+01,    1.70956e-03,    1.18714e+01,    1.75360e-03,              3,              0,       1 meters
  10/05/2018 13:44:34.715,    1.88206e+00,    1.99424e-03,    1.88206e+00,    1.99424e-03,   -1.00000e-02,    1.09731e-18,    2.56583e+04,    3.06075e+02,    4.07984e+02,    2.59000e-01,    1.93163e+00,    2.62844e-03,    4.18727e+02,    1.70244e-01,    1.40336e+02,    3.09941e-02,    2.39095e+01,    2.72881e-03,    2.57062e+01,    2.09573e-02,    1.08453e+01,    1.90593e-03,    1.18713e+01,    2.37433e-03,              3,              0,       1 meters
  10/05/2018 13:44:44.672,    1.88934e+00,    1.58810e-03,    1.88934e+00,    1.58810e-03,   -1.00000e-02,    1.09731e-18,    2.68043e+04,    2.46166e+02,    4.07236e+02,    2.58211e-01,    1.94138e+00,    2.09103e-03,    4.18452e+02,    2.10223e-01,    1.40337e+02,    3.97316e-02,    2.39190e+01,    3.02091e-03,    2.57773e+01,    2.01342e-02,    1.08458e+01,    2.06350e-03,    1.18704e+01,    2.97950e-03,              3,              0,       1 meters
  10/05/2018 13:44:54.622,    1.89122e+00,    9.54373e-04,    1.89122e+00,    9.54373e-04,   -1.00000e-02,    1.09731e-18,    2.69391e+04,    6.01886e+01,    4.07312e+02,    1.07577e-01,    1.94358e+00,    1.08833e-03,    4.18589e+02,    1.14585e-01,    1.40334e+02,    3.52047e-02,    2.39284e+01,    2.60989e-03,    2.58380e+01,    1.73290e-02,    1.08447e+01,    2.33433e-03,    1.18697e+01,    2.15444e-03,              3,              0,       1 meters
  10/05/2018 13:45:04.577,    1.89598e+00,    1.44629e-03,    1.89598e+00,    1.44629e-03,   -1.00000e-02,    1.09731e-18,    2.74730e+04,    2.17620e+02,    4.06982e+02,    1.63684e-01,    1.94954e+00,    1.85978e-03,    4.18478e+02,    1.12730e-01,    1.40338e+02,    4.25903e-02,    2.39377e+01,    2.94151e-03,    2.58998e+01,    2.00912e-02,    1.08442e+01,    1.94779e-03,    1.18688e+01,    1.54540e-03,              3,              0,       1 meters
  10/05/2018 13:45:14.531,    1.89923e+00,    1.20060e-03,    1.89923e+00,    1.20060e-03,   -1.00000e-02,    1.09731e-18,    2.80796e+04,    1.82638e+02,    4.06535e+02,    1.48016e-01,    1.95411e+00,    1.55715e-03,    4.18280e+02,    1.66413e-01,    1.40334e+02,    3.82079e-02,    2.39474e+01,    2.95258e-03,    2.59641e+01,    2.02761e-02,    1.08431e+01,    7.71285e-04,    1.18685e+01,    1.47261e-03,              3,              0,       1 meters
  10/05/2018 13:45:24.484,    1.90256e+00,    1.10333e-03,    1.90256e+00,    1.10333e-03,   -1.00000e-02,    1.09731e-18,    2.86062e+04,    1.31370e+02,    4.06228e+02,    1.56745e-01,    1.95859e+00,    1.32481e-03,    4.18191e+02,    1.37142e-01,    1.40333e+02,    3.30930e-02,    2.39569e+01,    2.96966e-03,    2.60312e+01,    2.00541e-02,    1.08436e+01,    1.13838e-03,    1.18687e+01,    9.73398e-04,              3,              0,       1 meters
  10/05/2018 13:45:34.437,    1.90505e+00,    1.71863e-03,    1.90505e+00,    1.71863e-03,   -1.00000e-02,    1.09731e-18,    2.90448e+04,    1.13987e+02,    4.05985e+02,    2.08519e-01,    1.96203e+00,    1.95022e-03,    4.18129e+02,    2.03566e-01,    1.40339e+02,    3.94973e-02,    2.39668e+01,    2.90890e-03,    2.60958e+01,    1.82557e-02,    1.08443e+01,    2.34789e-03,    1.18679e+01,    1.59991e-03,              3,              0,       1 meters
  10/05/2018 13:45:44.390,    1.91170e+00,    2.01963e-03,    1.91170e+00,    2.01963e-03,   -1.00000e-02,    1.09731e-18,    2.93705e+04,    7.44884e+01,    4.05524e+02,    8.50950e-02,    1.96955e+00,    2.21725e-03,    4.17795e+02,    9.44700e-02,    1.40340e+02,    3.53076e-02,    2.39764e+01,    3.04494e-03,    2.61591e+01,    1.81587e-02,    1.08419e+01,    2.79478e-03,    1.18693e+01,    3.09263e-03,              3,              0,       1 meters
  10/05/2018 13:45:54.344,    1.91631e+00,    1.39591e-03,    1.91631e+00,    1.39591e-03,   -1.00000e-02,    1.09731e-18,    2.96189e+04,    8.16332e+01,    4.05363e+02,    1.28505e-01,    1.97481e+00,    1.54204e-03,    4.17736e+02,    1.27530e-01,    1.40328e+02,    4.19102e-02,    2.39865e+01,    3.01735e-03,    2.62217e+01,    1.90180e-02,    1.08416e+01,    1.91367e-03,    1.18684e+01,    2.32906e-03,              3,              0,       1 meters
  10/05/2018 13:46:04.297,    1.92065e+00,    1.83012e-03,    1.92065e+00,    1.83012e-03,   -1.00000e-02,    1.09731e-18,    2.97744e+04,    5.43820e+01,    4.05137e+02,    1.22252e-01,    1.97959e+00,    1.97216e-03,    4.17570e+02,    1.12095e-01,    1.40335e+02,    3.39639e-02,    2.39964e+01,    3.07043e-03,    2.62836e+01,    1.94585e-02,    1.08427e+01,    2.22255e-03,    1.18685e+01,    1.39138e-03,              3,              0,       1 meters
  10/05/2018 13:46:14.252,    1.92577e+00,    1.64401e-03,    1.92577e+00,    1.64401e-03,   -1.00000e-02,    1.09731e-18,    2.99430e+04,    6.17842e+01,    4.04810e+02,    1.24777e-01,    1.98521e+00,    1.79197e-03,    4.17306e+02,    1.29721e-01,    1.40339e+02,    4.01905e-02,    2.40064e+01,    3.00093e-03,    2.63456e+01,    1.98763e-02,    1.08413e+01,    1.83520e-03,    1.18689e+01,    2.58236e-03,              3,              0,       1 meters
  10/05/2018 13:46:24.217,    1.92809e+00,    1.02126e-03,    1.92809e+00,    1.02126e-03,   -1.00000e-02,    1.09731e-18,    3.00443e+04,    5.73437e+01,    4.04745e+02,    1.11882e-01,    1.98781e+00,    1.14374e-03,    4.17282e+02,    1.04995e-01,    1.40336e+02,    3.49722e-02,    2.40167e+01,    3.06652e-03,    2.64095e+01,    1.81333e-02,    1.08413e+01,    1.95019e-03,    1.18675e+01,    2.21950e-03,              3,              0,       1 meters
  10/05/2018 13:46:34.170,    1.93238e+00,    1.39503e-03,    1.93238e+00,    1.39503e-03,   -1.00000e-02,    1.09731e-18,    3.01452e+04,    3.53844e+01,    4.04589e+02,    1.60456e-01,    1.99244e+00,    1.50600e-03,    4.17165e+02,    1.73294e-01,    1.40330e+02,    3.94191e-02,    2.40270e+01,    3.20246e-03,    2.64712e+01,    1.84326e-02,    1.08405e+01,    1.59507e-03,    1.18681e+01,    2.24308e-03,              3,              0,       1 meters
  10/05/2018 13:46:44.125,    1.93581e+00,    1.71504e-03,    1.93581e+00,    1.71504e-03,   -1.00000e-02,    1.09731e-18,    3.02464e+04,    2.84785e+01,    4.04370e+02,    1.85905e-01,    1.99619e+00,    1.80335e-03,    4.16982e+02,    1.88935e-01,    1.40332e+02,    3.48185e-02,    2.40376e+01,    3.34496e-03,    2.65279e+01,    1.76527e-02,    1.08405e+01,    1.47150e-03,    1.18688e+01,    1.45999e-03,              3,              0,       1 meters
  10/05/2018 13:46:54.080,    1.93943e+00,    1.43666e-03,    1.93943e+00,    1.43666e-03,   -1.00000e-02,    1.09731e-18,    3.03306e+04,    3.56342e+01,    4.04275e+02,    1.97136e-01,    2.00009e+00,    1.48242e-03,    4.16920e+02,    1.90953e-01,    1.40334e+02,    3.95416e-02,    2.40481e+01,    3.36806e-03,    2.65855e+01,    2.24066e-02,    1.08408e+01,    1.58786e-03,    1.18680e+01,    2.07938e-03,              3,              0,       1 meters
  10/05/2018 13:47:04.046,    1.94257e+00,    7.64857e-04,    1.94257e+00,    7.64857e-04,   -1.00000e-02,    1.09731e-18,    3.04284e+04,    4.32071e+01,    4.04206e+02,    1.78747e-01,    2.00354e+00,    8.25731e-04,    4.16891e+02,    1.77005e-01,    1.40334e+02,    4.10010e-02,    2.40585e+01,    3.30152e-03,    2.66448e+01,    1.69074e-02,    1.08409e+01,    1.55261e-03,    1.18666e+01,    2.14565e-03,              3,              0,       1 meters
  10/05/2018 13:47:14.000,    1.94338e+00,    7.88297e-04,    1.94338e+00,    7.88297e-04,   -1.00000e-02,    1.09731e-18,    3.05255e+04,    3.52748e+01,    4.04077e+02,    1.50491e-01,    2.00457e+00,    8.32248e-04,    4.16800e+02,    1.62135e-01,    1.40331e+02,    3.97286e-02,    2.40697e+01,    3.38196e-03,    2.67011e+01,    1.73662e-02,    1.08403e+01,    2.94210e-03,    1.18681e+01,    2.91255e-03,              3,              0,       1 meters
  10/05/2018 13:47:23.953,    1.94722e+00,    1.43815e-03,    1.94722e+00,    1.43815e-03,   -1.00000e-02,    1.09731e-18,    3.05700e+04,    3.78716e+01,    4.03950e+02,    2.01461e-01,    2.00863e+00,    1.52491e-03,    4.16688e+02,    2.00888e-01,    1.40325e+02,    4.11942e-02,    2.40808e+01,    3.47537e-03,    2.67551e+01,    1.58622e-02,    1.08400e+01,    2.54030e-03,    1.18678e+01,    2.53130e-03,              3,              0,       1 meters
  10/05/2018 13:47:33.907,    1.95120e+00,    1.79043e-03,    1.95120e+00,    1.79043e-03,   -1.00000e-02,    1.09731e-18,    3.06313e+04,    3.08587e+01,    4.03762e+02,    1.72208e-01,    2.01285e+00,    1.87959e-03,    4.16520e+02,    1.78374e-01,    1.40330e+02,    4.07938e-02,    2.40918e+01,    3.44182e-03,    2.68094e+01,    1.76951e-02,    1.08403e+01,    1.40759e-03,    1.18680e+01,    2.41664e-03,              3,              0,       1 meters
  10/05/2018 13:47:43.861,    1.95676e+00,    1.89464e-03,    1.95676e+00,    1.89464e-03,   -1.00000e-02,    1.09731e-18,    3.06365e+04,    2.98969e+01,    4.03620e+02,    2.46857e-01,    2.01860e+00,    1.91835e-03,    4.16376e+02,    2.56110e-01,    1.40330e+02,    3.79527e-02,    2.41031e+01,    3.43799e-03,    2.68648e+01,    1.72555e-02,    1.08398e+01,    1.36568e-03,    1.18675e+01,    2.96326e-03,              3,              0,       1 meters
  10/05/2018 13:47:53.814,    1.96587e+00,    4.25845e-03,    1.96587e+00,    4.25845e-03,   -1.00000e-02,    1.09731e-18,    3.06143e+04,    3.52607e+01,    4.03188e+02,    2.07787e-01,    2.02795e+00,    4.37490e-03,    4.15922e+02,    2.24124e-01,    1.40335e+02,    4.25232e-02,    2.41148e+01,    3.53022e-03,    2.69218e+01,    1.79017e-02,    1.08395e+01,    1.75895e-03,    1.18682e+01,    1.36905e-03,              3,              0,       1 meters
  10/05/2018 13:48:03.768,    1.97828e+00,    1.56057e-03,    1.97828e+00,    1.56057e-03,   -1.00000e-02,    1.09731e-18,    3.05879e+04,    2.67783e+01,    4.02747e+02,    1.22072e-01,    2.04070e+00,    1.62241e-03,    4.15455e+02,    1.26076e-01,    1.40329e+02,    3.45419e-02,    2.41265e+01,    3.50376e-03,    2.69800e+01,    1.71103e-02,    1.08402e+01,    1.54474e-03,    1.18680e+01,    1.92325e-03,              3,              0,       1 meters
  10/05/2018 13:48:13.721,    1.98238e+00,    1.80972e-03,    1.98238e+00,    1.80972e-03,   -1.00000e-02,    1.09731e-18,    3.05527e+04,    3.72983e+01,    4.02545e+02,    2.35218e-01,    2.04486e+00,    1.89098e-03,    4.15232e+02,    2.38316e-01,    1.40328e+02,    3.55050e-02,    2.41383e+01,    3.55896e-03,    2.70360e+01,    1.71160e-02,    1.08396e+01,    2.18859e-03,    1.18694e+01,    2.18816e-03,              3,              0,       1 meters
  10/05/2018 13:48:23.680,    1.98995e+00,    2.30929e-03,    1.98995e+00,    2.30929e-03,   -1.00000e-02,    1.09731e-18,    3.05426e+04,    1.85940e+01,    4.02439e+02,    1.59023e-01,    2.05264e+00,    2.38800e-03,    4.15117e+02,    1.61347e-01,    1.40324e+02,    3.69309e-02,    2.41500e+01,    3.58558e-03,    2.70961e+01,    1.79773e-02,    1.08387e+01,    1.48754e-03,    1.18676e+01,    1.88051e-03,              3,              0,       1 meters
  10/05/2018 13:48:33.634,    1.99478e+00,    9.18429e-04,    1.99478e+00,    9.18429e-04,   -1.00000e-02,    1.09731e-18,    3.05539e+04,    3.39215e+01,    4.02186e+02,    7.23402e-02,    2.05764e+00,    9.89616e-04,    4.14862e+02,    7.42679e-02,    1.40327e+02,    3.58365e-02,    2.41622e+01,    3.69833e-03,    2.71514e+01,    1.66105e-02,    1.08387e+01,    2.19286e-03,    1.18691e+01,    1.57199e-03,              3,              0,       1 meters
  10/05/2018 13:48:43.587,    1.99502e+00,    8.38565e-04,    1.99502e+00,    8.38565e-04,   -1.00000e-02,    1.09731e-18,    3.05426e+04,    3.72008e+01,    4.02252e+02,    1.57925e-01,    2.05787e+00,    8.97606e-04,    4.14925e+02,    1.62733e-01,    1.40329e+02,    3.72140e-02,    2.41742e+01,    3.67637e-03,    2.72073e+01,    1.66144e-02,    1.08390e+01,    1.62054e-03,    1.18678e+01,    1.93469e-03,              3,              0,       1 meters
  10/05/2018 13:48:53.540,    2.00300e+00,    4.01526e-03,    2.00300e+00,    4.01526e-03,   -1.00000e-02,    1.09731e-18,    3.05899e+04,    2.42264e+01,    4.02018e+02,    2.49438e-01,    2.06621e+00,    4.16455e-03,    4.14704e+02,    2.54567e-01,    1.40329e+02,    4.17076e-02,    2.41865e+01,    3.71509e-03,    2.72555e+01,    1.40911e-02,    1.08382e+01,    1.88148e-03,    1.18679e+01,    3.40102e-03,              3,              0,       1 meters
  10/05/2018 13:49:03.506,    2.01629e+00,    5.20573e-03,    2.01629e+00,    5.20573e-03,   -1.00000e-02,    1.09731e-18,    3.06000e+04,    2.68436e+01,    4.01498e+02,    1.72708e-01,    2.07994e+00,    5.39249e-03,    4.14172e+02,    1.81451e-01,    1.40329e+02,    4.01441e-02,    2.41989e+01,    3.77052e-03,    2.73055e+01,    1.49964e-02,    1.08391e+01,    2.00674e-03,    1.18682e+01,    2.44912e-03,              3,              0,       1 meters
  10/05/2018 13:49:13.461,    2.03084e+00,    3.87014e-03,    2.03084e+00,    3.87014e-03,   -1.00000e-02,    1.09731e-18,    3.06365e+04,    2.88109e+01,    4.00903e+02,    1.91502e-01,    2.09502e+00,    4.01120e-03,    4.13574e+02,    1.94197e-01,    1.40327e+02,    3.63908e-02,    2.42117e+01,    3.86271e-03,    2.73569e+01,    1.46657e-02,    1.08386e+01,    2.25912e-03,    1.18689e+01,    2.30528e-03,              3,              0,       1 meters
  10/05/2018 13:49:23.411,    2.03887e+00,    1.50422e-03,    2.03887e+00,    1.50422e-03,   -1.00000e-02,    1.09731e-18,    3.06777e+04,    3.70171e+01,    4.00645e+02,    1.18805e-01,    2.10339e+00,    1.58168e-03,    4.13324e+02,    1.21004e-01,    1.40327e+02,    4.06955e-02,    2.42246e+01,    3.88290e-03,    2.74023e+01,    1.29369e-02,    1.08391e+01,    1.65148e-03,    1.18694e+01,    1.53893e-03,              3,              0,       1 meters
  10/05/2018 13:49:33.367,    2.04560e+00,    2.53812e-03,    2.04560e+00,    2.53812e-03,   -1.00000e-02,    1.09731e-18,    3.07129e+04,    3.32916e+01,    4.00519e+02,    1.59958e-01,    2.11042e+00,    2.65652e-03,    4.13210e+02,    1.65271e-01,    1.40328e+02,    3.51798e-02,    2.42377e+01,    4.02398e-03,    2.74530e+01,    1.73599e-02,    1.08397e+01,    1.72357e-03,    1.18685e+01,    1.75751e-03,              3,              0,       1 meters
  10/05/2018 13:49:43.322,    2.05345e+00,    2.63291e-03,    2.05345e+00,    2.63291e-03,   -1.00000e-02,    1.09731e-18,    3.07679e+04,    4.02868e+01,    4.00181e+02,    1.52152e-01,    2.11864e+00,    2.77350e-03,    4.12885e+02,    1.52515e-01,    1.40327e+02,    3.75118e-02,    2.42510e+01,    4.05780e-03,    2.75094e+01,    1.58647e-02,    1.08382e+01,    1.84890e-03,    1.18692e+01,    1.78548e-03,              3,              0,       1 meters
  10/05/2018 13:49:53.275,    2.05797e+00,    1.15786e-03,    2.05797e+00,    1.15786e-03,   -1.00000e-02,    1.09731e-18,    3.08244e+04,    3.39178e+01,    4.00074e+02,    1.54268e-01,    2.12342e+00,    1.23533e-03,    4.12798e+02,    1.60504e-01,    1.40328e+02,    3.89399e-02,    2.42644e+01,    4.10294e-03,    2.75631e+01,    1.70999e-02,    1.08388e+01,    1.68375e-03,    1.18683e+01,    1.61156e-03,              3,              0,       1 meters
  10/05/2018 13:50:03.228,    2.06053e+00,    9.72491e-04,    2.06053e+00,    9.72491e-04,   -1.00000e-02,    1.09731e-18,    3.08504e+04,    4.20125e+01,    3.99928e+02,    2.03703e-01,    2.12612e+00,    1.04899e-03,    4.12659e+02,    2.10294e-01,    1.40323e+02,    3.65652e-02,    2.42779e+01,    4.09700e-03,    2.76122e+01,    1.40897e-02,    1.08388e+01,    1.93823e-03,    1.18683e+01,    1.84479e-03,              3,              0,       1 meters
  10/05/2018 13:50:13.182,    2.06017e+00,    8.93423e-04,    2.06017e+00,    8.93423e-04,   -1.00000e-02,    1.09731e-18,    3.08575e+04,    2.33706e+01,    3.99723e+02,    1.27617e-01,    2.12577e+00,    9.38503e-04,    4.12451e+02,    1.32479e-01,    1.40325e+02,    3.96673e-02,    2.42915e+01,    4.12565e-03,    2.76567e+01,    1.23522e-02,    1.08383e+01,    2.36275e-03,    1.18706e+01,    2.68214e-03,              3,              0,       1 meters
  10/05/2018 13:50:23.135,    2.05933e+00,    8.48690e-04,    2.05933e+00,    8.48690e-04,   -1.00000e-02,    1.09731e-18,    3.08669e+04,    3.14384e+01,    3.99848e+02,    1.82379e-01,    2.12492e+00,    9.06705e-04,    4.12583e+02,    1.92361e-01,    1.40322e+02,    3.82245e-02,    2.43053e+01,    4.18367e-03,    2.77000e+01,    1.29949e-02,    1.08389e+01,    2.14973e-03,    1.18700e+01,    1.84041e-03,              3,              0,       1 meters
  10/05/2018 13:50:33.089,    2.06013e+00,    9.20147e-04,    2.06013e+00,    9.20147e-04,   -1.00000e-02,    1.09731e-18,    3.08903e+04,    2.61081e+01,    3.99925e+02,    1.51018e-01,    2.12580e+00,    9.59020e-04,    4.12673e+02,    1.58022e-01,    1.40326e+02,    3.89079e-02,    2.43190e+01,    4.18159e-03,    2.77470e+01,    1.51781e-02,    1.08376e+01,    1.46565e-03,    1.18684e+01,    1.56116e-03,              3,              0,       1 meters
  10/05/2018 13:50:43.048,    2.06073e+00,    9.78683e-04,    2.06073e+00,    9.78683e-04,   -1.00000e-02,    1.09731e-18,    3.08983e+04,    4.02421e+01,    3.99796e+02,    1.86414e-01,    2.12644e+00,    1.05431e-03,    4.12543e+02,    1.90339e-01,    1.40324e+02,    4.19100e-02,    2.43328e+01,    4.15639e-03,    2.77893e+01,    1.20743e-02,    1.08397e+01,    2.48935e-03,    1.18682e+01,    2.55670e-03,              3,              0,       1 meters
  10/05/2018 13:50:52.999,    2.06135e+00,    1.13381e-03,    2.06135e+00,    1.13381e-03,   -1.00000e-02,    1.09731e-18,    3.09073e+04,    2.62561e+01,    3.99702e+02,    1.32143e-01,    2.12710e+00,    1.17189e-03,    4.12450e+02,    1.36299e-01,    1.40326e+02,    3.52725e-02,    2.43463e+01,    4.04730e-03,    2.78336e+01,    1.30664e-02,    1.08402e+01,    1.55347e-03,    1.18693e+01,    1.75050e-03,              3,              0,       1 meters
  10/05/2018 13:51:02.955,    2.02583e+00,    3.88921e-02,    2.02583e+00,    3.88921e-02,   -1.00000e-02,    1.09731e-18,    3.08624e+04,    1.41617e+02,    4.01100e+02,    1.47045e+00,    2.09035e+00,    4.03962e-02,    4.13873e+02,    1.46224e+00,    1.40323e+02,    3.56632e-02,    2.43601e+01,    4.18834e-03,    2.78732e+01,    1.29782e-02,    1.08381e+01,    2.61992e-03,    1.18690e+01,    2.62283e-03,              3,              0,       1 meters
  10/05/2018 13:51:12.909,    1.91982e+00,    1.75353e-02,    1.91982e+00,    1.75353e-02,   -1.00000e-02,    1.09731e-18,    2.88393e+04,    9.99063e+02,    4.06742e+02,    1.38839e+00,    1.97684e+00,    2.00656e-02,    4.18819e+02,    1.00764e+00,    1.40325e+02,    3.51954e-02,    2.43735e+01,    3.89742e-03,    2.79144e+01,    1.38387e-02,    1.08374e+01,    1.84474e-03,    1.18693e+01,    2.12957e-03,              3,              0,       1 meters
  10/05/2018 13:51:22.860,    1.88989e+00,    3.47169e-03,    1.88989e+00,    3.47169e-03,   -1.00000e-02,    1.09731e-18,    2.65514e+04,    3.53108e+02,    4.15134e+02,    4.30938e+00,    1.94144e+00,    4.24257e-03,    4.26456e+02,    4.28424e+00,    1.40329e+02,    4.29331e-02,    2.43862e+01,    3.90563e-03,    2.79566e+01,    1.05238e-02,    1.08397e+01,    2.25108e-03,    1.18686e+01,    1.98414e-03,              3,              0,       1 meters
  10/05/2018 13:51:32.823,    1.88453e+00,    9.50181e-04,    1.88453e+00,    9.50181e-04,   -1.00000e-02,    1.09731e-18,    2.59254e+04,    1.00919e+02,    4.19527e+02,    4.76888e-01,    1.93469e+00,    1.11474e-03,    4.30693e+02,    4.84508e-01,    1.40324e+02,    4.07545e-02,    2.43998e+01,    4.22139e-03,    2.79984e+01,    1.33651e-02,    1.08398e+01,    2.21753e-03,    1.18699e+01,    1.31349e-03,              3,              0,       1 meters
  10/05/2018 13:51:42.774,    1.88325e+00,    7.64244e-04,    1.88325e+00,    7.64244e-04,   -1.00000e-02,    1.09731e-18,    2.59564e+04,    7.86808e+01,    4.17265e+02,    9.70917e-01,    1.93343e+00,    7.47774e-04,    4.28385e+02,    9.65520e-01,    1.40324e+02,    3.42556e-02,    2.44135e+01,    4.17728e-03,    2.80386e+01,    1.12797e-02,    1.08404e+01,    1.29397e-03,    1.18687e+01,    1.64097e-03,              3,              0,       1 meters
  10/05/2018 13:51:52.726,    1.88299e+00,    1.07067e-03,    1.88299e+00,    1.07067e-03,   -1.00000e-02,    1.09731e-18,    2.61346e+04,    5.13062e+01,    4.13755e+02,    1.14110e+00,    1.93352e+00,    1.10026e-03,    4.24859e+02,    1.18705e+00,    1.40324e+02,    3.72663e-02,    2.44274e+01,    4.28006e-03,    2.80756e+01,    1.22516e-02,    1.08389e+01,    1.71261e-03,    1.18697e+01,    2.53263e-03,              3,              0,       1 meters
  10/05/2018 13:52:02.687,    1.88250e+00,    6.21176e-04,    1.88250e+00,    6.21176e-04,   -1.00000e-02,    1.09731e-18,    2.58568e+04,    1.55835e+02,    4.11328e+02,    5.63132e-01,    1.93247e+00,    6.80320e-04,    4.22246e+02,    6.43956e-01,    1.40326e+02,    3.61225e-02,    2.44413e+01,    4.11641e-03,    2.81138e+01,    1.01201e-02,    1.08404e+01,    1.29157e-03,    1.18686e+01,    2.29560e-03,              3,              0,       1 meters
  10/05/2018 13:52:12.640,    1.88324e+00,    7.38640e-04,    1.88324e+00,    7.38640e-04,   -1.00000e-02,    1.09731e-18,    2.56663e+04,    5.11264e+01,    4.09672e+02,    5.25101e-01,    1.93285e+00,    7.12871e-04,    4.20464e+02,    5.33054e-01,    1.40321e+02,    3.72419e-02,    2.44550e+01,    4.11398e-03,    2.81475e+01,    9.82298e-03,    1.08391e+01,    2.27369e-03,    1.18698e+01,    2.73036e-03,              3,              0,       1 meters
  10/05/2018 13:52:22.596,    1.88497e+00,    1.29196e-03,    1.88497e+00,    1.29196e-03,   -1.00000e-02,    1.09731e-18,    2.59323e+04,    1.29001e+02,    4.08582e+02,    2.56606e-01,    1.93515e+00,    1.56471e-03,    4.19459e+02,    2.25368e-01,    1.40321e+02,    3.75379e-02,    2.44687e+01,    4.19684e-03,    2.81865e+01,    1.37077e-02,    1.08401e+01,    1.70192e-03,    1.18693e+01,    1.32561e-03,              3,              0,       1 meters
  10/05/2018 13:52:32.549,    1.88661e+00,    8.46571e-04,    1.88661e+00,    8.46571e-04,   -1.00000e-02,    1.09731e-18,    2.62026e+04,    7.02563e+01,    4.08203e+02,    1.79009e-01,    1.93737e+00,    9.67461e-04,    4.19187e+02,    1.66594e-01,    1.40317e+02,    3.72362e-02,    2.44826e+01,    4.13139e-03,    2.82304e+01,    1.10478e-02,    1.08395e+01,    1.68590e-03,    1.18705e+01,    9.89660e-04,              3,              0,       1 meters
  10/05/2018 13:52:42.503,    1.89158e+00,    2.31778e-03,    1.89158e+00,    2.31778e-03,   -1.00000e-02,    1.09731e-18,    2.67215e+04,    2.39613e+02,    4.07714e+02,    3.20313e-01,    1.94352e+00,    2.83399e-03,    4.18907e+02,    2.44777e-01,    1.40320e+02,    3.88377e-02,    2.44963e+01,    4.13221e-03,    2.82668e+01,    1.18837e-02,    1.08398e+01,    1.55372e-03,    1.18695e+01,    1.33786e-03,              3,              0,       1 meters
  10/05/2018 13:52:52.463,    1.89745e+00,    1.60183e-03,    1.89745e+00,    1.60183e-03,   -1.00000e-02,    1.09731e-18,    2.74605e+04,    1.92686e+02,    4.07117e+02,    1.76192e-01,    1.95102e+00,    2.01149e-03,    4.18613e+02,    1.24287e-01,    1.40326e+02,    3.64249e-02,    2.45100e+01,    4.23161e-03,    2.83089e+01,    1.18580e-02,    1.08396e+01,    2.47855e-03,    1.18698e+01,    2.27308e-03,              3,              0,       1 meters
  10/05/2018 13:53:02.417,    1.90212e+00,    1.45217e-03,    1.90212e+00,    1.45217e-03,   -1.00000e-02,    1.09731e-18,    2.80480e+04,    1.54333e+02,    4.06741e+02,    1.94452e-01,    1.95701e+00,    1.78002e-03,    4.18478e+02,    1.65052e-01,    1.40320e+02,    4.00332e-02,    2.45238e+01,    4.11511e-03,    2.83463e+01,    1.14844e-02,    1.08398e+01,    1.95496e-03,    1.18697e+01,    1.11089e-03,              3,              0,       1 meters
  10/05/2018 13:53:12.377,    1.90721e+00,    1.98372e-03,    1.90721e+00,    1.98372e-03,   -1.00000e-02,    1.09731e-18,    2.85774e+04,    1.53602e+02,    4.06315e+02,    2.02365e-01,    1.96331e+00,    2.33975e-03,    4.18268e+02,    1.50992e-01,    1.40322e+02,    3.47679e-02,    2.45376e+01,    4.10968e-03,    2.83846e+01,    1.00565e-02,    1.08389e+01,    1.80490e-03,    1.18694e+01,    1.25067e-03,              3,              0,       1 meters
  10/05/2018 13:53:22.330,    1.91431e+00,    1.90141e-03,    1.91431e+00,    1.90141e-03,   -1.00000e-02,    1.09731e-18,    2.90457e+04,    1.02457e+02,    4.05743e+02,    1.60926e-01,    1.97157e+00,    2.12823e-03,    4.17881e+02,    1.55287e-01,    1.40319e+02,    3.92420e-02,    2.45512e+01,    4.20278e-03,    2.84181e+01,    1.02370e-02,    1.08383e+01,    1.54549e-03,    1.18696e+01,    1.59288e-03,              3,              0,       1 meters
  10/05/2018 13:53:32.284,    1.91985e+00,    2.69643e-03,    1.91985e+00,    2.69643e-03,   -1.00000e-02,    1.09731e-18,    2.93677e+04,    1.09592e+02,    4.05388e+02,    2.49653e-01,    1.97794e+00,    2.99271e-03,    4.17654e+02,    2.26185e-01,    1.40323e+02,    3.86633e-02,    2.45651e+01,    4.15309e-03,    2.84518e+01,    1.25730e-02,    1.08393e+01,    2.24866e-03,    1.18692e+01,    2.42799e-03,              3,              0,       1 meters
  10/05/2018 13:53:42.237,    1.92820e+00,    2.24911e-03,    1.92820e+00,    2.24911e-03,   -1.00000e-02,    1.09731e-18,    2.96416e+04,    7.36023e+01,    4.04895e+02,    2.30742e-01,    1.98710e+00,    2.46144e-03,    4.17263e+02,    2.28101e-01,    1.40315e+02,    3.76308e-02,    2.45787e+01,    4.16567e-03,    2.84853e+01,    9.68402e-03,    1.08387e+01,    2.62061e-03,    1.18697e+01,    1.69536e-03,              3,              0,       1 meters
  10/05/2018 13:53:52.191,    1.93320e+00,    1.58981e-03,    1.93320e+00,    1.58981e-03,   -1.00000e-02,    1.09731e-18,    2.98754e+04,    7.83969e+01,    4.04546e+02,    1.01279e-01,    1.99274e+00,    1.76429e-03,    4.17004e+02,    8.21291e-02,    1.40322e+02,    3.62710e-02,    2.45924e+01,    4.20781e-03,    2.85203e+01,    1.21731e-02,    1.08394e+01,    1.50882e-03,    1.18704e+01,    1.83329e-03,              3,              0,       1 meters
  10/05/2018 13:54:02.144,    1.93673e+00,    5.07662e-04,    1.93673e+00,    5.07662e-04,   -1.00000e-02,    1.09731e-18,    3.00669e+04,    6.61934e+01,    4.04379e+02,    1.44817e-01,    1.99677e+00,    6.26333e-04,    4.16914e+02,    1.62367e-01,    1.40321e+02,    3.96934e-02,    2.46061e+01,    4.16366e-03,    2.85557e+01,    1.17180e-02,    1.08394e+01,    1.73609e-03,    1.18690e+01,    1.88698e-03,              3,              0,       1 meters
  10/05/2018 13:54:12.097,    1.93563e+00,    9.15602e-04,    1.93563e+00,    9.15602e-04,   -1.00000e-02,    1.09731e-18,    3.02429e+04,    6.51857e+01,    4.04319e+02,    1.57760e-01,    1.99599e+00,    9.11092e-04,    4.16928e+02,    1.54382e-01,    1.40323e+02,    3.92631e-02,    2.46198e+01,    4.13754e-03,    2.85945e+01,    1.43398e-02,    1.08386e+01,    1.16590e-03,    1.18702e+01,    1.53151e-03,              3,              0,       1 meters
  10/05/2018 13:54:22.052,    1.93535e+00,    7.91050e-04,    1.93535e+00,    7.91050e-04,   -1.00000e-02,    1.09731e-18,    3.04007e+04,    5.62075e+01,    4.04326e+02,    9.67954e-02,    1.99603e+00,    9.03648e-04,    4.17003e+02,    1.08280e-01,    1.40322e+02,    3.63244e-02,    2.46336e+01,    4.20401e-03,    2.86426e+01,    1.36825e-02,    1.08398e+01,    1.55846e-03,    1.18695e+01,    1.98180e-03,              3,              0,       1 meters
  10/05/2018 13:54:32.005,    1.93755e+00,    1.25839e-03,    1.93755e+00,    1.25839e-03,   -1.00000e-02,    1.09731e-18,    3.05206e+04,    4.26961e+01,    4.04183e+02,    1.30114e-01,    1.99855e+00,    1.34026e-03,    4.16908e+02,    1.27657e-01,    1.40315e+02,    3.70795e-02,    2.46474e+01,    4.28555e-03,    2.86816e+01,    1.26467e-02,    1.08385e+01,    1.51738e-03,    1.18699e+01,    1.85290e-03,              3,              0,       1 meters
  10/05/2018 13:54:41.958,    1.94257e+00,    2.00271e-03,    1.94257e+00,    2.00271e-03,   -1.00000e-02,    1.09731e-18,    3.06179e+04,    3.64137e+01,    4.03791e+02,    1.47930e-01,    2.00393e+00,    2.11963e-03,    4.16545e+02,    1.53017e-01,    1.40320e+02,    3.76004e-02,    2.46615e+01,    4.29621e-03,    2.87214e+01,    1.21149e-02,    1.08391e+01,    1.07179e-03,    1.18695e+01,    1.54524e-03,              3,              0,       1 meters
  10/05/2018 13:54:51.912,    1.94734e+00,    2.05849e-03,    1.94734e+00,    2.05849e-03,   -1.00000e-02,    1.09731e-18,    3.06920e+04,    2.44561e+01,    4.03540e+02,    1.38470e-01,    2.00900e+00,    2.15136e-03,    4.16318e+02,    1.40208e-01,    1.40319e+02,    3.70631e-02,    2.46756e+01,    4.26220e-03,    2.87555e+01,    8.70860e-03,    1.08387e+01,    1.60690e-03,    1.18701e+01,    1.97724e-03,              3,              0,       1 meters
  10/05/2018 13:55:01.865,    1.95250e+00,    2.01498e-03,    1.95250e+00,    2.01498e-03,   -1.00000e-02,    1.09731e-18,    3.07332e+04,    3.64340e+01,    4.03406e+02,    1.40621e-01,    2.01441e+00,    2.11034e-03,    4.16197e+02,    1.43340e-01,    1.40319e+02,    3.80060e-02,    2.46897e+01,    4.32736e-03,    2.87889e+01,    1.02274e-02,    1.08397e+01,    1.67180e-03,    1.18691e+01,    2.03548e-03,              3,              0,       1 meters
  10/05/2018 13:55:11.818,    1.95751e+00,    2.20934e-03,    1.95751e+00,    2.20934e-03,   -1.00000e-02,    1.09731e-18,    3.07733e+04,    5.04195e+01,    4.03199e+02,    2.34445e-01,    2.01966e+00,    2.35098e-03,    4.16001e+02,    2.29881e-01,    1.40322e+02,    3.80996e-02,    2.47040e+01,    4.34824e-03,    2.88247e+01,    1.19344e-02,    1.08399e+01,    2.07474e-03,    1.18692e+01,    2.84867e-03,              3,              0,       1 meters
  10/05/2018 13:55:21.773,    1.96383e+00,    2.38009e-03,    1.96383e+00,    2.38009e-03,   -1.00000e-02,    1.09731e-18,    3.08256e+04,    4.25836e+01,    4.02952e+02,    1.67401e-01,    2.02629e+00,    2.48413e-03,    4.15768e+02,    1.64639e-01,    1.40319e+02,    3.79858e-02,    2.47185e+01,    4.44769e-03,    2.88626e+01,    1.31403e-02,    1.08393e+01,    2.09494e-03,    1.18705e+01,    2.06231e-03,              3,              0,       1 meters
  10/05/2018 13:55:31.726,    1.97191e+00,    3.34407e-03,    1.97191e+00,    3.34407e-03,   -1.00000e-02,    1.09731e-18,    3.08616e+04,    2.77520e+01,    4.02553e+02,    1.22735e-01,    2.03470e+00,    3.48654e-03,    4.15372e+02,    1.22230e-01,    1.40315e+02,    4.06645e-02,    2.47332e+01,    4.58220e-03,    2.89006e+01,    1.08372e-02,    1.08394e+01,    1.33509e-03,    1.18700e+01,    1.56081e-03,              3,              0,       1 meters
  10/05/2018 13:55:41.677,    1.98161e+00,    2.73977e-03,    1.98161e+00,    2.73977e-03,   -1.00000e-02,    1.09731e-18,    3.08828e+04,    4.06297e+01,    4.02186e+02,    1.60055e-01,    2.04476e+00,    2.88721e-03,    4.15003e+02,    1.70268e-01,    1.40322e+02,    3.52243e-02,    2.47479e+01,    4.49805e-03,    2.89305e+01,    9.67201e-03,    1.08395e+01,    1.73274e-03,    1.18694e+01,    1.34407e-03,              3,              0,       1 meters
  10/05/2018 13:55:51.631,    1.98651e+00,    1.19501e-03,    1.98651e+00,    1.19501e-03,   -1.00000e-02,    1.09731e-18,    3.09245e+04,    2.63078e+01,    4.01902e+02,    1.32955e-01,    2.04990e+00,    1.25942e-03,    4.14727e+02,    1.37787e-01,    1.40320e+02,    4.19033e-02,    2.47627e+01,    4.50205e-03,    2.89689e+01,    1.23105e-02,    1.08397e+01,    1.75201e-03,    1.18693e+01,    1.95551e-03,              3,              0,       1 meters
  10/05/2018 13:56:01.585,    1.98552e+00,    9.38929e-04,    1.98552e+00,    9.38929e-04,   -1.00000e-02,    1.09731e-18,    3.09696e+04,    1.77549e+01,    4.01841e+02,    1.37113e-01,    2.04897e+00,    9.65298e-04,    4.14684e+02,    1.44606e-01,    1.40316e+02,    3.69419e-02,    2.47777e+01,    4.62177e-03,    2.90111e+01,    1.29494e-02,    1.08402e+01,    2.07605e-03,    1.18699e+01,    1.74754e-03,              3,              0,       1 meters
  10/05/2018 13:56:11.540,    1.98389e+00,    7.88726e-04,    1.98389e+00,    7.88726e-04,   -1.00000e-02,    1.09731e-18,    3.10335e+04,    4.23222e+01,    4.02026e+02,    2.15901e-01,    2.04743e+00,    8.31861e-04,    4.14902e+02,    2.14778e-01,    1.40319e+02,    3.93088e-02,    2.47927e+01,    4.55509e-03,    2.90454e+01,    1.10677e-02,    1.08392e+01,    2.12110e-03,    1.18689e+01,    1.44575e-03,              3,              0,       1 meters
  10/05/2018 13:56:21.493,    1.98530e+00,    1.32709e-03,    1.98530e+00,    1.32709e-03,   -1.00000e-02,    1.09731e-18,    3.10338e+04,    3.10975e+01,    4.01951e+02,    1.27306e-01,    2.04888e+00,    1.37611e-03,    4.14824e+02,    1.33582e-01,    1.40315e+02,    4.02839e-02,    2.48079e+01,    4.52120e-03,    2.90800e+01,    1.10779e-02,    1.08398e+01,    2.20743e-03,    1.18701e+01,    2.16231e-03,              3,              0,       1 meters
  10/05/2018 13:56:31.447,    1.98738e+00,    1.06305e-03,    1.98738e+00,    1.06305e-03,   -1.00000e-02,    1.09731e-18,    3.10765e+04,    3.42193e+01,    4.01656e+02,    2.25253e-01,    2.05113e+00,    1.11375e-03,    4.14538e+02,    2.37046e-01,    1.40320e+02,    3.63676e-02,    2.48231e+01,    4.65936e-03,    2.91156e+01,    1.01726e-02,    1.08396e+01,    1.85808e-03,    1.18708e+01,    2.28581e-03,              3,              0,       1 meters
  10/05/2018 13:56:41.401,    1.98965e+00,    1.13480e-03,    1.98965e+00,    1.13480e-03,   -1.00000e-02,    1.09731e-18,    3.10870e+04,    4.57992e+01,    4.01599e+02,    1.52683e-01,    2.05349e+00,    1.17352e-03,    4.14484e+02,    1.57916e-01,    1.40320e+02,    3.93337e-02,    2.48384e+01,    4.64939e-03,    2.91497e+01,    1.21796e-02,    1.08397e+01,    2.31121e-03,    1.18697e+01,    9.91346e-04,              3,              0,       1 meters
  10/05/2018 13:56:51.354,    1.99303e+00,    1.16379e-03,    1.99303e+00,    1.16379e-03,   -1.00000e-02,    1.09731e-18,    3.11306e+04,    2.09233e+01,    4.01509e+02,    2.30069e-01,    2.05707e+00,    1.20164e-03,    4.14410e+02,    2.38111e-01,    1.40310e+02,    3.68821e-02,    2.48537e+01,    4.65360e-03,    2.91839e+01,    9.18812e-03,    1.08391e+01,    1.31139e-03,    1.18692e+01,    1.64137e-03,              3,              0,       1 meters
  10/05/2018 13:57:01.308,    1.99528e+00,    9.05985e-04,    1.99528e+00,    9.05985e-04,   -1.00000e-02,    1.09731e-18,    3.11205e+04,    4.35817e+01,    4.01394e+02,    1.29394e-01,    2.05937e+00,    9.44370e-04,    4.14286e+02,    1.40788e-01,    1.40319e+02,    3.52558e-02,    2.48691e+01,    4.71100e-03,    2.92129e+01,    9.17312e-03,    1.08402e+01,    2.38011e-03,    1.18695e+01,    1.53735e-03,              3,              0,       1 meters
  10/05/2018 13:57:11.261,    1.99798e+00,    1.09557e-03,    1.99798e+00,    1.09557e-03,   -1.00000e-02,    1.09731e-18,    3.11264e+04,    2.94276e+01,    4.01311e+02,    1.65545e-01,    2.06217e+00,    1.12786e-03,    4.14204e+02,    1.67457e-01,    1.40319e+02,    3.94343e-02,    2.48846e+01,    4.79375e-03,    2.92452e+01,    1.13327e-02,    1.08401e+01,    2.31603e-03,    1.18708e+01,    1.91167e-03,              3,              0,       1 meters
  10/05/2018 13:57:21.214,    2.00077e+00,    8.85236e-04,    2.00077e+00,    8.85236e-04,   -1.00000e-02,    1.09731e-18,    3.11413e+04,    2.53555e+01,    4.01111e+02,    1.88968e-01,    2.06508e+00,    9.19640e-04,    4.14004e+02,    1.96449e-01,    1.40315e+02,    3.73175e-02,    2.49004e+01,    4.71445e-03,    2.92825e+01,    1.11387e-02,    1.08382e+01,    1.36951e-03,    1.18697e+01,    2.32469e-03,              3,              0,       1 meters
  10/05/2018 13:57:31.167,    2.00363e+00,    1.89145e-03,    2.00363e+00,    1.89145e-03,   -1.00000e-02,    1.09731e-18,    3.11556e+04,    3.66747e+01,    4.01005e+02,    1.95730e-01,    2.06806e+00,    1.94877e-03,    4.13900e+02,    2.03350e-01,    1.40321e+02,    3.79262e-02,    2.49159e+01,    4.66333e-03,    2.93126e+01,    8.96564e-03,    1.08396e+01,    1.94976e-03,    1.18700e+01,    2.29889e-03,              3,              0,       1 meters
  10/05/2018 13:57:41.119,    2.00941e+00,    2.41285e-03,    2.00941e+00,    2.41285e-03,   -1.00000e-02,    1.09731e-18,    3.11381e+04,    3.51596e+01,    4.00681e+02,    1.91253e-01,    2.07399e+00,    2.44230e-03,    4.13559e+02,    2.01789e-01,    1.40319e+02,    3.90295e-02,    2.49313e+01,    4.73783e-03,    2.93459e+01,    1.05290e-02,    1.08394e+01,    1.29798e-03,    1.18704e+01,    2.56561e-03,              3,              0,       1 meters
  10/05/2018 13:57:51.081,    2.01494e+00,    1.27581e-03,    2.01494e+00,    1.27581e-03,   -1.00000e-02,    1.09731e-18,    3.11461e+04,    2.53052e+01,    4.00511e+02,    1.49851e-01,    2.07972e+00,    1.28718e-03,    4.13386e+02,    1.55346e-01,    1.40316e+02,    3.53233e-02,    2.49468e+01,    4.70249e-03,    2.93828e+01,    1.24846e-02,    1.08400e+01,    1.86892e-03,    1.18703e+01,    2.23981e-03,              3,              0,       1 meters
  10/05/2018 13:58:01.035,    2.01788e+00,    1.13302e-03,    2.01788e+00,    1.13302e-03,   -1.00000e-02,    1.09731e-18,    3.11337e+04,    2.70535e+01,    4.00367e+02,    2.07056e-01,    2.08273e+00,    1.13024e-03,    4.13232e+02,    2.10154e-01,    1.40319e+02,    3.57005e-02,    2.49625e+01,    4.69568e-03,    2.94171e+01,    9.63030e-03,    1.08392e+01,    1.99202e-03,    1.18700e+01,    1.10199e-03,              3,              0,       1 meters
  10/05/2018 13:58:10.988,    2.02060e+00,    1.05540e-03,    2.02060e+00,    1.05540e-03,   -1.00000e-02,    1.09731e-18,    3.11602e+04,    4.14780e+01,    4.00280e+02,    2.19391e-01,    2.08559e+00,    1.09144e-03,    4.13154e+02,    2.31181e-01,    1.40318e+02,    4.03051e-02,    2.49779e+01,    4.76650e-03,    2.94500e+01,    1.01385e-02,    1.08386e+01,    1.64593e-03,    1.18699e+01,    1.27453e-03,              3,              0,       1 meters
  10/05/2018 13:58:20.943,    2.02250e+00,    6.61248e-04,    2.02250e+00,    6.61248e-04,   -1.00000e-02,    1.09731e-18,    3.11409e+04,    2.56675e+01,    4.00169e+02,    1.60111e-01,    2.08751e+00,    7.10155e-04,    4.13031e+02,    1.64722e-01,    1.40315e+02,    3.97786e-02,    2.49935e+01,    4.68450e-03,    2.94816e+01,    1.00900e-02,    1.08400e+01,    2.11605e-03,    1.18699e+01,    2.28023e-03,              3,              0,       1 meters
  10/05/2018 13:58:30.902,    2.02393e+00,    1.03852e-03,    2.02393e+00,    1.03852e-03,   -1.00000e-02,    1.09731e-18,    3.11430e+04,    2.89141e+01,    3.99944e+02,    1.86518e-01,    2.08899e+00,    1.09695e-03,    4.12800e+02,    1.98498e-01,    1.40319e+02,    3.70582e-02,    2.50092e+01,    4.67633e-03,    2.95110e+01,    8.69652e-03,    1.08394e+01,    2.09043e-03,    1.18722e+01,    2.53668e-03,              3,              0,       1 meters
  10/05/2018 13:58:40.858,    2.02523e+00,    6.78893e-04,    2.02523e+00,    6.78893e-04,   -1.00000e-02,    1.09731e-18,    3.11512e+04,    1.88248e+01,    4.00033e+02,    1.16161e-01,    2.09035e+00,    7.01419e-04,    4.12895e+02,    1.19617e-01,    1.40313e+02,    3.98354e-02,    2.50250e+01,    4.83474e-03,    2.95443e+01,    1.02176e-02,    1.08414e+01,    8.82342e-04,    1.18711e+01,    1.67967e-03,              3,              0,       1 meters
  10/05/2018 13:58:50.814,    2.02687e+00,    7.01905e-04,    2.02687e+00,    7.01905e-04,   -1.00000e-02,    1.09731e-18,    3.11899e+04,    4.15927e+01,    3.99986e+02,    1.17207e-01,    2.09213e+00,    7.59559e-04,    4.12863e+02,    1.23854e-01,    1.40320e+02,    3.83012e-02,    2.50407e+01,    4.76358e-03,    2.95802e+01,    1.30440e-02,    1.08420e+01,    1.99253e-03,    1.18696e+01,    2.25462e-03,              3,              0,       1 meters
  10/05/2018 13:59:00.774,    2.02918e+00,    1.05519e-03,    2.02918e+00,    1.05519e-03,   -1.00000e-02,    1.09731e-18,    3.12053e+04,    3.32639e+01,    3.99699e+02,    1.65253e-01,    2.09454e+00,    1.12729e-03,    4.12573e+02,    1.67995e-01,    1.40316e+02,    3.32920e-02,    2.50569e+01,    4.93247e-03,    2.96212e+01,    1.07505e-02,    1.08420e+01,    1.91800e-03,    1.18719e+01,    1.86411e-03,              3,              0,       1 meters
  10/05/2018 13:59:10.735,    2.03122e+00,    7.66715e-04,    2.03122e+00,    7.66715e-04,   -1.00000e-02,    1.09731e-18,    3.12226e+04,    3.00854e+01,    3.99712e+02,    1.80522e-01,    2.09669e+00,    7.94692e-04,    4.12594e+02,    1.90242e-01,    1.40315e+02,    4.04729e-02,    2.50731e+01,    4.93452e-03,    2.96596e+01,    1.26243e-02,    1.08404e+01,    1.44982e-03,    1.18705e+01,    1.58918e-03,              3,              0,       1 meters
  10/05/2018 13:59:20.687,    1.99582e+00,    3.26982e-02,    1.99582e+00,    3.26982e-02,   -1.00000e-02,    1.09731e-18,    3.05602e+04,    8.38338e+02,    4.01978e+02,    2.20422e+00,    2.05877e+00,    3.54203e-02,    4.14649e+02,    1.93192e+00,    1.40320e+02,    3.48004e-02,    2.50891e+01,    4.84378e-03,    2.96875e+01,    6.36255e-03,    1.08403e+01,    2.27761e-03,    1.18715e+01,    2.33671e-03,              3,              0,       1 meters
  10/05/2018 13:59:30.641,    1.91670e+00,    1.22860e-02,    1.91670e+00,    1.22860e-02,   -1.00000e-02,    1.09731e-18,    2.71671e+04,    7.73714e+02,    4.07722e+02,    9.53815e-01,    1.97023e+00,    1.41985e-02,    4.19107e+02,    6.55898e-01,    1.40312e+02,    3.87825e-02,    2.51044e+01,    4.41214e-03,    2.97192e+01,    1.12815e-02,    1.08420e+01,    1.79987e-03,    1.18715e+01,    1.45511e-03,              3,              0,       1 meters
  10/05/2018 13:59:40.594,    1.89546e+00,    2.73556e-03,    1.89546e+00,    2.73556e-03,   -1.00000e-02,    1.09731e-18,    2.58725e+04,    1.26352e+02,    4.09422e+02,    2.86298e-01,    1.94580e+00,    3.05179e-03,    4.20296e+02,    2.49308e-01,    1.40312e+02,    3.54043e-02,    2.51201e+01,    4.86687e-03,    2.97608e+01,    1.30189e-02,    1.08426e+01,    1.29051e-03,    1.18697e+01,    2.27056e-03,              3,              0,       1 meters
  10/05/2018 13:59:50.547,    1.89172e+00,    8.01300e-04,    1.89172e+00,    8.01300e-04,   -1.00000e-02,    1.09731e-18,    2.56332e+04,    5.50588e+01,    4.09539e+02,    2.13280e-01,    1.94149e+00,    8.98124e-04,    4.20313e+02,    2.28986e-01,    1.40316e+02,    3.90562e-02,    2.51367e+01,    5.18739e-03,    2.98030e+01,    1.31910e-02,    1.08414e+01,    8.04901e-04,    1.18720e+01,    1.53374e-03,              3,              0,       1 meters
  10/05/2018 14:00:00.499,    1.89040e+00,    9.14627e-04,    1.89040e+00,    9.14627e-04,   -1.00000e-02,    1.09731e-18,    2.54516e+04,    7.04065e+01,    4.09693e+02,    1.64937e-01,    1.93977e+00,    9.81302e-04,    4.20393e+02,    1.67296e-01,    1.40311e+02,    3.99397e-02,    2.51538e+01,    5.27250e-03,    2.98411e+01,    1.07316e-02,    1.08415e+01,    1.21423e-03,    1.18707e+01,    1.69416e-03,              3,              0,       1 meters
  10/05/2018 14:00:10.455,    1.89013e+00,    5.98275e-04,    1.89013e+00,    5.98275e-04,   -1.00000e-02,    1.09731e-18,    2.53227e+04,    2.97424e+01,    4.09800e+02,    1.53415e-01,    1.93924e+00,    6.46653e-04,    4.20447e+02,    1.58254e-01,    1.40315e+02,    3.67403e-02,    2.51709e+01,    5.15524e-03,    2.98756e+01,    1.28953e-02,    1.08429e+01,    1.82095e-03,    1.18711e+01,    2.50304e-03,              3,              0,       1 meters
  10/05/2018 14:00:20.408,    1.89006e+00,    8.90616e-04,    1.89006e+00,    8.90616e-04,   -1.00000e-02,    1.09731e-18,    2.53611e+04,    2.19871e+01,    4.09751e+02,    1.30734e-01,    1.93924e+00,    9.26211e-04,    4.20413e+02,    1.32733e-01,    1.40311e+02,    4.02244e-02,    2.51883e+01,    5.31373e-03,    2.99152e+01,    1.05647e-02,    1.08430e+01,    1.51854e-03,    1.18714e+01,    1.75662e-03,              3,              0,       1 meters
  10/05/2018 14:00:30.362,    1.88985e+00,    5.13452e-04,    1.88985e+00,    5.13452e-04,   -1.00000e-02,    1.09731e-18,    2.53743e+04,    3.64595e+01,    4.09616e+02,    1.22913e-01,    1.93905e+00,    5.36203e-04,    4.20280e+02,    1.31096e-01,    1.40315e+02,    3.91377e-02,    2.52059e+01,    5.38963e-03,    2.99454e+01,    9.24441e-03,    1.08428e+01,    1.97166e-03,    1.18707e+01,    1.69207e-03,              3,              0,       1 meters
  10/05/2018 14:00:40.313,    1.89006e+00,    5.66437e-04,    1.89006e+00,    5.66437e-04,   -1.00000e-02,    1.09731e-18,    2.53980e+04,    3.60454e+01,    4.09580e+02,    1.57387e-01,    1.93931e+00,    5.80768e-04,    4.20254e+02,    1.64586e-01,    1.40313e+02,    3.67112e-02,    2.52237e+01,    5.43114e-03,    2.99817e+01,    1.09129e-02,    1.08433e+01,    1.86156e-03,    1.18700e+01,    1.16788e-03,              3,              0,       1 meters
  10/05/2018 14:00:50.270,    1.89027e+00,    8.48695e-04,    1.89027e+00,    8.48695e-04,   -1.00000e-02,    1.09731e-18,    2.53727e+04,    3.34358e+01,    4.09734e+02,    1.20585e-01,    1.93948e+00,    8.83811e-04,    4.20401e+02,    1.23283e-01,    1.40319e+02,    3.59550e-02,    2.52417e+01,    5.36642e-03,    3.00134e+01,    9.38937e-03,    1.08438e+01,    1.35454e-03,    1.18701e+01,    8.66514e-04,              3,              0,       1 meters
  10/05/2018 14:01:00.224,    1.89080e+00,    6.51559e-04,    1.89080e+00,    6.51559e-04,   -1.00000e-02,    1.09731e-18,    2.53615e+04,    3.33706e+01,    4.09788e+02,    1.58723e-01,    1.94000e+00,    6.26697e-04,    4.20451e+02,    1.64409e-01,    1.40311e+02,    3.45449e-02,    2.52595e+01,    5.26341e-03,    3.00429e+01,    6.81076e-03,    1.08431e+01,    9.71315e-04,    1.18703e+01,    1.75664e-03,              3,              0,       1 meters

-----BEGIN PGP MESSAGE-----
Version: GnuPG v1.4.11 (GNU/Linux)

jA0EAwMCKxweBqoviq5gye3k406c/esKlAafNMbj//DML7hqZVAILNErxqkX0y5B
ebN0e1gcPu9nXlxW/DlZ5AOE+A0DtDxZvElSeEJkW37L4MH29PXQZO4TebHn5fMU
E1+9iBYsOfMgEgcBD69xKfSIPQvLsVKVN3zuDVYsf15NZRL00y90HkFExRWTCPIo
4pPKjX8PjiIIPnQsL5/nYz8pT1GBqa/DZ/zhWgg6QkiMPH2d3ydXIxrykOCZRu8c
Yn06SRaIHegPM3yfWDlwVaYwh8XcL3aAWxX92drGNZ4MUR999XfmDUvRl+fTP84H
/L8+M7s8mx7VMytWRa7HCAqMY+kB1PUCH1GLMTP8F5r2B4JcExmNcmA7whBwcrGD
nyCuBXFDaKWATOdXpET2NaM4K9BqJ0JJr0qCEbEX5TAxLtE8EFQ2F4KCZAyvSS02
xENrMytOJE8varJSXTZLnb1aml2Lb4quhmU+7VN+TteAPsdyLIz3AqoMpJY2S5n3
ELkYnZlXRX+peywVt6qpHLiaYinAyl2oiSLiT21ltAsGxfZxTJCQeJx5TRlHb9YN
KA1UvY+NojAh0/e2CAOOXVGY0Z4UOokzxTJfR8qk+3a+xgcialLzAHGrLqMiPn/J
+gMvlyFCkoAfSm0eYI+03VEi3nGtI4FA8XKWQ/yuo8A/4ud9P0CkEDXW9GDVabqz
DplBZUDLtukpsBigRcQZFUHfngzocoVxBeSXKnxqkN6mzb7UUjR5OM031MfwAZSc
74QUWInWSXHhXOX/L8jIC9MpH6kll6tvvNiX7m8v1w3dPOsPk9cD5asaY4i6eo/d
j6YRMUuStJWgdXeRye16AiASuYenoDpmMbkqWL3gJ3TsAE/9LuGZP2aO5mGlcaLV
Bwxzo4eIZVJ79wF1mgjX1c0NfOhxyiSEVZO7rx0yJiTJ7vw0SBId3VVFJmvModol
rLMPCrNXSGPKcUjX0EKJhGPCHcB6cUUdXdojiZQv0lVCZNTv6adyffqVpyAao/Dd
YWZXzp87QkiNRCsIBvyHF5kQRC6kFiqJNgUwDKpxIc0fP4TfcfxzvHNu6OzT6qJv
h6/XYdpzCQdVF3ie7NtI3YWxCNVAZcSXZRcKZKqcylatY4JRh6J+fx50iSblDhCt
+zcBkpAZsf17Cgmndt2lZGfjOBbc29tWVUeoStRSHOOnYzt7S0bwiZ6Tx1xcwIVV
El65b6Yqc4LWFRnXm0+O3mUJo8qFbXRQX6A9pd/xiql7NAG3XzNBk8+RliGI53O6
ZDZwevYiLNyALSs7mX4mJ268MLXyJzMzj1kNbfna3/3LZNxSSiQ8zph4AHTH+Itt
BvGWy9UxLIMtPVCHC6Mcjct8qz69AfyBZIH7GZ6wY/gCEwqpWtvU7waZaQpXHlYn
JyIdNiLw6mWNOv3dzZSCFfzMgkdTHx7AY3hwyBFy+vu8tlP2zanqYDUelGF1oG2a
/EYxyh3el+E1pxE30n3/WjOQfZ6TyH3RqjMXuY4gCoXtBzlvlMfUutUQ8gJ4SVGj
YrE26+N8DI2280SaYxOqaPEpceMtfcyR7cfQoE2Z7VyQGnF0yRIVqKV5Yc2VzRcJ
An671leenRi9azijKxk2urJWJzlCDBkexJE+qwPRMZEaq/6YLHfoqFGr+nmbtac/
1tgnLtHRPNeTlPATL9tkllyIQuILzHXXTjQg+VDqSJE3lNx3uwGvIwPzfSA4fMdH
iu+s+VgsXbtEOtQpXZ67gL14UdmEzl+yWoCmMzBoNlsE6S6hCOrjo74O8LiAjRX4
nxHBkU6xOPOrnLncuaQQRlQpEdFIhze2EywyaccRv8TyVxLYDKDGolIpTCPWuLeh
kz6VYT3encXGIrE/VDvjHvfjiQEId5LxDF+01NeaDz2mRIoQtQm6c/ZOKKHJmVuo
58g7eShWzVO47YyyXdhYNYEMXpSP0fhUmLWLPMTr428+nyHLZs9xK3AXfeKAaOjL
UvRICVQioHyP+kALHPLrNyKFPxCHfxeulyLMQq/l6QbNHuUa7CqhqZyaYLdwBhR/
sj+/+BQEt0q7w5VDlY7Lpv9eE5t157Bhd40dyfxPfwzeaq8D24yOV1HJNUC8Eh2h
M/aH9FoSwNSXddNvHmMn8aE6CeJsqZ7HGljrTcYuS/cohKBbnKff9ofegDXdWvXo
Q+wdYIv9n5v1cDVKze3RXLEUAcBExJItLsfz/mwSbEXFWi4jjSd1W0rMzrqsFyrE
8MX4wwjWheVPwF/vZ/DkZRE40X3wTVxuDm0Tv04gL5U7qWWjAqVOrPSgovFgst9v
i/0bzGy9fVJ3qEhz3t4FWsWdDsT9sjGc27RZ9Y6q4cKhoBLByPUqH3K+xRA0iY2J
7+NdOLqSIfyTG9h6FS+Sr+1ErZGjdqJBRRpc+3H0tR141GqMIYaKRNYLmsmTA6Bd
aezYjwp5w+wMHPFbNs1V12m+RNEVie51d7W5aajf9nIIv0ZYlg0LaVAzx95+grMI
XkBDxy6FA1cMq050cwj0WvdMWRsXEiuObqftEjtkuS9WFtcDWo5yxjz7jv2OKkwd
6DCziC7cy8xtT5X4PG0tLC5WvswNOiRmat59qFt319ReUxFblKKuZSfTQA+oZnWa
qN943aydlMQJdg0X2W4HiFiAHN2NbhWt6d2DjcQyFhEvnoIFpceqeHJZP1fWoa0H
N1HpB/fH/Ho0gsKuAKQ4/kwyQ9kezsfdAG/IQaIGVMD0ia9BLuCE956mMNbsYRrA
YfevAyXkPVOsS4LUVEZGcAODYmzDVuSwi8k9KmiL3QlEGsUCcq5oR0n3JGuHK5gZ
W8LBr0MXD31uiMVJzRlKWXhnWXLa8IFD9Giv2mUK/MUn6vKNs3QZXc8QwreIBktW
q2D9Vg/H5GkOV9zibfnp17/9YyDUH2hxLoMT+Ibe+iBtFjbul9brWQGLU+EdRQcq
TPpPBIsh86bOiOTPJvG44cOVam3UfQLqEE8w5SHWZc62PDmTSfALAppkLVYhqygP
Ge/AyDop2jH0lzok5M509ByumnAE0k6Hn/RRlY4UBLnSDmP6SmaGUbKSM6CJgblr
RosvjDXnOl7Hdfa3qvIIT/n49vLdhmmlYje/29Or7TwJE+p1Qnfi+OL1egVsr2of
aUZojYUOv8D7zmoa15cSWndFcx1ERAyOOR4LI8ccOF2nmykahtq5yJ0JFfUkduDP
6clNlNi9GkDtoAZCn75bbh/JAQ4bCDVcB8iwkBLFcVugvXcXosMv4i2/QpOVb4nv
V4LQUjVxiKQLNERTiOcTPvhzVb5iRphrpYBrQHEupTsgywM1R9oqvF4UybatmP55
uD8hoWdo3NdinDde716r8RiGPhXP+jkZMkaA51Tdk7R19CyCr9OSknMT/JVD+GGz
KcxyDTUb7RiQ6byzw7S92ezTSgCgg34SlxsEbOBbbizuBXv7UkLJ6vhpRtG67VyN
YVyVuxg///mx+wCZTI23PNzQXcipWS2/V+Lm451Yy0mcb2/foP91QW+Q73qYNAd9
pW906fmLbRw/9C3osLtRIHJ128wJtMZ5l9jG31ENNTXMoZ9TxM+TMUkSkZBjcOpD
O5EPPFxvBJbMQOLeEcMErqcyn/uitU2ctTiLZzoo93Np6F948YePNkkC/xw5PoDJ
j/JSmTJP4krZPg8PuWhLxPLiCAyBy8YPTdOyaMSQhyKTb01qIkZ7PwyyHdqdRnL8
2iVw4273AO+laCl53cgZPwi7OVnUd0jarM4Vd+IlPViWLvsqPuc0XdyHC/JQBxN5
DNpbkUBxXgZvVqsSBodmkSTtQRrvWmfCGRhum9dKShb2HQE8JJanlrwuqcVumX++
9UBS9PMYkAbaBnNbv3yLkNCuNXyYWt1d2ofxzA37VXs54uXWetSo1CZe5o6brM0W
8Y0cqIhFNpOitIdhhadK567yjaU/J2eXG+Z46/jmTd3UOd9je0h3EVQYrlBvI6A8
QPqL6ZMXhl8kd58Pby+31vl9U+LIimtWj+st8mppNaWoLDML8N+xUFISmCPKKyx4
1nu//fxwTI69LKM6hz/1RmqqYAoRGI5geXNmKXmM8r9g4lW7QTSbmjTgg8yPV9ND
s0SI88WMdosRtsR9DSynw0gT/awGfO51gpxMoMFly4/5v4wDg0babtP56rcrCZe4
bJ+ur08uhJrVM83a3/dMpiMpn0jpocPi6tpXdXCJzvauzy4203nYBceQ5C4n5YF+
V7+ITP5L3t+LlHgkKZodUNiaa95wpQ4nel19YjgoceQOwq8gvmzpjqvKNFyyLRQ9
2fU/w/bM8Zao8h8GgI3tfWKxZuolx8TZL4E71oDcu2HUeG8KSK04N2xzdGdCwLL1
GPJtoWjY9PTXZeBlz2k4aAtLDUdG8N4f8fMNXNpq9OD2eFIh0yyZUWphDtj4dNJU
R0MWjPgwcrgaU5tbEzvn2wKhbWABKxP1m5Q4zL4zuzUwENE1CYVGlLCsWC1B/7Ob
slmteodbcg+e8tbeeTbLmhUEuNAULQQhJqn0lpRQd3sEXjJKOU1rJ19nwqbEWx6K
DBRj+UJHKIhYKqcCr5vNVexyJBEf/fw7+45lPSQvnidrZ9DEsVUQaLmfi+C+4KOX
SmT2Wc3mCXbSaW+aYwTloUOVOGfqTfqSRN50urTfnmXDC2S82UVZr1pFN39INAv2
ITdCHhklQpENmnMD9mu4NBmcj7XMgtJvzcLuv4giuSa4GgsWwdLtUSfdRD5f38mY
5Q9xxReeqtmEjKELUpl5+I8A0g+QWMDEnl9GKLOQdl5wsI4riFKRg3J/u19kRrwB
YSZsZZErlqi2Iwu62swqjaXmop/x36xFvCGfz0VnICJJQdYIIAYIeKMbXh9NtUUc
BvYfmJp2toKZz8Clq+S7o1rytCIs+OHegnIM7i/a+e7afujNyoJLZBp0RocPUC1A
3Tmzoia4uhKwPixgowDjZ7844BGP5xRAVmyrfZ2SvySilDgindykxT3hFo0e02Z7
iteYoJCd+TsWoFskr/XU3qlCnuDpW6bMlwz0jGsEJd3PLfkMWHH3msb7huI4+cZ+
ecdtLdPYO5U65mneVsa+9IaLDbNiiFw8yYHMrwUXjq8ufyuHcDmN3I4FyHqYSdF2
HNhm6TtLXiib9ppVDY9Q8PgFjPM3mKw3UHpG19YQR2rsh/i+d/LMeN7cJVuy32Qb
TvQEjsPyRDswof0ld4WlV4k4ZJORE+G8Aok2Z9wY9qMGJZtEJDTxYIvIJ0hbM9Mz
+TR7oDGiF5cQzh4HkX2u5L+HZYfFCmglrOMxtp2iEBEhAG4SFaeMWIF+rLBNmYNs
Tu5q5/CWGKpyiKi4HDbz376dyc7d8+kKgok7RkVPucKTXOk3KJmdcg/aAfDnDWEC
2NbVHpvs7Xt6t1IEyAIfYuBCnsKG6ZtNPp1e5c8XnhMwGLzsDLWBYB6q0WG3F7Hf
AeePvRPZjJ1osTxkh2yd9fNCJsfnJ77KdTAfhbs3UZU26PkhDv2mDosLMiZnEj1t
FanJfu25YgXh40uKHAS/x2yubSqEPQAKhpUTNNrcEAa3fvX7C1x/SsvJxzxoeyTh
HInj981/NKeejdpDdXaCJuWnL3t6SG3SssRG+A+EqAXWpPXNL0iOWDW5CuJXnR67
X63XZ/cAVnz3RFVvzH5DwmJVeQ9xCJWot1Drhddqh7ffV4RJ6w0P8x1//edttcdK
oFfCNq6BjyDkoSNvzJ1SBkBv8HMqqFypU3Bd7QPd3LAN2Kosa3VmzLsLi741xR+Z
kZhPLlqgLNnwyz4I1/+fnx4sXk9W2t6syCca3n7paPkdBaPdeJZuMST/dySF/FTb
QIe0MfDHo9QRVRkbKY1usoLzfx9jqCQU5CvNwFcsWxLYzPxD7xJ1AVZwRv23NUj9
BD2X5foJPXS0VCq/BCJLM7PtLQUlcRao+CoQp3kgR+J3L702AJoVM9GunPVk8Oeq
2igUOINsZc0VmEdbBGIuVgObsXnJfvPxt0uO5KuWD85wbAExOTg22kBfsnJIs4y4
G85WoXvMVsn1I0pIXwq+qefcdOER5Yq21LIxAtsQQGZmxci6bxZVOizjpl0v/FDM
7NaTm45c8ollc+47D5qG70NEErJzw9XSeBeFi6AGaU0dYZUW14hE4pDukFpZ1ApV
TZhBoKLSoF0pkAYq4V1vm+WEm+X0AOFBq9A46gY1jhz+ma1z7NukrunAUaW6GbJX
tqQgNTO6vAZxcGWVjUHeMHK9YJkMvoQ9kCt/3FqzQuYO0anLcSw2b1JLN2B2du63
LH8KxphEsc7UOTTxnmNxn15C2VHRvtcmO+NgTYZEIG5CajGU+YZIUlaiz0WADSF1
iaOvAfxMfmOctdVjZ5c5WYZD1It0xd+s6po84Sx//8GC4eR5UTsejZ3V9obZUINw
o6xUZ5OrghCJDjI3A6MQkb+p782dITzz++/uvu72hvyzLJ39NGcwBsIqlY8JF6xI
SReLhwRDJFbJnzYTTMWHy+cn9lRoua8HTeJi5Pcs9K4KXmia7R0BGdfNBEMmfMdt
KO15UmIZ8wY4zdW59tsZkbChLgEja5oW5GZPPgv32bZXKmdTUhMPMPJ3NYxwWQVj
Oo0C3Rw/avQXtD24H01T8y2v+ea4t5crG+V3WwaOVerLkm0zv2lMJ450GTrv4r4b
CJxO3uhpIWR7DcXW9PMYGjKTWGWtIt3A+QA9UG4BfFAA5PTYvAhHDfSY7wFt2VMo
+nryOS+7rnikr+3tEacZzH7UwZpbiEklWZqOxIiTgjcaZMWSoMYeND2BOH6XNcyE
vCi4yGSQA09+kllGidxSvQ/LWkOISNFSpaAx/s4MJBkGeT2xyQRoBEJr2cQlU7Nv
9d1DarWalUQQjegx5l6DlglQuH0t+5dY7iHymQt1dd+xpYkUovyVVwwB08UvMsks
A91sl7ZgSySoD2uvy9yxXINYKggd9Cb6OhCj6HK4VwR5e8Mvk7ppElO5PYHZRKz/
EIEAZRDFWqHERaJTuZF4/eurb0ahyNL9pM9vrjWHOWR2/VzdPhNoj7K9tomBLCpi
lZTOXUvk5D5q4i96hN6Uy62L7qDk/dbEsbHfL2kx7JBNlTfgsUlpwwMgkj+8dC7D
7Jp73WFYoOo967HvAcB/ci3dy9LsR+RQSdjlukMfm2LV1IiO70It6aWWhvKgWXlE
uYclR/mNJLHY19eIV6ybRmnYybL+7Ue6ME/VaA3RtdRW/rdBec+o4hC8TH+jG40A
xK4hPUYbM7H2BD6BHPwCAjJqIJx7623VTrxev3U1uoEKqwj2etEFMfa3WnTpNTRj
4VgnsbBUSQ//MT7Zad0dEmbNuhBF5N0+zea/BAf6idu681d08t7+lFZxcjCF5+lI
qpwFL4kDN/qI9MNH+5YI5LbYy0jeaUaDtWVssnSYzOvO5NoHkg8bw7PPxlaUzZPF
Drp4HozgF0tzyUNAuCCbj49cnqyw58s1DHA5ebwyzRWqgUYa2MTEjM8b63rpYP2W
V42Qv+FklxqYuAeV4kPbBV4T1l7Ie/0cOHKVUSutE7zXVqnChhoIyw4bWbOEZgcB
fnqANWfntMl4ZFX+1+L1KdALY+TcuBeokVrRtQW3Lm/xuH9udk+1pDwdpRsKipdu
6SW5NhFCHcWgCdBYouN5BLdJJHluWv+JKtp1y/wztjzEHmZZr0ouraMJ9d9VPTQ2
tFZy43fkMRM22BP6sOvE3OUScvzK9LOrWLk9oLKBF20ASphbdXiyJN1xMMXkvC5u
c14Hasd6J7duMUt3RpQFA4ss7SlAmW3ZXHI8wfnwljLVGt0ABjMYJKM01a9pc7mN
rmsmdH79bZ2aKyG8hmlQOKAq0crBzFY1Th4P+ZOEhfvP3HkwpuYb390ZRlHetCpP
/27h7Z5WuNOVjghltzMnyhem2oC/STXcTKoPOBWe7pXUjPo2kI4ZXEWrAiMz2lXk
Pjgyhr4YLd482yRCzEDmZBgxnfvROfeHqS5JqXssWH9wwVFtj0w5eWk3yaxu2+wl
RxPDmwy+uIywV0BI9dVrtIXOlAcaMUUHiuaVuDYDPMnK9MjsHpCsyKHBTAbRcCBK
s0dNaqpOhCF/Kj88UHbscO1wqukLAZWtDF78NQ2etfPxcaUm3/esyEvleRqgz7GB
HigCFXyxJKAw5UWXZunfsn6DewsYN2ff7Hb6UEA7XyQcnFeVlQMOZZvJmR8S3zX8
3AVtCPr1UzSyW6vBxB5ypQ/Ff1rcXkaoSfd0LgjMHVkkU3vf808LPxZ+/iW/BX3T
n7/Fy0IjbAqFMqDqqjNJ1z1MeGcRDI7G674LqYYNPakIEAgF8Xl5/AlPSnaBiyzb
1iFhHjz6IfJR9efzV3DdPu11pNBvbUXfKvXUg5011K1wpWLObGV+ztuRrzbpgyVO
cGFzVtZz5GBQjMi4kq7MOHkNXSwqd5lvwbgtsCWsMRtpZl0aAaEYtRXt2yGOAEv1
esFSi9sbGztBZC+da0sBn/cE/ZqTm+05Nu9uhf7U0Xz2Tg4nALGDA4bwF9lC94Q5
4Io3A7XI0FN3jdmRv9jWUu45w+qbszD3Hs6YuBluk/4Ra6/kIyKM5OpBKRTDz9zY
2OWIKkKWPB9t48Udph+rn6BwHxtAifYFvsWKPhqL5TYBlFJ2Tx0Me/T98J1h2Z6H
jjuNEcTvHvgD88I/A7ZjbgWEMtDW5TLwCdIk6nZaWJrz+97GHkE+H+YqORX9s28/
nIZ+vXf4iljcSY3qyorw1TeICAiA+m7ksfXygh5kYVH7LOy8uP5etOLqZyS4uQ5s
Af/cbbHzeNppLz8zOIWtPM9o7fdcnsUZFVz4LabFCy9gW7NsP8A4rFRr+4TupVFD
7D9BOfBGbGfyuqM4CZx7YtDfQsWLuogVgVMQJrZwSlW7dIez4RI1VbUCmpdeUpDt
NKEmOSF8W3zRmb/PKbsWBHFnGYkOr5oFWTIaVWK50aboSh+mKLB0kiar7VE+y3+r
tQp0dTmLhfkIiGyvEDrYooZHAOGMuudTgPAob3JbHRKFf9uo67k7NkGKweNC7N4o
ALVKKRY6mMuw+gVibL6drfvQNS81AZW04fA2P1YMb0TKgP/gZqEUGn5hv7dCnpHC
PdpsdTqapZoDEjBNVnEWP9hBmEXhJxdgBInJPou6jcbVWYW1735GJU4X7mioiNNM
RiR/EnJtkfIl1ZTbAqesVL7jnZdeX2hF/3lt1hIItBO9TA3bVmXvb5Gc9sryfqqa
uYUK8yOSyZyUvrGrZ99t7jBh5KYE+0Oy1K34l+Rgcb+51Liy6b1W91uDnHaRNqPy
EawwPAOivfIPFg9X3eCHvwpGmss6XXgpJ8/BFBGEybdvxG73ekhvIKQ7mp15GKrX
LCZO3VnnSC3RQ/n6GysG2IM5wGMBcS+Mm1NQ5IdS8eWW+hQZH20NZbi1rF/CI5Kz
2cwwq3L0LtCrLbcl60GunoKlcwvB+n+ekgGBDcXbVw0hU+xvWX7CUhqDJlqhU43y
lPXxx5u4LP04qYTCbbwkwytYcSdynzb9NY9RQY+O3TBYQ+zUqZ/sAJg1nqEShPLU
nBxO7vaCqfEy2d9l3WaFBTOBWsl39bPk3XwGUw6qQYIV2lM089AKqDyGcbaODyd+
5BQybISS55peqnP2wuOynJyvs0/eM4paBlxqu3t5z2NoqPRDmp2GQ/AkgsIsstLc
hIxldhg5kHdhKYOoY8Xm9KsU1fLYRUvD+ALPScOHZv2xwctL1ZOhUynTbUoWgRQu
3EMtyFnCPqBb2bth3AbMZuwEWb2EdaDyDrVXWpyp0vsMQoqzMtC968ItyoZID6BX
YnGBh3SLD1h3fk+8LTFl44k+BQKU/wKyaKpzpBi0Pi4AaFPjArkk2VZ7xdfBkJuH
Z6w21X8pZAr0i8Tqyzw1xKcDACeGStj8IwmRJwSr0z/6gzdAW8nm1LQdfbTe/Rda
g11fgGyvtzdQuLHUoB2D6MSZwzPZ5NjbMqYWnoudGBfl8wNi5uvD/DoytWc66HIT
gtCq8np/DWbeHDl0zdwyHSa18HR41kaNttMPTrTo+K47S9klM5qpnl4R7vKeKH2f
Kgq2jIOV4BVX3LIivQmFHTTelZplWloA3JKrxWK1zCK52hPJtN2lYJzL62Y5RiYg
agTr5VWJnMRBFP1ra1H/CZgdFv8j5rwf/WrhdY4AqSBcvdOq5odsvTxTZKxojfBQ
bvEkcQLONXdd/g1pjaxa98Equ/RgG5bzGcZKPxxhJlbjP3nalqv8Mf9nQpXddbhR
QvNW6VZKEAa2zANrsy6HnvbzB9Ov6t7uhi6vLIIh0rBQgYrulYbrPCiiGdSzCMgf
xcNr8YnPeXIvkzmFAYkVSaRg0wNOjpbkYwukM9yPQWpGdzhflflGEZaWgNkTNPdb
LPn+NSWgpy171iaBdf0EG+aJWqtukXE+a9SnbHmmJv3khSojIpiAOCCc0xAx6VHV
LstQ1O+QP8uWHC9FjOz4q+veiy1hdP0B8H33CfxC0V8gMziLgPF49dXzKrfB80mH
YOxTLyV7edkuwFZ+ZAfgNR5veYBBFtFPaXyEoELlYMv2FBhtDpfvXLt1Fi8odxFg
iVEMrdbjDv+8XFwPQQCXNwXZoF6x6rXAVkTQJYh8BS8bYbzE74xpi/80lzCseadF
tpBygLfHLRaUi6zE8deKoZZ8ueaClbb1KwMAtT3uP0/8atKRIo6UAhKSoryZEgrb
JxRkNL0dyyQnma+hkK0DtQYARgvR5wUd6KAZnkiRvKPXACCO6N4OHOE70pc3krPz
xIf4S/222GAwBpg2ygT7zswfsg4Mc6QFzvq8vb02WNwW4GPJOTqlkl8JdnVpWllz
If26BkLXuB+Y0r0AV2XBGdsNnGfCAslEU5dTV3DerCJc14UhaeRO+CAsHA/Z0FGk
IBeVa4HyXYJgCahG/MZjznov5mfNYypttKoUQLIzmZhFHBP5bi8hYxERAaFIWPq7
Uu2MbGuhIQbwL66sDg3K3+a4ZCsBJxbw1Br1mjn29AGijRrqonUkwn8ijGqY0LGi
2oBvxAw/0vGTnZTZSkspHSDhRCCy7mmVYxLwwrMxwYcRQjr5TWoAUBF5OlilDn9X
qY+6MsqJ36it7X1SUY0kTe9xCQKgyxLQ5aXz/XO93owa1S7H2qFKE38XFYV8RWYJ
hOcel+DdPqYPRmHUVj8JGVI4FMJ2p7Xc/XGeHE02a4wqQMbVTd16TlMGcABEl8zT
uIO7faSF7xJUEawhVaOPUUE/zyIKRvUbQhLRh099pe6zlu4SGy26XfTCLh+E+eZ0
bGBmD7WjIIrDzPVKMeZwI7MUe2sQOeoD++F1uGkIFWlZiBsQ4Fi9yRpWfX8CFeol
fyv/M0VoeHOkSILccz35gPbI8HZCEF06aP7Jx9+UgIWAvj+XsK58gnsHo7Rv8/1i
8/7USOtoQYbbaU6CLRWxg7ESDkuCJDek4zIQux3+yLUGkD+OPRJqh9X98cVG4wd4
euyfkS5D+3FNCigFZY9bMHB9ucq/muzRl2yDJWMy9C1QQyE3TMBgBj+Qzg3NIziN
KaxmVkvScGKpsffGzO4s9AvbGloIP7vEs3ZPjpq1h8Z8XPUEgFkv0CVNzJS8Qikg
Ikyr8lgSfMFjfvI5a8jrFERHbz43fyFURPv601MHijQPvoEVzZyCVq9NcatBVbqp
fQwBOxTTxw4VJdqVgnDWOZ4LoDu9wuOTSOj5k4taTwyo5ZHa4porrlSXiv9zWoBX
wySEFBR+3JwHIwaHU8xBYhsob9laMBU5srq/d8w4cA8MSjh01FgQ73YX+YdEzAOr
1k4M6fyPlrXeI1uPtllz25SUbqm3K0tJdeK3pCcsPDXDe9RslGnhYQHpBWz6jy4Q
viHg6cjONa+RxVPumhrcO35OVioAlr/YQjiL+3pdCQGIBy6f5DRbFsLGSClo6YBN
pHjXzw/novX2my2hh+OxzVmvkKlpyZuNZrg73TGRszrV1gfRGjA9nMLBhsyK9WCP
z43UsYGr9KM4NFKy5rpT5HZpVrXJpBEAGzJqIrg1XZVgzphhVYd/30H3r94gw8Za
AbUcpZK5fF7XWOU8ToSSynAEYJk94QDRTQAk3KOec84/Oe9hdKUMa/m5uF4kZcfP
jtS/+8p5bskotDBLzki2kwHhEg7Z9TZkMhxgVt6NumVIQJJNvpXPyjs8ipMCFpij
EdJbFnpHzAKwIHcKi28SHr/Do3n/w86iy5Wgjn5zNrL3zNeZDYVXQHbF7xT65KGB
6axzJcgV8dkdxMrjTeI+YrU2azknuJ9QnZacAsNth/WEUHtTmAbnxUFHBHeLc2yX
yGrlcM3z5IFn/h1muxL/gIP8ttawqITVnQhFq6scG+M2FM3ZodbigJf9ot+kCMBv
RA8LEF9rD0ysiUCa3KIjvQN2B/+jFgQLqeZ8dZjHqw9ycIQvqZHMCDTGTbmcDUaY
y3ffvyLJDG0F8q0d2xDL2Sosx+y6Rw0lsEMMoREiJFcA5Jj3DmfF01tCf4DH57wC
4E6g68nYt+S4XGwjST45NUk5q/S8vYSN3YMFmZN0OnlZcRDIJFDm8VtoNpNVb03J
fJm7WnZ7Ev5THyaCF698LIayiUNu0orCzL0FggEbhmeI/akmh6rZky1UNYkRWxfs
K3JEvQmNWnQrGuC+Ez0ZMFEl3k+jiIiy5xa61ueD5o0FKpBQwc+HTNXY6dP2FVwK
9v9m9SBTZ5smowvBTjq5SIpim2Uct8YWhPCQznDbVAjAuQp8DoTa1BVUU80vgMbf
dBSBmcsGZ8nx3OBgmwPEhbh0HRGT4dvaT6jEu8bZ5M2wGtAPTTgJrSrVBpEMR3Ea
1iB14pl/kecp2zAXSMynVQryqXWxqoE11jdpaxV9V+s0C/UzFzL+wE92A3JBrPcA
8ArwWwQB5u8IBl8a6i1OLvFIKb3uKZEqz9s9HqkAL+bFyaFRrVTH5yhhssUVIxpe
qX6FoOiTZZTdmpiZkT4aqLJ/ChG0pDAd7hV3r2ekDYhHJQC7DkewjCXctViDWYdS
xrAAYZUTNILnVNIEjyppyFTeGON8jNr6HdN1pzdx8QI8ThaEY9TVDGSSiPdIlLwP
3OkgWIxPuuutzztMs20+LFxDa78fyLhbzdzUD7AGngEqbtRYJwS67N7/xyT/5asK
w9kysy1p4KjQvCTYJNnbyXiPwx7IxaB+5scoc82dolZiMoVQ4F8jg1+GxU3GC1bE
u8oSu8NMftuMkKB4Xd43U2apuk9C3iQsPoHw8h8WE48NmmpNlEF0bT340W483f/1
YDLyArOTNWBqISe662QLP3RSzLXVwATXCHtg/ZTqhh+4M5hEHJ/nje0mlE8Yq5Q3
yzcrVPRSdDXH3Y4tHA+lqon/sIUtgkgEA+Fwr2Vz662JL4iLR9nyJTwfLkISwIKN
RXHS2gtZbFnxmKs6qpac6KVSL8Nw+QTVGWkwYrg+ifGGYHRXQKoBXcBfORqkY1/5
SLuGI0EVFzcPa+jf3jhSDPuoggc+3ZLJHg8VFMaj5/3yLjwH5wqViL2avjPwykjv
wZFO9bF22LffBXNQFrkVLiUSoeZfFq35XM4juflQ0k3xISRonPQncXIFGTorWtH1
xWAQhQ3JPuCDm9ikIuMSQYW00osKYowlmJKgu/zKAl7gClxvFhmCnpYJgI+OUsWA
zFCRB2ubYvkk9zNCblncKjekTYLsZUM33P5/OdS+gFpLSac156DPNdfdmfQI0Ti5
xcfeijI1TrdGcr+Z7Zo0dFt/daD8wJtAa8WPXw+iKFUPhA8wwcXeJXxrgg9IbcgS
hlxLBNhlH4u83M7pSoVmkJzXTi2TzLeeTrxJn/AqZm/2QyFWD8K5PeNmnECto1af
9SkSEinT/O9EkauwZpe6D/hqrdXf1oXl4hywYhewvcJAYC4ulTaKbV3SyRhjvlTN
rNsxTVFELYj/96lT91MyNaqGY8xv/F24ceDdtJ1kS/xRSbhci/wd+hoj6jrjUg9m
6C5SxB3qL4WGZhDkfPNK6Js2hePbIroTo07Hd0tCLU0tuBsjRDOFyvxzgd3WF9pU
pRFYrJCR0yuL6Byl6IuOSTeVWSC1wMTmPwXOqDmXNJU5LIgBJaeaVWnbcBF7YMei
b6Tf8xnyijrt/+QHi18E5gPZpppmPYfpx9HpB75mNEjVNDvZPmy6Y7vXCJ2kTrEK
lMhoh+P493MkUSBsXeHLiDM+83mJlAaLK2+UOqAUpzxHeBzL/WFe+CQj35tW7m33
EEMNtBOEuye+iveaH1kbsVT/v+RPQ2ZZKg0eO8CASDFx67q/C9EbtNPwzNownPGx
x6mw6C7lpO1ht7bU+mkEaKC7NDV1eJxLT+nd4G+SwXCCftMNMh/j7GNYtzbrr/dl
A7anS2ul0d+sKdl+FV0MgRTPIAPMgUyYiNff7gz6SqOFUbISqqPl+NtTtmyo/Xa1
e3et1Bx2vz34NNB9w79m0CETlYkyhP7Bs/6dJsluy14Kjxg/qNhSZ1xpYGVhdh0T
GVr/J5m9QxFy57uIZgoprKKMxN4B7CnCA1rqLCNRs7JmqtZNyzXiocQ/QpDv17Dj
2o6pohyMVs9ve5rEpEY21KL0JlBn4GDRkuDi1cCoB+8XTy+NMKje+OgF8NBpiXyj
6qnBR3CHJ3S7wd8vM+CcxrzKeMRXeKIOqsh1z2IYz3giVEL0Z0FBmN+4EvhGvTno
Wm4Xoj9S3E0guaNxMFlzfF3KMOqyQMfNnCnUoxhUSXh9fz98E+m9ru2gVtQkVCVN
IeQqtUqk7MtCynp3d6CWPlvETxc9hMGP1fEmKOcKIX7qB0cR1UHCyMtAmOiwfQ+o
Sg2Bv41R2iE/pzg5XOB6sTW9olHcViMToT6FnADJG8UBo5hhILiwzN41HXb0+31y
gPtupqLltcWm0UKowH4MrmjpSm6wmYIVQeqU8Qi523mYtH6JWnXD8Vw+GeBB+ihN
7CXPo8O6y5kCLYsiCGea4cvcjFwIUKWa2io2RTHr2TtyzpYOwWs2ABebBCOwPb2m
MLgkFj5IRecPItkLO2Ld9/tBFPQooWOD8P44OKe8SA2bIK3wCAoUhD1C1n0uzHv9
zCrlkXHJlZHqCWQRE/PMYHjVIcTiuwS7NGzlSqFqh7hTyzDprMXtl/ztJv8dcVwU
VhKhhLKjDeF6JauOJ7PZ1gL9gEh8ETVYcGsqusbQCIbtTneyqdYEviJYFrxB+Dii
bzF/HIGxUKiu6cpmlBHqOQvfIpHv0rsaWOnHQHIJXbeSAQL7PTWTG1eHyEYQjc2s
CzxFeJWheTRRevlpJLTQgn7dU4+Ko7btAy+3ontbuvcTqwcmeWGCqPKZxIcSYEs0
HtDIwOhcW3T2JNmJBJMyYIwugB2EjF/ju1Bc2Oxeo6GqI7v4M2magChwuPTJxiWi
XM0znd6af4gEm//aN2yOehAKLscf2DTUUmZmYHvSuctf7lCKQqWCMGRyquZhcazW
TE2wwifnRTE1u1+gHYaDQeipNjGc98oOCSoqYya9qWiotRA2Md7ZT0Qfad71lmNj
kUDHjTn2q342omMp0U6mPl8ekp2EgVhVpHLbmJD04HxIWSafjrZqHB6F3LCwqQEV
dW/fy7I3nBtBMzzSp8y0hJy1O95npk2W+pQZU7Q14yK0S0wWoIjlH4b/qfrMluqa
/ukoXvePgjVKhDK/lxg2aJQyHe7gPv5aMlwlitRgneaG4Sf4imJNpDmZQNHApqbk
JGMo6x9yIK60Ioe65PGX+wkN57dnJSe0g6vu55/MC62fmJaXhVe1wyBMZRh8KVG/
DxM35djv62rlvPk2hvL4n9EDrcQHqUU+k3z2DihvQoGIePus77QdnZsasQMjDCDX
ynSw7hCac+PSuMb7XNH4RkdthueZYOpqaSH+KXc8SKUrv8m1DgDZNBPGkY8d12pB
ag676uvdBJKVvhrR0HPRkOkebbQNCvl2F1uJucFeLKLSL5HtaYtEPNsUz4VdV2T+
WUn6Tks6UR1OpgODUxT54+In34tZkpNYwOg+yg4+b1biSlYRoJH9qpHDYnH41gc1
7BUpjZswZqOI8pah3t6Qj1vKf4aeClr16lVl20Hs9/ZVDdZLC+GBwWMq7RdPgJpP
dqUCYy+V2kwWbRe4TjJWuK1J1QHWInSuIYqCzA5Yg4h4RMe90KPOnhnpVKHEntZf
EvsPNViMaXUd1VqPvxu1qaQTrcx3AC+xDOxBPam2BC1jpiS79FjEMfX2yH60Jtpp
Rm/Ylgfh8NU3BYLtF96IkloWIZ7kujOvWHhFGg4pxcusPnJ+7dhP4PCQNFabuAna
i/6Vx2Cc3rR7zyKSkjdGPt8uWSnVeGaAFzZNvYcAfUn0/vT8UgnvvsBN436KuO7Q
wgAJGkFP6tKV6AUlkt9nxpt5CSkvT9lfZ6Ozue/wtdwOfNcPkRft4ANSf2j6XB77
geNS3bHvrw+RpaWs0VpPELn9eU+ptAUD/989hOQfX35x/3doy97uZV4IiE+JyoBb
TFqsFkEtzqufOoJnPKclsUdDpMpTVeIaORiyPxxfHt9ym0h6rLMmVRtvbFp8bq/T
N/wG44Zn1w7j9JaA5y71wCi5Yo1S6mtxaTu8mT+D/H95X6uNZYrwYTUpb9N5TTcK
0hzGYEBiiXmmaLxOWRBIioDY91OoxJ1k/27nD/E6SMTBj5fpd3UzAb2CLo14MApB
vaqkoohzsny43nQhnt7NfOdCcQU9+I7eNGGcFcV2OhVr4zETYd4sCXtDETq11fHA
ebPld/wBJ3pBy0KCLmUPWFnKraqgIpEzthByel1KJvgVCEm68hrhRIrfDzD/Fbuv
TKduNqKehfYu5S18zl1Us4rZ57W6nTSlmotWH06spaFbPdQ61+bajjwfbSJm1Fak
mTVfAWLVqfOOciZFukcIx/lP8SbcRSCwHHpqS5Fl16BHjzzfpxO282elau11Yg78
dYVPIRObC04MQ/H8MRU+QzBwELGE0S7nFLY66dyQGD+mj7HxX2MCO4AMfh50Is05
yDixz8wi//pE2OAU96esGlY7WZ6mU2V9lRV6P02AXGuzgB5zDJB+TGcBHMB3Tdba
0HAIimat6FTZr3Ba+SpgDqqrHVDkcl2wsbLhhax17Odij+08KXZ5UqYHSFPgsirW
nNYGKySDwQCLHincjD/JUuiSiigzX/Hg68P13rQwC0hRUBABZBIL8UXCQzTjlz1h
xufHpRULhSuaEb3122g2t8v7O6CrjvZax4nMs+7/RqtmMTFmova87Ed3omrFkCUG
Kfwa2ZAHc4XSU1+iB+29QNSMN+zguRPBajmJWQwo71vmRxLBETTs1X1anDxJQ6es
LRSm8lYAYy57/vCVpdsH9GOdeN4qFkJzFqNnsMjB4hihouNjRtK76xX/DMxxeiXY
j6HxejATf2oRuaPxNNbvJhGItzV6zg/G2TWmLZA99KvhkaufgKGy/hdaIfsgwJb0
t12Bjh02XHkm5oXl4YK5ykVtyYXUsAFOkfI/ui9OW89wCZzvFpIyjWwq0ZTEytXM
sbxF/iunv2GS7MpUzSqFs05qYcWRqevcbmyxwczL5YCXS0KzDlizejuN7DCtKETp
PF3FIljodzf90SWTLoCaHQtg0U7sU4XDIdXuw0tCfRmniGJAFCIHlxLww7+6FLj8
BAiGxvPVF9Cc+Yy+A56shVYu7/dHeUPHyrTypzbWTdYEw+rwkfoqOELunoRZK3ew
54wfz0gxQOOiMBks+I977A06FBfSnGdR30Z3h3cdCT/+2cEaGzyAbVEDsjomSke5
urNDiQ4cOkbIY1JIeMjiL0o1n8JlkjgxEBU3S5c0wSoT1e1QANM0WWcC5LtD2UyB
W+VKp5XWtvZ1OZlc4CAF6WAJ/OoKYndcsu5r0DWZ/OeaUjMLuCyAWKwDP89eHYt1
f+5qxMeQuwicEGDNbYFKDLM51AqAfrvsa7lcRQFywWoZ0cx7X/B5TJSnn5MHbqX0
aNYHgr9eOpoBpxhvg8mzgbSpVyNUIGCzJLBKTgxfMBpi0wHdpcqLzcIyVknQZ4dh
X1kvpuuSDLmZTMgOkmMNCz+bdqyMi6wYN+hoyHibqF+kt4RKNCc4n7h+0/TjMOr0
7C2busobzxepT2GHjEuzdLEe6RINX/W2j1gF5VFWmJ+2v4YuQE8S5fhnDuwbXFzL
bstURH8HxDdvftReQm2cqrGMsKd3k8Jn5Gm+5FIPV0uVXESQDzEhb7X4P9wExtaL
dM8RWfYuGbUDZvfa9Nx8hbx6VR2lLPftNcz6o2fL1yaIiLs4bQT1v20Be9YosS+C
3My+BvsalR8BgsEZnB/xatMlZTqWmbY702RY6W0sCXY3HHG0kLLO4Ns9SE6CW7QO
2gjFXreqUOIuU+zhJ8ZOX+KCuyDH2ZEsIwf5OIOqobtCXQaTsmDs1Y3lUXHp58L4
JlCnF2NoJswMYIpEe1jwh3qNLpMzyxsdAikoysX52QamT0xcPCqWB9CevUipAC2l
DcAX1nJyI4TlDBSE5LKBnbNR+vHQ80MG3QqkAshoT56/NoiU2i0g+ZXcOa8h6Zpz
oQWwhurZHSObZU8le5LvGks3C3D6uIecJUBcPEXVUlhOlEt3lDEMiE9xwgCHUYuy
9mmF4IwK6ns98kMwtquq6adixCabmoJOxz0JGtBdJSYHKKIDFzrMMZ4Bdq9a4V18
aV562T4RZZrPzPYQOurDIMPRo9gBLlYiO9M1o8PiwYHf+Rex6Nh3tkHoR+qVwkfo
A5FLsq++S3ZzcARoXutlzkJqbhXIyUs93LogLWWjrOgCCkKqzeW/Bfxw2fTHciOw
39+igJYZzLVJDGIoSSnoa0d+GrBMKe+0ltRoLt+shZWEv3ILX2TObaMaeqHXM8W1
NR5kif8SEL07xEVf5tix+VOo+ShoXzpjEZ8n+AYSyqJZh1yoLo6KkuM0C9PdaJEc
M7zN21LT5rGuRQYbuXl4Ztg1ccw8XaAgKaWuaZKvkLu8Ao4sPgO7VLNNIFlirF+Z
PX9WND9TO8LtZCmgEEQHU41ERitSJ+yeUnfGLMoFQYA9e5kzxdACTzRU/EZRmDlw
hiMrf//d6BPkxgwTr1RrQwFO4mJviT/Ao+h3WwXSHBKFguAjBlzb31lLesuGs/6Y
PLrXlAFlo0DtW984bjOrysl3qT5VD8ZaNkX0RBTwX4nMDVLr4njCqIOyvDPmEoZy
xGbxWT8KpLSn5mm+RiIIM7KEm69nSog1Eo8eK0GqNvsvWKgx4lD3BIFhqAvIP0LE
/3Zf2o9gJLPYF2EVQLTyBmezWrj7J7QZSUu1NST9oshTIl8LrYanq7BEi1wobj/G
ieVkxfCp8M3Xfc94CYQhbqKASLEmyD0hquJGshcemBFPHqjZYOU/LCgs3hjVZiLr
h+AUnY2OvFImc0LjxfsBSf2KJfVV9oW9nb/1Av2hJ8byP7miXni7ScqT7OwYwzR4
4alf57T+L5yutbemobRPsoLn6YZs2pOg0HOoJUr9EWUkhwk1SVFMgQMm6qti2aEa
bToOo6rgAeONoiXQwBm+j39Y7GdRP+PKDx6Z+55Xznu51r26+ErOZj96NQ4L17fG
mluSKSnWboydigILJN4uPjgGJ+E+3XrTWpDvDKlvBg4Fv+5b/UvNUajm9uOLQDMj
yMt/TVLJf4L+pc/lAq5cBfrqBc1H66SpFyKOs1HWlF7XCerXAwi8WHByvwfjh4lj
r7Jk2YGDq15M7MzL6CGo2ilh9SmH2NzBTRxEw1YSyBTdY+hLtNeKqzZSnguaw7mf
gfLURyEd8CtpdMAqSwlP3GcLClmTL1e2RsnpVMtNd7K9FyQQlYiPXq6qrlOV+Mbn
2YW2RAxbeMEffnRtBrbpnnO2Ki1+AQshdPuewde/HHJjNlCveYlkmbLQG8l/EUnV
ob/3M0egvhPrX1lysw5mRk3ANph7ybPqyccY0085vuOOhiwpLL8o2xV8OzNNa3g9
0e9NLGxhabRLCJFMkVJBXyy1cffer4ByZf/B9IVIr3sgSfLlMFtxxGkDAZexcw4M
7YuNv75XrpUx5x4NrRAQNSxFvnzooV58oNJLAoZTtWw/kvzIEYge5SSjodXkU8hi
vDIAFcHeuRAuX+Sr/s256zbHawAnAeJ0k0gTg0JlANO7gB3CJ/7rdrm9USBAGxA1
Xua5D9/XS8+3vYfV0Ud+9RlpBEBRMc15XI8lQ8l/dTrCkDyuph+UfVOQ6WNuiePC
9o3nybL+sqzLycYQTeUKcrihLw6cefsmGYuRhct0+AFAMvhud2Nov1aKQ50lQnbH
fxc2JMFslLR3LaswPMBczjq/E8R4FQqYq9L6iAramoZCLDF5LU43kJgOaCStyGx9
XinPfpYcL7BxdKGnCsOK4XurdeDXRO0f0ccDF1GHMCCgEPMpn4o8XuLNGFRvc+Kv
drTisjn0CgZVpq2jDduCGr0x19qG7atOq7tbOTHQ4YgK1Qsc0sqxJzm23ITCjUve
1IJILYfhshvcl927cNPC1Ibr2tKLMovul+aO2wwtwft3v0WhjUpwVbvH/pvzdLuZ
j8Bd/lgniS29kWP3ZlAcZ+xRmQGjuUfZP1Bggrt0qLmExGXlMWDfly7pLUEaF7r9
A+hz4EutrVfMCSYSYIf0xJZiuDiEDEMPajzGUIl+/aCbyQk7mnmEDx6MP0i8gC7w
K1C6YwBpT1MrHlozY6fa15SQDe7WEN+wYnTrZDVN6ZNGcTiL+NPI6UyQvncIyOAt
oMMBwNL58spyADRWwfr0YZG2mwUtkVRhwYZ6YJ7YZnaZPjWnQqVt2ParcMGa/wLp
xltK6jEuGzELxwrTcfn6y81ffwJxiM49xqeetJirxmz1J+NYL0Dk8P5NSSxDz+rB
eWQS86WSd8mL3jf8MGtsPFwSKM/41BS3WDHE0xmiao/2XckEWwFCGJCEAU3cWaZg
4hVCbIhfLw3wu4As3XVg5XjZOzs8B6pD1wSNQToyU+tZRH3tFfOgp4LHgIHxI8/9
78AVdvyDJlI9wtQsV3YccogHPfwKmnkjz6loELqr1aQpqGmFah+234pxhl+zAbz5
phaagnqks35w8JkVwXWlnE5iBfwkmZFDv0pj8JlvQyFFKsXGaXfuJTbLiGstY4D8
vl75IV7Wau/R+5HszTnxZvl8SSCSQTaoyWntdhpwjPt7ryhyqN45eL8tc+cvc/aN
7vuRi2GdK+XibHQz9CWztEn07s+18js/zSwqd/T2DbMOw54LkMsnElsHwO7g7/Kp
Erxw+ZGJPI82kcNdgAiCKxjeU3vjZlzGRhgDKgufXNLs98ucI8Yu6/+u2Oodz8YW
Zkt2IjMNr2hs7SY8HVl1PkhYsUKcZI3XZ20tx8JzSA7kWj9E0OzJQ5u7gUcmt37G
PrtqUMCCMX7ZeXXYfSIOa3S1InKcE50rD4M+Zx1PFz0oSEAh4Oxg5jyM5q0P8ViI
WoNNMuLGxYzOUu7NZYyDPxySI9rYTlgk1I/ixYKsm0foKrOx9kaud3Sxv2/OQpeY
8tFmDE0r6Hck4EiBQETGwjij1mVq89dV20bjrBRK7zfRVkIpJdNHpJLvPwLDanZw
9KKae0JVWPMJl7RIjbDBqCBetvbabks3L3RlWfHjVLfU01NYTzawjrRLMyf0knRb
8mrotpNXc2qEQyRdwlflBRc8b1r6GLjILzUpGld10kdSNRccEnyUkh7QXdr1INp4
sIn9kLMNMjv2oxvnoMOid0861X0/gPXxTMIq5CAhdeK9ZjM0VvyhdxTlopAp8686
nZRyz1c/e0h05mzmWmsttrFS94H3p9dotiIEztm3hF22vzoROi9YIBD43eJDF7bl
G+KJNrVRE+4/uo//NjVbAfnsEzvq0qQAj5tH0cnYh1407k7iO9RGCO33KTNeHCLo
aYhz8xvyXbP1ttamFzzGayjYEUI8mAbL/OBeAW98+mY/ne0+ZVBdjJX6U/4STbTP
RRYa/ABazXW4phTy11cnqAbbDUTkcwZA2S/Tct/Nu7i4GKSJHd5nRRVuBjjWeDYH
RNk6qPLrDOxERukst7tP1s8upBDpJDoFj80HCKNWvbXfycQxfSsP+KuqRp7juJ7O
yQoi/P1qeGVB70AowzkeCHDldaVSgF79Xu+f/5yinYNcNDL5gnZJNY73TXc0anaQ
9xrVkjdtQBACQGrpDgVw5fyOkScol8Xkz+1GHfdBNorZPz+ZpYs9jwGJwWqVlAIC
fmMItJOkJN7riyOTpUzZctcMzK2mPnq7DwcW3JmIcZnihyHqRFVogdVot/co/mBX
TKZkPXBE9mWwCAlXMukqoTYrq9pxAIh0/0iOMXG1Qscpo94QoRS/rAgDpyS/9OKH
LT+WQ3CQR+bjeg3OAxzKGgZG1oyUnSVY/yLm6QiPjh8Yh1CgOOQBZh5NjREGI+q1
bwHGfJY7bRVsP+KS1NXrms8vWO10vfYNXGQA7g8VDGos+5ACKq573c5FCRv+430b
RYIKjFnB33SAF7YAAyrAdht+f7TxwmM5j+2xM7Kys4tA99rA/tRaGg+Y2y6jtN3+
JVRfkCRM0YVjK6xKtui2ltfNMTfNOQsMvpKqAscYMbyszdnYvRvUHNTh06cUTiwz
KkF5NT0RHYdI6/8dKAHKsGxd/UxjvQTrn/E2upiAAUtl2u4jCC7OeUXXIE06Gsas
R39fJMjLE/BVENk6qQd3UaWUooGQTaIZLw+HEsRVAKsCRpgOSF4Pxn6+aIyDa6I1
g7QVNqFKZSo0VpVnOFhlmvcYSrDcLkCNHkTNAPaWNfQdZ8h/hvf5mJfEN1I/S4hK
EoZ4hjuxxsR9L4WmOxv2TKLiGu4UArB5bA0w6um/kh20LF3syek/ELJXd3vO0inz
2olTDG0VIo6Rd/4gj8X6T9Fa4f7//OZb+HzKTGKh4nbGsuY8Hqu52zyiAPnUJSVN
fZSkBdJB+7AYWn2dnZDuDFsAGOF5NwaNOFKDh5Wwv4hMExqt4Qer/HCACe3vERAm
43D5yPiBXhswUbSGRSj13ZyKkwbMiHl5B7v6e3aTDO22G9JX3VLMC0Mr4F1lmWyG
MWV+e2tRcOZ5LXRELBeAaxR6orJ59ame0RWqIMf+wEHDJ4exVbycxu+whN4FwFGL
+cn2hAMY+GkjEzfEeeSUJ6pOCii6FVtXFyrP9HAyVdmqQbglzA9vZZmE0myfy7yE
rb57fzdXc/+bzkqRnmOrPRtCOgY8iTLKHG3SjOkNSXmP564N37LkhCWnqFZvt1NC
lD2rVRRQ6KCI3eKiKgcMGrn+UMMeXdAj6RxeBeUU5ThJjIU50y1usan8GG6qfQbw
6dpS7fk1wwGGqIx3DSASZRPsEboQw/WB63QJvft2HLSA+SFFgpWgvkp0tUR7zKSR
IaD7dMC5UC1KV8K5qVKdtGCGJNdJ8qVrPjA4qg7/37s8mUpSjhnQXT1LiV/M5sdF
HnejCkz1bGQowZ23E+LiXsRE5vfD671G2kdXOsEq1gVcReOBMB0QFJlObXFqkukC
RXZ6ubcCfMqlWiY0toehy4AvkUi7zByNuWQdWouKmCRWj4iCIy9o7nD6oMtbZe+D
dUgsDh6/CskIA21qmhek/BmQ2Fz70gE1V0kCnm5FZpyhZZoUMofN8Ub/d+bqFnF1
dpuTRDV0OZ214Wvv6s/qVvD6Sfk08/uxAi1cZiPdPjdIdl5K51lJBBpguNS7PVuh
AUDPNfnAcnkWDcfFnWEY55u36nTwDQqK6+dWhV6iKB+iemZYue2phe7wy5rau+NR
/UBdpIOwS6I4xOC4I0txsVHh3+D022SYhJ+chucPHND51/Ouz8AFMU5Iva9rh7tL
iJxEmZjME4yCbmiPJIFWS79LcGQTq0SErmd3ei3mWbOIO0Inr2VeKeRcLM1zBrka
4qjgGsLmz762MfAIyG4UEC0d0YpIIQK3wdzLKtUkW/rBn3m34Vy/aBdDc1zUk81H
rAiOEdQnbSHIQTPEpfYenn1z2WGP38EoKJcx02JQX1L51DZnIsD1MxvucxF2zDKo
dWNnAIF/T2vY+mV9teSDbR7G44McyHtgvWouNqKGYZX/84luU6KZuz/XpClWfcoD
R2mDdcyng1mlYIYDTlb53FcbWXWOmTOuTQr81pl5SB3+f5+WqRAJq9D58Nce2Osb
kauCQttC+UkII9yPBB0rzxTbmDumDcyxWMdQMOC0pvZtaFXb8E+uDP3ONfjWkWTk
p05qUYEuQNbSsaBz0gbJOCjgDQy2CvQNhZx34YO2mFRVFHqPSxe4DkJBxo2nc5cM
NSMb92Mxy5fTi1iVgf7KAjQzcqBRZGM3qxTtFWglYhMlKfH/N8J5J2i2T+qCMksA
0AUwR9ctiHFr8n8VafF68PIJIIOcthRM7CxTpg6hwSboyhGHuOQpuMCgcmW6eacD
jMX9ffN1G3GY2+HKXAV9Rlo/Ygeul5Nt+tuGdrFWh3812yyife05v4RX3UAZuBVV
QdWbehbVTOyluxcWu31gWwtk2NEW2zzcPMrJl3ogGbqYeSNexxC8ECFPVBgHfogM
LVf/XoqWyTeU/+2S4SmysF13FBXwnwb8M1GEIBAg3NENiB3uUKJKBfxbgGUqES/F
lcHASu9Z4xD2th5lLwSQPCOvCR/8uLD730oXEsLXoXN5b4ZZ2t2zxkYslgSKZ+X7
1wmqKQfRSkLsfAMnaMmNmIE41XJkfWGJ5KwhqEJcb4sBrFC1XpI5/Pov1xofCQvp
2sxXZ2UT4vOwkHbpMBFhL2iemvj5xZtGRcJZ9bSto1bNOaZQ0NAjiJHacpymQ8g2
nuJA1NferLknKHNPKfigy+OnBH/soKh+ZMZQ+gKE7j5CwHnvEnU+bkVkUboQlSMH
UCec3qqU2HORwKZJ4vCtlNfAJsdiEsRZkbrc8vjv4gBjtMz13nze17VE1Pf/i+L6
2nOiLd6x80232wXvEwJB+Nuc/q3/oUnMaK3y/WBmqgmY26UseCsu9aeSrbsF78Bd
t/q6NkaZbSY1dOj7r9CMIgqdjeqXs0Ivhl3x90PQIqJOIl77iqjRY2Hip08zdDjw
Fwa0pmCFefz12cbcMRKwuZHDzCY+msBEJPFjV6NuXY1Vt8BbtvfE7yKnY+LTh0V+
Cg/c4J4g1lwZKdeerYJpUTkC5k1vEGX3fyRlJXVk8ejSB4NBRInLtXCyz3zMDYlj
KE3nSqyunW2XoMgUVVzohXPtSABU/pXT3d4NgsDic+FQZ927WLcpVfdpY1yu9iU/
/D54jXYSXL7yVgCDhyBqj96mUcGmjGGKRrhjot2ibwGVRRIzOuH20DDIDUjiMQY2
GS/EcUrTINbn3eabtzO7M2P12oGxirYI6Y/PmvnMTl0PUcWdGKHATWHf0fK4zspR
k5CmfoiBesANAHM6Nij9lxxl2rAOa0NCUzLQEtdTdpyGi7BZtkSfbUQy0b9BzOJI
XfS11ObOcmeHjk33IRYH9h5vC0E4rNW3t/9269pGry+qjfX0JSknjGOl565pyb89
04VrIBHhJdwmokWHqW/6W8z/YgMpmA/hMl1i4wsB2tBYxNtseCwHkKLlsDNw6RBX
Qvvv/sYraFu7UEBrZ1qJ3AjwPlvmMafRRZMOZEB+UAnrDef12liHUrWsymc5r8Qn
t0Rto1EaTJzx2Y1MBRjC4JnszQ4M1MbfLAc48oG2+peOlk0bVcDGGhX3BcVmPJRr
p7uIvuTh27owrEqd40dCfaQHUuWZfuUq/lIss9ubMEjeL+AvFGISjCF/8c9ONq+G
El4b45AtsgOvgVeh2ApKKeTHkvvqkU3ROHMiM/MCStguMMa3jTggx1rfUI/JK44g
tQ1feEAFuqlnopxX/PocBSmH5kwhOE/qTwChajq5ILFTS6HCtfizB9/lLSNniEEF
qU6fojjF40Bxm6gvaCk4vmzEnWpR+OJIZARaz1GxES10VTTr/MZoFB8U+9gkC4/R
mbjmGs7BStxfUUl1IQFtY0ItEHHFCBSszOyA1yJ2EZlyiY/+/CwWdtbIDdhsRNpB
PkQdkAkJtio3Mwg/GicJSnF8aaXULw7coRPzBH/V+7f9o6LEHSs029NMcb4JJMfD
51MfqVZUUYUhpBtrg3tjkQBESUbSbHQbUK1nLqIwJqftOvcctt+VIbdw/YgEtUEg
7RQsixiNQ1ZNhFeXTS3FFBaGh/cY0R05+UiFKXzQ7y9fCeHmKW6z63nxCE1PAoq6
m/ZzxOD36PHvegJ9n62BFRfL8bYdLwYtvfamUWBMKaqv90mVCTlL1b1SPB+zIG9S
w18VG0FJEVngfWjy0a+sCTW1TidJA3TEFxxeqnOtVGfFmfVNQFRo9YZoSFljOITi
Jc1161kQK4bnhVee96YXMbGPqE+ZJ4SRyuDZJlmmqv3zaHN7td5ttuQbPgsHr5XQ
vpIuQ7eMuqQ6R9MC1hz1NBLwKVRyXFk6Td8eaY2HvqvYvf+GsXG6H7j6IkHLuhDU
CkOwQxEopUJ2VMeSJ17SAHU3vssgF8vKr5+dTz1eKsLAViaXvig8TNCy9rGCem1w
dJM1+krqePVykt/BveAp+Uz9NaVs9AAnAvuludLzjTXA6lsNtFK0uJ/KTtDOT7ro
+qqwHgRH+E4RC63o0sM+s9BzwZr61PEN8JF142dF+SxJF2Ox6d5wDlgaPMFP3B7c
oGvMllUpeBqfFm1hl/You7/sydhy8L12F55heY4GkMC3rpCcIoBmOy04rFpEqBpo
NXZzLtjTREeW59ZK2kx+KYUr+NKXzLqaUZQeo3b+jSLmZ4igemMI+mZWWtfQXnAT
bnr4VneHB/DC7etjEPgvfrP03sKTPAoSsUxlYy5O3sxYXjMughRDB+69tBqQEcMC
Ycw79gPSn2X3ToqNgCnYlNHK9nh+SkJULA0owlDONSpMvGqrP+Di0qcAw9XpHGYf
5IoNTnIlyc4o7HGxS+NmQqHbAuIKYKE2qNuUrzvdJSYSqfnXr10hYbVg/TkRtl/b
dU4b02bhfLuPB2VdNMJ/qGUKDqY0zNC0bFTUr8nZmSx6jK7IgcDpnwFTuthoKDjS
BKafCAEyUiFf9I4JOMr+SNqkjCbuj/B82DJxpZqikVaYZ1/tJTGCa+USmryx95Rd
Y/d0B4AmXMmEF3UJlWW3PqYBmE3tO2ROD+E7KcytQ78DfVGJ67at9UZN6yCdS6Jm
49wSGi4koObB4YniHbRwb/S3wY11BsO1ymgRZa+pwoDbbBT1Ih9zOHNtk7RMXyu2
ghTIME5d42uEKoS7YFIijbZKHeKzkOuh7vaxKIS4K7QUbUhr2m5dkPYw4x7KZW7F
V0EDPnl4c119uWnGjWECmY1R5QJds1PfyxvkoiLLGao0W/Ti+rubnUCS01uwpMHZ
RdRfwecKsRqXYN83BMPOlfxz5Lte8hgQHPPaU4UEr3zmMTEFda8ZwvRB83kgasE4
ngcZ7enRUzcc97izYsU9N5XClCpVLcAOhLrDPaczGMLrt9LDs3IzwWnvPU9HCMPt
YZYDnL31MK5nrZgew6CbAEfTF9y7ZScF/3NBJdtH9kxiRlx0CgCwT3WAhQOU3Ivg
CKDcJKqZq9dT86vb54tQUWT12MVjgICkS5mEWJIkI+RBMlZoCodxbpfmAmgdpa7v
icPUraJBuwRHN0+d+jKLwO77WRR2KT5xV0rva1fTLHkMy86+XGPx35J14/4W+pe+
FBzDbpkaFJqwxLYo9E8uyJO1qUMquAbhpBsH9TYbOS+rYscIvlDfh9G6JVBt7tT8
SBq/kNyDz0ej1cEW8WoYhR0EW8N5D6OUS8D3JYrLK1YT60XNcsTmHg4Z/A7glHrq
UTbHo1XXrdQDqZ0NjD6ri/18PUbHtivCweEGyd1cd0SxrJrdU+kyW2Qhm6WnbS6F
pqdYhcXvYvDQ24Jb3opI849YB92EixnfoTkGtHPjIBwxmin4zvcYdfyl6MslSLy7
5mUaaq3mpo8z16yY0/2A6ar7E24cqGQUCsNx2t2PFFoy/1ensjXa6FKNSuXkpIaw
3dTKQ58A8lg0Ku9i8hfq/UG43h2ATeTYMpxtLEC93a0Kvclkkfd6TgeV14DYlOhq
bAThL6puZi+84w/7PcYB0gYwFWTrnzXNONQabZiGkhqJMsgt7+/Wsd3zTQSA+MTn
AsR/V9MmGPttwnR2yXyCHsj4G/otJzMlSkiQxDTzzkgMLoMGXgiBRRjYodZdd6Dk
E/RsFHogQtqRvbUIWxKTeWBIJARSM2JIEAS086lxzTJiStHzJm2SEHX6ymlQf+l7
uiNgrcPFF4Q+W229X+HgaWCyBqjnO//YVdQzNzvNN5tC3LpQIwVWwo2DSI+UQSgH
tQbcBS6PEkl6O4O1bCMLSuJNNVa8e2QzgPu+rdv2+BzqpLYD42PSVKMOfb+fTrje
dnWbTH6Qng1TKkNTlPRiNEANCYa0/CVT8ruLj2B3RiiAYx9LY0io2bJ8JKuX6k8z
3QVgCmD1Jhg/iUTaGyuu9LTuHY5FUvi2IipM6w24jeLunBfjDdAls6BITOiPVd8M
KrgDa51UQshlOtkaVOwMr4iG5Kkbm0MtA9TLH9TwubCc+3pfLDuFXf10DxNC2Ors
p1LdbGuN7RpVaMZ73LBIsk11iQ1Zlg9vUWKcrEJM0bMXtbpTiffOaQlHjX8LlyjO
YOAAOa6dcSGAoL7CtA6vT5Bf62XI9NBolIx6p+joPBrIFYfQTc9kKUkDTXH0zCNE
T+fqlAqE2dFm18tz2dEOVD86Te6HGKo5GfyIhpTDG8FEse63e/lOwwZob50fhbe1
lxdwwLbyVOUxmhEHkHzcV3Ft+c7J3ndC0A6EAMsKeqDPWumV+ZMDc7s/OIIkG/GD
kkK/GZAPcbMTxsdkKvaUKBPK64LnKT/2M18dgiPvDq11ZKBtXMtCfAogoXnsLtVT
zPKnCN3ph4j5fTUHexdLBx0pDiqYNkmp5ltWsSsVCN006RQ+bz09zmbVRgW3AHHl
24vtTMSe09z1Mo7OGcShuW4rWPApRy5lW6T7EO+rb1txaSA6DzUgB1AU9ApTsOfl
ZPUaymVULtAn2xpAvi1wf+Pnb3YjUi3d6mEdi/9cxqQjfA7uGZah1fZ7pXwHCDH/
zCHtnPg5DyFji+5lGOTXIrr/ADHnvLxidgFC4KS3bsDb2oEEF+gk2Q1m+n4sY/UC
QVafkxsdcVKRSpZ9B86Mbj9XMfKF5zdIfUb9/CDx4YlBRiMDJ21j42YJdhU3CNsC
xJajLCjavaEX97b9dB/hkh7BN/l0BZp6HrK0Z5wxHXQjeoKMQ48FsP24dwpoPEz0
NHpY0yOsG9SoEnc7/EgKQmTYd6yvPA5MYfAZGMjNPtd4/xFJZjT6yyfnzYYoqnBy
iuqfLjYX+leTEWDwFG2TZWeDeF/dTNVeD8ONLu4par/haqp7Fnr21AeenayWBpl5
tMVfjLpmIlU7Gurzoc4OQ/It3cYew+m6OiBwLI0qqeVU4I3AjvLmsJq94LxEsMWf
/Nm1VJ+Dg0z/8z7SPvbnWtoHaUaBqP9waizYyj9YZQgRO56RShvAgz6YqmxM6KuD
v2nSP0ZGAUqhxACMYFp1Ju0H/RFJdlG0I4eP2i/+cid4gtQNyu/3+Joc4X3je6Jv
shjo7B52dFUde+T0p+0gYgn+ubmrV7Ab/RjtMGvD+tLqALSruif98julFPJOCY5e
XkfhlSFg/pKFynC+q95WnDZ9jaJ3V9KvGjA864Q6mnhDHTJzYD1tjSTL9C565qTI
1kIEHDPQU0DdjPiO4KqFeelBtVFeAkFo9cmRgB6cN/myXGM981YIENVYjdzpyGHV
TZYVMfWYBFrkM3e8WS84xUHn8P0UycsFPNViQy9TUJBJG8Hh8gSgFi9L7uIsaVwF
wHxN07gDId80vxop355AOAJirJwXSUpXUQep05GHEjUQVeALVtKaG94/WJoFZPWq
KhZDuX23MsT5slgw0Dz7Gx8KY+rkY6bY3sQ1mO0Vh68uco9m1nmvK+5UZDQLy8Si
n6EoA6YlMrFqcd0eBje/iAdNNJhW98Lh+MhRTnj2kC5Sx4lA/D21SVQalhCcUkcN
5pu1I/BksvT/Wlxa7oz96mBOIJ6u92laoZRQcF1CMTO+RKpuVK8+TWM0bK6cDIOS
ixXDec1hlJzuMc3TIpmw8kiMhdL+Vi8jTXRjaM301R73bh7m5zBEphv7+R0qSGAm
yyDZS3Xb397+mQRkhfpHscA8YhQ0NtchcnfTEp5gl5jQ4+FW8MJb+EyExhkxawt8
bk5YmyYByRmH4kwsiLzVeawyp7WI7w5xfZil7pKyxdEvfRcgVaQOcjaaQnQ/EMzt
QG+d9vzUP+w1OkK24icnzLynWATMSamFj26Hdn7LST+RvU03hKaz6jxggVMtP+Cw
oTNiN1dZkJnm4Fb0EVVehHibO6qHkg8UYeCjN3e8EHDIvSA+qVk+cQWmza6gG7yM
bsWT1zLQsk9TR5BZoWHF+2wc/fUpdGbNy769qWftw/akDoDOwvpP0UlVMztEqrDc
wsBO1EdPDL+f1dPiBcPR8nvSdiYb67OXliPA7nrLDr3FikblKScwZ4yF9ebfbjVS
F4uGyMwqLNpQ6aox3FeOK8NeE9eE3rhSPPDAiIPBnAfXBV/whnN2oUQi0xsS6Vuf
INIy2EE19a1eeTSjpxesmPtR4wtXvIxLpYHAXlNqsOc+gwDmMi10AjFJXWUkR+gB
Cl9agZICqp9+0Cf9BOHShScnLm2ZAORPIP9vQA9Pg8arpge+L54tQo1NTRdpcXYQ
pb39zcUuhKaVImpS/ILhTQJUPgU2HlkjRtBPvt+D28PRuUL9MO49OQx7MqIQFEAK
WeFpeM+iW4i6QhbTlbVCNJahRCR8+a+qmsOSm4jjw9DzFow0i2Vi4z60EvqBf47U
klst4r6kMVwBGt3WHpbYPj+zoCdPAKmhjXivLBykWdoA3cEecMHKEAx9OD1D00sy
BXD1BJJj1LgB28AHiAWEk3+gp/Ss+JuXa2Rx/hcbYCX0JiryMzxS29uP+UEgUOWZ
frGfIz3GQ0KicyVKETg86I4GnKXddLePSpB/c9vlnDPXTfVJ4ViOILZUdcXN6yhW
8SUiGPeeAd6wYrfK2ZQOfqHnYRk5JZKHr+plQ5hirJh23dLJWnIREs3emDzaemFZ
msucPP5B0G47aB2wNAM7px3J07V1V7yPjdluDVug1f9a4ddFfoK7ZFjyVbkdIR+t
yS5N4RCE9+bJw6D681bY2SuDhRRPg/xhc2Ye/6kB2pV4Bql7r0hy4m6aPTKLajZD
EQ4+y+ZLn9woUsdKdFXS/WLGLwnJl/DOVPqeXQGN5I+XA8edO04orobZtnQQTEdQ
Zjiu4XnqCPs1vRIsZ2UMj+FQEwFpNApZeL9zL0atSIPipJMzt5X7KavIuy/M1Xep
9CfcWZml6rGiSS3OX4pIFT6laA1q8+fmDhEPJf/P/0fWCCprn0TOXbFOq7zSAlMG
PyL08j/w1eWVChAsyZCmuS4mgqoFCv3TB4MfSnt9UxHPnMpwJjt9jSFuEVSP1EDC
YFiF3jx2ZZ6sw3JiJeV/Qtpo29mX1D9XIVFpdzGDHACCUv1bl+UoS36Ho0Jt5d/g
H8dXONeww3IofXiWZRKSx/rwU8Av5MyU+zVdZmwnr40XYPLHe/jkK3gZrOJrO/+q
vFO5PHzI+3CYvsNJXupV+tGINFUuBcwOf4JZZCCvlJuuPP/i88G9eusju8kzEQAu
UThGrgrA0j4RL42KNPJz4tFcz4dQxXjIWlHn/KF6mNHk0pqBAYPYhwXVupoxFR+8
IfJtVg0mtBEMNSL2AESxu3F8rboYg85Jk24jqL8cBIhedRNC6n0BMggzQJfrbBDj
1fqUyZTHuO8GvuhO9Krkih7yR4WYuILPFBDJJTFtotD9ys7iTuaIcpOXyBwggRnv
fFmnLXocIjA1A2SFCioWQcSBZHuj/YMUS+OunmF0bQJRcDs4cSzoOk3ugiOFgwue
N2L+ivGfwzWcUVEXueQWzCwXeyszlALj+GBStrZTNHLreQpRgk7R0Qx6gXvKg752
eJxPH73IHLzYRpCjUurkbF8MUMFbb4vgHRuCvlU0IShgSG9QLxAq/k4mJmRWri24
rJOLblHVs7vMlo+D48CbKtI18Y2ZiQo6bwARd4HsGIZnc5oHu8ECLXaiVj7xMdgH
QGef3SAMbzIXia3abTM7C9hkg1il2g4DPyuqM/6AbleqVUWuKhCC340fVZtQzJK8
7dkqZVQ1qEWqNSs2L5P0hqvqEg5OyjGz/TfvWw/BkwZkvoOwWMVNmSpMYDpkanaY
V+kOIkWMCByyURSLrmSmeG4MupRDYfXOBco+/tTF5TOdQANTUsljoY29e+4EE7Gd
irmGjBm/IcQyLkI8xYhRwrZWsYGqSfFiQydmhtRVcqSf7eJuR9WHqLW1GiWmIFO0
/n6/ywfcCMa+Q3Amn6CebBDFTbVsFD8yJrzFRLosM2lAePHgNPzyQTJOEhNXJPWf
A/SUrK4X57N/RbEySVgpe2euwOkeb12YAtSq+RKSvu1ElBwfuQRHcIHnnrir96CB
0ODVu8g/9lVRYfuNwX+HkvA1f+e/tyEgl2wC+7YMXVEe7JYGa6nv4fkwJ/HBAhuT
tFO0JQF4bWAC8bb/Bbw1APbd1uddhvl5RqirVt7u54t91++g9D6dc7FOkUO19cZ9
fRgvG03sstM2X/vX/Q3SC4VwvkrWs6F3xh1eSxVJaZozm0CTT+24iLPElX7K2X1n
F+QxeKxS1oHLz/689rQX1S7Xl905DBz0+/oBGjPwHIY/QikoGZFovOBt0uy4KmXE
xunUSmAlyjLgfx8i4PBNO1fu7iDiUdWoyzP8oBxxPO7hokdDW4uTmcA0VOis2nGu
jxNop0WkJ+YRIX+0MZ+c4UOcYOwZkk7WhJ82fYq3ezyhceEXlXMVOoOtbKbjlVJc
ucrO2BTw3/Blb6eelSvNjJbhAHa4qQdWaCNmC0k9dbTB9xd3qCv/8bM0i4kZW4Ze
8SfSkJ3MQYXDDAVTH+/JiMBDe3/13hhOUEJazjHe6/ZEgwUI+QKdmhcppB9NZzW/
S06kCCsx+ATJgXBJPgFrocLJFSzbk6qIjJ5RM44Svb28l7FopCGp02UP86pib4uf
XwiSKwdearUeaMDHOnr0jQXnDILLs0BZEXB/lguHgG9RWu9uNv015aV+c/uxnQOg
8m2D60iSf4u345tLc9mA4BbdEkRc6EcHIEFoj/RrvL1bTCVim7bw4GjDqitE0mrS
h4vEjO8CRxv86ZioHDXm19JMgbibF3V6fd/3ylr/89dgQFIhoh89/Pco7PahfgCa
W0v911iRTkGBjo+R61BXy4AFDMS5j2vydh6zMMtckQFuXC+BNTixLtZkXx33ghlv
iTaLNbTPq3cZRHqOWr/j+uy6vWxYR1V49kFcePyw4G5vnOTLo9KQt17MMNdV97aL
TPxa/4UicYu8zFqrNdFHKAYdPCzNeoc3KffkQrmqwUg+pUSYk3LnQUencwEGEamJ
xFwgYVAfGUYjPB8vNZuHgBjnwap23RXzyCkwXiRGuSqodkXvB6yt8DRJXtHLctDJ
zfr5gueZD4eTDYlA0qP/TY+hM1GrYw8qlLYRekFh5gVn1IHXEfXlJGptar1Twi5y
DnHZK5t/uzFO7lVYLRRPNdoiJfP6vLncgmxPKUx0NtfQUBRhX9EZxPlVlqdqczW9
lap4vlH+FUU6gALUA5d4ZN+SO9PliuF1Ii2OL/0eX3I5CQQf/OnBbJYeu3q1pxAe
RUq/IR1iWTNhPgRzq47A2wYW/xwznEmdpaheEp2CLd2OHEHlY6hJVbAfaLmiBJnS
C/r9ydGdSzxqcNl+YoMOgC8zRtxs6t0+ShFhwUQRbOwzisp+wUps0r0dbAZ7DFRg
vonIBxV5nZFkbMhqw/sX6KUrzcThrWk2eMB9HYQQj3QFhB4DdVM5hieOh5UuWiLD
Htm6XcRZCdWjVEEa51NnVfvTNVP6jKLC4Kz3yOFkeYglmoGkVdvyEA6m91rO7tGC
FiFIhFdKq0qnZLe3W+rj429kraLUyNUXOAHqWqoNUnWqPgyR2XClXoJUsMnAcG66
QlHkes4UJ612mjeq04jzARx3mbD4rsxq0fV68P/lj9m1CsuFTBoYfWn5bMDwK8Ze
dZhYdcC9e8Yim9HevEGU+n+1/DRlJf3pP1o8n1KLeON4IrjXMo3KSVwlpr7EBlQy
ASEYThsR5NeRzNi2xdDGKXdwdiucIqTQ4WGQfopNUATmksKiG0nozi6aAUJTMx37
qCsRIbkvOkXaMQ8ir/5oV4xzrn81jc4JtL8cAnCUupIMJdV9M2wKbIlMFCRoLUIb
36I11yAPceSfNK0oYdTPOAS2sU49Dyauez/tkW396zS5gI7RCey1acmXQY9uXMuv
rfV6glYrGzYQHdRXl0ZbRMWxPbQVqMU3GRQgGGsFfFmZ+PC3AGMHCwEYpwql0XuY
2aUL9x+k4w/HIqSU7tIR7imdIymZuD+Qoy40Em0L+x8isVqkZ5wo3zuLrJeu7jv6
PKkXcRYllKHsrltjIL1b7RYy/tMvSk9+A7T3+M+mBBrbimpBZxq1bJHR1Yk1nkUN
LjcbD2Fe2OfHpue2FhR9GgExrzgx4i0kniTl50Mat/5uWWTj3+X2ZxeLTcrosSKE
8258aisUbLxRRhSqfdV6+VC6tBrNWJE2m73ib8yPqwqFIPG3srZruy91OGM+c92m
4rit8CjPR62TzBPvXq+FcSzGOdzU23GvRXpVGQSwfMxp0+v34p1EtnDLZ/7UWPRC
0IP7yw1ifSjGrPyoVrT5giaS2jOZAD//W5Mu0mvq3Hy7zoZOLtz0UNBw8/EYBCW4
SU7zP/myBEEtoLc6Kl7VRGmnCYbV4Fl+QqYokIpCeprj3cQCuL5+rt9VhgM2ZokY
oYGW09eTmqw2fWs1OGzZ+ARvg/tx+Z0deNMccBiPwQz8ZhN0RdDvSWg4bNO1UXTb
t7kg7ehz7B60bEWd7oOMDaHvr+JV9IYPrjpyRUw2xcQWzehz6OnFDNm/0x0Pn+9y
h30dINNpSJ9cno2XyWWUbCbmp5BprD9yESyzizPUpEqTaH+ccLw0vyoXEWEtsML1
Wb6wDDoq1YFNc0iyOggsJC2pngBUZRGNcyRCy9ngiiKkwJ4l6K4iYa5PEHsiVXZ/
gVwoQDeGWS8wbPFjueLrp8cXxTzalE0WeBGJqyqQxThlmReG61rCW4IZ4AbpXNdI
Vg+sWxNVpD9aOAqSVMsCGRbMOI6+qBZG6/L9ClJFOTJrKuhdG3AYXlL97x1lD3Ae
hz29q+UtPxi/xuSsmsu9sj3JKPKk8wI/H/WswzE6I3+UnsFuREeZfHnGzMgOewww
kSo57dynxBkIRYlH7joskd6k/KswG5HlAShs5hRvtItpNYtBGffy0Kwpzv/thmhM
Qo3LWFWA+6wh4EpfFmic4iGBBMwNT8vrWycMRdhTD0sjFV283ZjMgmQRvRTxYZq2
k3eXsm90y5Le5RfSzVrwROHE9Q3c0vYEdBNwCHieNdI3hKM2NDwyQIOjlhtdeNjq
0htbdTu91bIpN74HmDkU3OSKDEXc7PV43wLjY+8CfsRumz4D2JI9dPVgZfvGcBpc
iRuf8a8Z0HwDZ7WVwU4rkYuNOGLioBZllDuDzWV3nPBEMFYdxC5gj9PqblE94/Go
xBDAtc1z4MmkhjGKUtt/0+x5IUu9EGgwzKkRZLBE1oiaZczMAVkZgIZLzKv0aNqx
ZSvh5D3AT6707WLjkvbw39Qs71c/4n3YFEhSU/24ENNECspYUIeG0UQymO8vO5AH
5VNfZepfoFIMKNJfzyzsas7JGWMmuQ1hbDvlXjt9pzHUKXyeHj0MjornW3bsuv5E
0/yhEsPGl1A6yntdzFDBFjum3/NbXCsvPvfk/875GV/kSduaRpN09DJYX+hQUHDl
h8XglB/rPLvRf+JbbIPjdfwLBpNIhupI+6V7zD8vVinge4oUF1bJMOQrTxpgdkA4
jpMTth+DYuDsb22n7lkiaUsFXjFdGnTDwtBTts1ybkG1OXLS9AieQY1O3E1+i2Pv
4Qtl1HV68uIswLO3yUNSuFi3icPCIzyO6ohYoSj6k0ETLSTeIgAUFcI8yNqrXmrp
Coj4X3kE9T80m2MlCY9TtHRmdIZX8KuEtgFdhoZrYJG1mF+MFtGk2j6El/VhRWbx
u3dFyGaIh3uNSk6pi20+L7HRdEY5SLiHK+zq+h8p26rAQWAhr8IOunlB8/P/yrcd
eVx83VlUDUT0E4M29pYFbXoC+b1tOY9vJA3xp+jw5VjtKiCwDUX0P9IJq7AGEnsU
FX1MJZ1oBcO/EMM/0EJ/N7c998ThrBlXWvB9EGkk+1/4/BXX6h/vsm6dMO85uG64
i3zihTuIi+CfIwZCAPvYXG8443sGVJAfPVW3A68smqCmdE8fjFg+wHUFzBANyHhw
qc2GrQwmk9N0871C1/Fdy6Yqxe9TICHXA2R7Giujhg6XKvAeKr3t2kNDmTuB92R0
RJDVVJ70tMdJrJxiDx+FqWuJzXqARAKWAOf2YcnMNzgoszQh9dwgisBCDCf6Kakl
vjDNvttYXYkvyGiyKFh0NTTGZQcOpyexsQIuBajovhdl8ynwcgg+UDoMItSf0cC7
aW2D9gAUEWxmrYuENce+TMawdo1JXRhdP1/RUSPL7tfzgDd50nqcpuZ4k7ETx+Dp
MtYt+KapiF7ub1vghRm+bPG1wCRqjD9cV1/ESlQsDM57jTAPIC/GaJSk/FUx//Kl
PXJmJQRqb3ZgnqafRNXxH4yQUDOT8RtA6+iIqf5llAnRcC8DeFTcx98FSTGeHLiF
mwZ1VN61US/3jPYrHpZFofR8RVw6z9THr2VG6L0K4Lf42zgH/7Gc1vdgohDnyNsO
mh+VXXimGGwCYMKFRBaQ1n938txzAq/m43Oh565HG9XehKoler7HrWKUOxWEW0hP
uZA5njdmPHIaCtbtRkVotGWCUvraDtkDt1A/XpAKE/JcOSRBDvLgItW5EHT3OGfR
ILxw+haTKHfyqLB5c9TzhManJrgkdN7SYjNyLtCsjPxm+bI4tCkBjrC1YBPH76m2
ZpcLbOLN+MRGUCatcOgm3FDmYPLFHcLCLNQX2RmqgcXxoPaw1uxtc/ix6tsF/tZ7
3EpXgSVYoT1XHvCeeMY2nDi1x+6FJdL/+Rah+f43tftdd+FU2MWTryy518X/tBnM
o/4BSzytnhhnhKlGv0Y/KFiji6zsUNQMhrsgdq/E073dxBC3SZ0HyRLeyINLHfXm
MBfPiUqYVoz/SNMDzt9Wp8Gwdx8e4oT0QLDcxAi+je4iRr9RnsDcZ9Qy3OXQKx04
MB20aOxxjwx0srjJymeZrvvjj2ablVNmvr8HD0ABbAkfvcdg88x0UDa4G91QRQKs
Sq5LW6kURmJ2hZPZo0+iiirT8RpWA35nmkjCp8s/ez5zHujfHSsP5XYotOpw6pHv
Oewi7k3yHO7Ipketc4SpW4zrhORAzPJ80KjZX3SFa4XTfCgzRjfqv8wJfmnLJ7Xn
A6dnUTjE7Ai/g8KzrTFeJY4Uy0YiLhkOX9N+oIv9O9lyKg4bFqzxX0MHT/q7SeBP
sIrj0pQKLTqiyQiwOvDsKZMMVkPl01AwJlsh45bmWBjDW/asYjmE0C4lOGuEJRSS
0GCI90OnIXB6nOYhjyvs1x7H5BtApg0moJHTEEAChl2+kAywgsvKoKW4pyv/PQWz
WZNLXcmi/VfNQVBCY/8blirRMxlQGXJH7P7tedvp4B/90QB7sbZWTPIDmPRNnFUD
h/I71olgV4U2NTF0qPTp5vwQ6pGknsjRDV860WZUVewbjqVQwtiujNSTMhC3UJ78
hlzVPjs1Ni03Fu9H1voA8XSDm09Ohf4GpAE/ysOb6nNw8nOQewBwboWOrwT8lKWC
zm00UgC2J9knsk7wxZ3eh8XwNUWY99N+4rQ4nVDRuLWIDM0i76Pws+2W50xRr4j1
xviWnLcmKhDDBW74Gomlf5ty8P5VxjoUQyIrJKxsvrg16axLWzdbZHH5KxTmHK8+
cRXqk1C78V8XWuXLWSc6QmgD+rgoOVJsQw3/00XZQQ0cHrXLDL/G7wky27e7zJCx
7KeUTF0uMqKiPm7NeVZHW6M0NnYlEfP7Jc0ZFfNFEjZ/2sx/ddUBFtbIgNzPYGio
VDbjnlWyMRrpSWrO+KHQVJUyNfxxesjvqPl+hUKPkqtmSgTTch4Dk1VCE3Dq23Md
N32FT3nhE8mP+U61OvucyLkH/6iN34dK2g2CWsOGifeZoHXba66YR9OmhZOK+SaT
b3OxjtuutFL9kpjpTEHbVXuKKGfOXY77UG5YpNQSqtInE9Eq6c9sDA5XAR25Y3cN
RMACWpyLVkP1tOQWoRi9M3mEp3Vi8SuBZKEOm/B5bqH2BpzhZeIGI1dg5xwh3Zdz
UXBW+zyDxgg2Buuhr+qIulhKC7YbdAgSvLVNQd1VPE5HJONZANcdKY80BcqT5BOQ
kQu7R4Sf8h73MRg/98VSGGcl/lCc4yUwumwQ3+27izTylBjEVybR/J+Mgbaxhe04
qQVn/3yV0dkQaEiaSiUmAuJaAs6ebJBl3Tcw0O3lLTRB3J5REN1t5FAhmWjf4a/6
a90jXXvKYqJGt3WxWdb0AuiQE6M2MPR7Wz2M/07Ic2tR8ptG1OWnT8kYg4xGnrPT
2aiSRCM61QykHW5mytTv0NegPyKWbMRFzDAsnY/BQ2joNJJgOedVyitEPwlgrRyg
nnwhIh/gRKdbJiVBuMf7xdYCtdDv/UyiMdvbrDSC21pJhzH6WywA6AnJ2Yk4+NTW
BQigE9vT6vUCrmFSsCz2tu7PW8VlhppN5TABurvOMxu2o33epxYV8V1GoHoX0XRR
qkq9ZJUjW7GXInpp86IUucIOwlb9n2nVMwybJ7YrafhCfdMv+SIIr8rCqdZuPZOn
zfYOh/7xeB/OsvF5RiU9xqry2KtelC9p9YvVEvlYoLKLw0TThaaB8QKXgX0uVwaH
DYcqUMsxxGBxrMHhVXSPTwuIgEmswLGqiWq7jMnIQ5wLJWqi72BJVDjlqCkAEoJf
fka73v2ozjZZ0TVVdVqtlNGCWbU3yLeNbqmipMe5dtn88JuLQlVhi0n5gi29uoDh
yft79uWypSm587UTB2nuqaz1FQhoJZ5/sGHFliGuC5ZsQDBrvvJt0c8DeK9bB+vE
VdceNWZe0KQ1VXeOpvodJTscRIRh57FFNHpBioZOsfd6wRB3nKVItdSEDw/Q78Nt
MfaWHr7FTCTts3GhkkGjlHmBZYyhi0zakT09DPRIbAgLbJOoQ2MAXg7Y1tSON7iC
BXb5Mchnlsqrvi0zjlzsp5z4BuFwYCWrqfF1fx5RM0Zj3JakOfLlTsm1KZEB4gGV
88pdQZEXSVx9K29pczBpeoajItvuL3ElPbhI9RP5pJHFZOrFQH3SiMQOYa6C4i1e
vu2ZW9YV54csHFfsFlebdCtcZXYvc6Rc1Ff7AsE51F5Jt1KZLVaWYSwdnyStuRfM
PEZj+XdP+/s=
=TiuK
-----END PGP MESSAGE-----
