Date/Time	Green Algae	Bluegreen	Diatoms	Cryptophyta	#5	#6	#7	Yellow substances	Total conc.	Transmission	Depth	Temp. Sample	Green Algae	Bluegreen	Diatoms	Cryptophyta	#5	#6	#7	Yellow substances	Total cell count	Trans. 700 nm	LED 3 [525 nm]	LED 4 [570 nm]	LED 5 [610 nm]	LED 6 [370 nm]	LED 7 [590 nm]	LED 8 [470 nm]	Pressure	Temp. LEDs	Temp. Sensor
date	µg/l	µg/l	µg/l	µg/l	µg/l	µg/l	µg/l	r.u.	µg/l	%	m	°C	cells/ml	cells/ml	cells/ml	cells/ml	cells/ml	cells/ml	cells/ml	r.u.	cells/ml	digits	digits	digits	digits	digits	digits	digits	bar	°C	°C
11/10/2020 11:30:16 AM	5.81	2.00	8.73	1.62	0.00	0.00	0.00	0.21	18.15	100.00	0.22	14.41	3079	1999	3928	49	0	0	0	0	9054	166.01	31.93	10.37	28.20	29.72	31.34	66.21	1.02	18.02	17.29
11/10/2020 11:30:18 AM	5.45	2.55	9.46	0.95	0.00	0.00	0.00	0.28	18.41	100.00	0.32	14.51	2888	2554	4257	28	0	0	0	0	9727	166.35	32.08	8.97	29.10	30.43	32.30	66.10	1.03	18.05	17.31
11/10/2020 11:30:21 AM	6.40	2.39	9.27	1.02	0.00	0.00	0.00	0.34	19.08	100.00	0.43	14.58	3393	2394	4171	31	0	0	0	0	9988	166.33	32.41	9.26	29.28	32.03	32.39	69.02	1.04	18.08	17.31
11/10/2020 11:30:23 AM	5.36	2.63	10.64	0.72	0.00	0.00	0.00	0.21	19.36	100.00	0.52	14.67	2842	2630	4790	22	0	0	0	0	10284	166.27	34.03	9.60	30.17	31.31	32.68	69.54	1.05	18.10	17.36
11/10/2020 11:30:26 AM	4.85	2.72	10.82	1.15	0.00	0.00	0.00	0.34	19.55	100.00	0.60	14.74	2572	2716	4870	35	0	0	0	0	10193	164.18	35.92	10.15	31.30	33.03	34.69	71.64	1.06	18.12	17.34
11/10/2020 11:30:28 AM	5.22	3.19	11.05	1.25	0.00	0.00	0.00	0.40	20.72	100.00	0.67	14.54	2768	3191	4975	38	0	0	0	0	10971	165.58	37.55	11.08	34.30	35.13	37.58	74.95	1.07	18.14	17.38
11/10/2020 11:30:30 AM	5.12	3.34	12.30	0.97	0.00	0.00	0.00	0.21	21.73	100.00	0.77	14.11	2712	3338	5535	29	0	0	0	0	11614	164.98	39.20	11.27	35.37	34.76	38.23	77.36	1.08	18.17	17.34
11/10/2020 11:30:33 AM	4.42	3.22	12.58	1.07	0.00	0.00	0.00	0.27	21.29	100.00	0.85	13.56	2344	3221	5660	32	0	0	0	0	11257	165.39	39.83	11.07	34.70	34.93	38.02	77.21	1.08	18.18	17.36
11/10/2020 11:30:35 AM	5.28	2.99	11.87	1.54	0.00	0.00	0.00	0.24	21.67	100.00	0.92	13.13	2796	2990	5341	46	0	0	0	0	11174	165.11	39.81	11.99	35.01	35.28	38.46	78.57	1.09	18.21	17.39
11/10/2020 11:30:37 AM	6.11	3.19	12.00	1.61	0.00	0.00	0.00	0.25	22.92	100.00	0.98	12.80	3239	3194	5402	48	0	0	0	0	11883	165.50	41.08	12.15	36.81	37.08	40.66	82.33	1.10	18.21	17.43
11/10/2020 11:30:40 AM	5.37	3.26	12.33	1.61	0.00	0.00	0.00	0.19	22.56	100.00	1.05	12.66	2845	3256	5547	48	0	0	0	0	11697	165.35	41.30	12.03	36.68	36.01	40.68	80.89	1.10	18.25	17.41
11/10/2020 11:30:42 AM	5.56	3.48	12.42	1.27	0.00	0.00	0.00	0.27	22.73	100.00	1.10	12.63	2947	3479	5590	38	0	0	0	0	12054	165.64	40.97	11.91	37.21	36.85	40.57	81.16	1.11	18.26	17.43
11/10/2020 11:30:45 AM	5.23	3.09	12.19	1.69	0.00	0.00	0.00	0.29	22.20	100.00	1.15	12.58	2773	3086	5484	51	0	0	0	0	11394	165.69	41.26	12.01	35.93	36.58	40.06	80.93	1.11	18.27	17.45
11/10/2020 11:30:47 AM	5.62	3.11	12.48	1.76	0.00	0.00	0.00	0.18	22.97	100.00	1.19	12.60	2979	3107	5618	53	0	0	0	0	11757	165.74	42.15	12.18	36.72	36.69	41.04	82.93	1.12	18.29	17.48
11/10/2020 11:30:49 AM	5.41	2.93	11.76	1.80	0.00	0.00	0.00	0.26	21.91	100.00	1.23	12.67	2865	2935	5294	54	0	0	0	0	11148	165.75	40.48	12.13	35.33	35.86	39.38	79.81	1.12	18.29	17.43
11/10/2020 11:30:52 AM	6.10	2.71	10.91	1.95	0.00	0.00	0.00	0.24	21.67	100.00	1.27	12.82	3234	2710	4908	58	0	0	0	0	10911	165.85	39.08	11.64	34.28	35.31	38.77	78.70	1.12	18.31	17.44
11/10/2020 11:30:54 AM	5.52	3.08	11.94	1.39	0.00	0.00	0.00	0.22	21.92	100.00	1.33	12.97	2925	3080	5371	42	0	0	0	0	11417	165.71	39.66	11.70	35.23	35.27	38.63	78.81	1.13	18.32	17.48
11/10/2020 11:30:57 AM	5.80	3.06	11.53	1.48	0.00	0.00	0.00	0.23	21.86	100.00	1.40	13.15	3072	3057	5189	44	0	0	0	0	11362	165.41	39.17	11.52	35.11	35.27	38.79	78.43	1.14	18.33	17.49
11/10/2020 11:30:59 AM	5.02	2.94	11.71	1.25	0.00	0.00	0.00	0.22	20.92	100.00	1.48	13.37	2658	2940	5272	38	0	0	0	0	10907	165.27	38.31	10.94	33.53	33.85	37.00	75.59	1.15	18.34	17.50
11/10/2020 11:31:01 AM	5.14	3.10	11.62	1.23	0.00	0.00	0.00	0.19	21.09	100.00	1.53	13.43	2725	3101	5229	37	0	0	0	0	11091	165.63	38.14	11.07	34.22	33.66	37.53	75.30	1.15	18.36	17.53
11/10/2020 11:31:04 AM	4.99	3.23	12.14	0.80	0.00	0.00	0.00	0.21	21.15	100.00	1.57	13.43	2642	3226	5463	24	0	0	0	0	11355	165.28	38.11	10.70	34.14	33.90	36.87	75.43	1.15	18.38	17.55
11/10/2020 11:31:06 AM	5.17	3.11	11.62	0.97	0.00	0.00	0.00	0.18	20.87	100.00	1.60	13.34	2737	3114	5230	29	0	0	0	0	11111	165.70	37.31	11.14	33.86	33.19	36.33	74.20	1.16	18.38	17.51
11/10/2020 11:31:08 AM	5.27	3.20	11.84	1.05	0.00	0.00	0.00	0.26	21.36	100.00	1.63	13.28	2794	3200	5328	32	0	0	0	0	11353	165.73	38.43	11.55	34.82	34.73	37.37	76.53	1.16	18.38	17.53
11/10/2020 11:31:11 AM	5.91	3.03	11.46	1.64	0.00	0.00	0.00	0.22	22.05	100.00	1.67	13.33	3132	3030	5158	49	0	0	0	0	11370	165.15	39.51	12.12	35.56	35.47	39.10	79.12	1.16	18.40	17.53
11/10/2020 11:31:13 AM	5.03	3.21	12.14	0.88	0.00	0.00	0.00	0.22	21.26	100.00	1.71	13.47	2666	3212	5461	26	0	0	0	0	11366	164.99	38.37	11.03	34.39	34.15	37.03	75.95	1.17	18.41	17.58
11/10/2020 11:31:15 AM	5.15	3.23	11.72	0.57	0.00	0.00	0.00	0.21	20.67	100.00	1.76	13.68	2730	3228	5274	17	0	0	0	0	11249	165.95	36.46	10.20	33.32	32.94	35.66	73.04	1.17	18.41	17.50
11/10/2020 11:31:18 AM	4.62	2.81	10.95	1.01	0.00	0.00	0.00	0.22	19.39	100.00	1.83	13.71	2449	2809	4927	30	0	0	0	0	10215	166.04	35.40	9.77	31.16	31.45	34.51	69.85	1.18	18.41	17.54
11/10/2020 11:31:20 AM	4.42	3.05	11.15	0.56	0.00	0.00	0.00	0.24	19.18	100.00	1.88	13.68	2345	3047	5019	17	0	0	0	0	10428	165.42	34.56	10.16	31.51	31.16	33.36	68.39	1.18	18.42	17.60
11/10/2020 11:31:23 AM	5.04	3.17	11.40	0.54	0.00	0.00	0.00	0.24	20.16	100.00	1.93	13.67	2672	3174	5130	16	0	0	0	0	10993	165.79	35.58	10.28	32.75	32.48	34.73	71.41	1.19	18.45	17.55
11/10/2020 11:31:25 AM	4.40	2.97	10.95	0.16	0.00	0.00	0.00	0.22	18.47	100.00	2.01	13.35	2331	2972	4925	5	0	0	0	0	10233	166.22	32.70	9.03	29.85	29.80	31.44	65.45	1.20	18.44	17.66
11/10/2020 11:31:27 AM	4.55	2.84	10.38	0.24	0.00	0.00	0.00	0.18	18.00	100.00	2.08	12.92	2411	2838	4669	7	0	0	0	0	9926	166.63	31.48	8.60	28.90	28.67	30.80	63.43	1.20	18.46	17.59
11/10/2020 11:31:30 AM	4.60	3.24	10.94	0.06	0.00	0.00	0.00	0.21	18.85	100.00	2.14	12.86	2436	3243	4925	2	0	0	0	0	10605	166.09	32.70	9.30	31.05	29.97	32.29	65.64	1.21	18.45	17.63
11/10/2020 11:31:32 AM	4.50	2.91	10.53	0.26	0.00	0.00	0.00	0.17	18.20	100.00	2.18	12.79	2385	2912	4739	8	0	0	0	0	10044	166.51	31.91	8.89	29.44	28.82	31.22	63.96	1.21	18.45	17.54
11/10/2020 11:31:35 AM	4.36	3.00	11.11	0.19	0.00	0.00	0.00	0.21	18.66	100.00	2.24	12.71	2311	2997	5000	6	0	0	0	0	10314	166.38	33.16	9.01	30.10	29.93	31.89	66.07	1.22	18.47	17.64
11/10/2020 11:31:37 AM	3.84	3.03	11.14	0.07	0.00	0.00	0.00	0.25	18.09	100.00	2.29	12.80	2034	3035	5015	2	0	0	0	0	10086	165.95	32.70	8.69	29.55	29.47	31.28	64.35	1.22	18.47	17.60
11/10/2020 11:31:39 AM	4.09	3.05	10.91	0.03	0.00	0.00	0.00	0.25	18.08	100.00	2.35	12.63	2168	3052	4909	1	0	0	0	0	10130	166.41	32.17	8.86	29.62	29.38	31.01	63.97	1.23	18.47	17.63
11/10/2020 11:31:42 AM	3.93	3.04	11.09	0.01	0.00	0.00	0.00	0.23	18.07	100.00	2.44	12.25	2082	3043	4992	0	0	0	0	0	10118	166.27	32.39	8.83	29.56	29.27	30.94	64.03	1.24	18.48	17.64
11/10/2020 11:31:44 AM	3.95	2.99	10.77	0.06	0.00	0.00	0.00	0.21	17.76	100.00	2.51	12.16	2091	2986	4848	2	0	0	0	0	9927	166.49	31.70	8.42	28.98	28.56	30.72	62.70	1.25	18.48	17.59
11/10/2020 11:31:46 AM	3.93	2.80	10.35	0.04	0.00	0.00	0.00	0.22	17.14	100.00	2.59	12.12	2085	2803	4659	1	0	0	0	0	9548	166.70	30.52	8.18	27.76	27.78	29.37	60.79	1.25	18.47	17.65
11/10/2020 11:31:49 AM	4.19	2.66	10.00	0.19	0.00	0.00	0.00	0.22	17.03	100.00	2.66	12.07	2219	2660	4499	6	0	0	0	0	9383	166.31	30.16	8.03	27.26	27.69	29.21	60.62	1.26	18.47	17.59
11/10/2020 11:31:51 AM	3.87	2.76	10.03	0.00	0.00	0.00	0.00	0.22	16.66	100.00	2.71	12.15	2050	2763	4513	0	0	0	0	0	9326	166.56	29.57	7.67	27.21	27.01	28.52	58.92	1.27	18.46	17.64
11/10/2020 11:31:54 AM	4.25	2.88	10.24	0.00	0.00	0.00	0.00	0.22	17.37	100.00	2.77	12.20	2253	2879	4606	0	0	0	0	0	9738	166.32	30.38	8.23	28.47	28.02	29.29	61.12	1.27	18.48	17.63
11/10/2020 11:31:56 AM	3.88	2.82	10.44	0.00	0.00	0.00	0.00	0.24	17.14	100.00	2.83	12.15	2058	2820	4698	0	0	0	0	0	9576	166.67	30.65	8.10	27.79	28.04	29.34	61.01	1.28	18.47	17.64
11/10/2020 11:31:58 AM	3.65	2.72	9.52	0.00	0.00	0.00	0.00	0.26	15.89	100.00	2.90	12.20	1933	2723	4284	0	0	0	0	0	8940	166.73	28.31	7.43	26.62	26.19	27.35	56.27	1.28	18.47	17.63
11/10/2020 11:32:01 AM	3.61	2.58	9.12	0.00	0.00	0.00	0.00	0.26	15.31	100.00	3.00	12.20	1912	2585	4102	0	0	0	0	0	8599	166.50	27.18	7.19	25.39	25.32	26.46	54.30	1.29	18.46	17.60
11/10/2020 11:32:03 AM	3.47	2.71	9.09	0.00	0.00	0.00	0.00	0.34	15.27	100.00	3.09	12.30	1839	2706	4093	0	0	0	0	0	8637	166.64	27.40	7.12	26.05	26.05	26.69	54.48	1.30	18.47	17.63
11/10/2020 11:32:05 AM	4.08	2.75	9.42	0.00	0.00	0.00	0.00	0.25	16.25	100.00	3.15	12.47	2163	2749	4240	0	0	0	0	0	9152	166.75	28.31	7.84	27.06	26.61	27.60	57.20	1.31	18.46	17.61
11/10/2020 11:32:08 AM	4.14	2.83	9.62	0.00	0.00	0.00	0.00	0.27	16.59	100.00	3.23	12.41	2196	2825	4330	0	0	0	0	0	9351	166.25	28.93	8.05	27.64	27.31	28.22	58.47	1.32	18.47	17.64
11/10/2020 11:32:10 AM	3.96	2.62	9.64	0.00	0.00	0.00	0.00	0.23	16.22	100.00	3.28	12.26	2097	2622	4340	0	0	0	0	0	9059	166.58	28.61	7.29	26.23	26.42	27.66	57.51	1.32	18.45	17.63
11/10/2020 11:32:13 AM	3.37	2.62	9.30	0.00	0.00	0.00	0.00	0.28	15.29	100.00	3.33	12.29	1788	2616	4184	0	0	0	0	0	8587	166.47	27.56	7.20	25.56	25.54	26.57	54.53	1.33	18.45	17.63
11/10/2020 11:32:15 AM	3.62	2.43	7.84	0.00	0.00	0.00	0.00	0.30	13.89	100.00	3.43	12.42	1920	2425	3528	0	0	0	0	0	7873	166.73	24.15	6.30	23.69	23.44	24.19	48.99	1.34	18.45	17.64
11/10/2020 11:32:17 AM	3.42	2.39	7.81	0.00	0.00	0.00	0.00	0.29	13.62	100.00	3.48	12.41	1810	2393	3516	0	0	0	0	0	7720	166.71	23.90	6.30	23.20	23.02	23.99	48.16	1.34	18.45	17.65
11/10/2020 11:32:20 AM	3.76	2.64	8.15	0.00	0.00	0.00	0.00	0.32	14.54	100.00	3.51	12.33	1992	2637	3666	0	0	0	0	0	8294	166.80	25.16	7.06	25.28	24.52	25.25	50.99	1.34	18.45	17.69
11/10/2020 11:32:22 AM	3.31	2.33	7.46	0.00	0.00	0.00	0.00	0.31	13.10	100.00	3.56	12.26	1754	2327	3358	0	0	0	0	0	7439	166.73	23.00	6.09	22.47	22.44	23.25	46.42	1.35	18.45	17.68
11/10/2020 11:32:25 AM	3.55	2.38	7.47	0.00	0.00	0.00	0.00	0.32	13.40	100.00	3.61	12.24	1879	2385	3361	0	0	0	0	0	7625	166.69	23.22	6.23	23.05	22.88	23.58	47.26	1.35	18.44	17.59
11/10/2020 11:32:27 AM	3.29	2.43	7.81	0.00	0.00	0.00	0.00	0.34	13.54	100.00	3.66	12.23	1745	2430	3517	0	0	0	0	0	7692	166.74	23.98	6.37	23.30	23.37	24.05	48.16	1.36	18.43	17.63
11/10/2020 11:32:29 AM	3.78	2.42	7.19	0.00	0.00	0.00	0.00	0.30	13.38	100.00	3.73	12.19	2001	2416	3237	0	0	0	0	0	7654	166.71	22.68	6.25	23.28	22.58	23.39	46.65	1.37	18.43	17.68
11/10/2020 11:32:32 AM	3.38	2.28	7.06	0.00	0.00	0.00	0.00	0.29	12.72	100.00	3.85	12.10	1789	2282	3176	0	0	0	0	0	7247	166.86	21.97	6.00	21.93	21.60	22.61	44.67	1.38	18.42	17.66
11/10/2020 11:32:34 AM	3.71	2.41	7.34	0.00	0.00	0.00	0.00	0.29	13.47	100.00	3.93	12.09	1966	2414	3305	0	0	0	0	0	7685	166.99	22.99	6.20	23.24	22.68	23.62	47.06	1.38	18.42	17.64
11/10/2020 11:32:36 AM	3.65	2.41	7.28	0.00	0.00	0.00	0.00	0.32	13.34	100.00	4.01	12.18	1934	2406	3277	0	0	0	0	0	7617	166.52	22.88	6.05	23.13	22.77	23.49	46.82	1.39	18.42	17.66
11/10/2020 11:32:39 AM	3.54	2.39	7.13	0.00	0.00	0.00	0.00	0.34	13.06	100.00	4.06	12.20	1876	2394	3207	0	0	0	0	0	7477	164.85	22.46	6.05	22.77	22.50	23.23	45.90	1.40	18.41	17.68
11/10/2020 11:32:41 AM	3.55	2.41	7.22	0.00	0.00	0.00	0.00	0.34	13.18	100.00	4.11	12.19	1879	2414	3248	0	0	0	0	0	7541	166.78	22.69	6.27	23.13	22.65	23.20	46.30	1.40	18.40	17.64
11/10/2020 11:32:44 AM	3.67	2.53	7.83	0.00	0.00	0.00	0.00	0.33	14.03	100.00	4.16	12.26	1948	2532	3522	0	0	0	0	0	8001	166.61	24.31	6.79	24.50	23.91	24.32	49.39	1.41	18.40	17.66
11/10/2020 11:32:46 AM	3.85	2.51	8.40	0.00	0.00	0.00	0.00	0.30	14.75	100.00	4.23	12.31	2041	2507	3779	0	0	0	0	0	8326	166.63	25.68	6.89	24.95	24.81	25.15	52.22	1.41	18.39	17.65
11/10/2020 11:32:48 AM	3.86	2.65	9.12	0.00	0.00	0.00	0.00	0.27	15.63	100.00	4.30	12.35	2046	2652	4105	0	0	0	0	0	8803	166.81	27.49	7.37	26.56	25.91	26.28	55.28	1.42	18.38	17.66
11/10/2020 11:32:51 AM	3.84	2.48	9.17	0.00	0.00	0.00	0.00	0.26	15.48	100.00	4.35	12.38	2035	2478	4124	0	0	0	0	0	8637	167.06	27.37	7.10	25.31	25.67	26.11	55.24	1.43	18.37	17.65
11/10/2020 11:32:53 AM	4.00	2.48	8.79	0.00	0.00	0.00	0.00	0.26	15.27	100.00	4.41	12.44	2119	2485	3955	0	0	0	0	0	8559	167.10	26.59	6.89	25.30	25.23	25.65	54.07	1.43	18.37	17.61
11/10/2020 11:32:55 AM	3.34	2.48	8.59	0.00	0.00	0.00	0.00	0.32	14.42	100.00	4.45	12.47	1771	2484	3867	0	0	0	0	0	8122	166.79	25.85	6.94	24.38	24.60	25.10	51.60	1.44	18.37	17.68
11/10/2020 11:32:58 AM	3.08	2.36	8.22	0.00	0.00	0.00	0.00	0.35	13.66	100.00	4.50	12.48	1632	2357	3700	0	0	0	0	0	7689	166.87	24.78	6.46	23.09	23.79	24.14	49.32	1.44	18.36	17.68
11/10/2020 11:33:00 AM	3.10	2.21	7.69	0.00	0.00	0.00	0.00	0.33	13.00	100.00	4.55	12.53	1644	2212	3459	0	0	0	0	0	7315	166.90	23.35	5.88	21.70	22.62	23.20	46.85	1.45	18.36	17.63
11/10/2020 11:33:03 AM	3.58	2.24	7.21	0.00	0.00	0.00	0.00	0.30	13.03	100.00	4.59	12.55	1896	2239	3245	0	0	0	0	0	7380	167.09	22.48	5.86	22.20	22.23	22.67	46.07	1.45	18.33	17.64
11/10/2020 11:33:05 AM	3.37	2.17	7.30	0.00	0.00	0.00	0.00	0.31	12.84	100.00	4.63	12.52	1784	2170	3287	0	0	0	0	0	7240	166.97	22.52	5.83	21.50	22.13	22.63	45.86	1.45	18.34	17.61
11/10/2020 11:33:07 AM	3.64	2.39	7.70	0.00	0.00	0.00	0.00	0.32	13.73	100.00	4.67	12.47	1928	2393	3466	0	0	0	0	0	7787	166.73	23.84	6.39	23.52	23.40	23.81	48.58	1.46	18.33	17.65
11/10/2020 11:33:10 AM	3.75	2.41	8.01	0.00	0.00	0.00	0.00	0.32	14.16	100.00	4.73	12.49	1985	2410	3604	0	0	0	0	0	7999	166.92	24.68	6.38	24.04	24.11	24.29	50.29	1.46	18.33	17.64
11/10/2020 11:33:12 AM	4.01	2.41	8.35	0.00	0.00	0.00	0.00	0.27	14.77	100.00	4.76	12.53	2126	2407	3759	0	0	0	0	0	8292	166.56	25.53	6.65	24.59	24.60	24.81	52.28	1.47	18.30	17.68
11/10/2020 11:33:15 AM	4.00	2.38	8.26	0.00	0.00	0.00	0.00	0.27	14.64	100.00	4.80	12.52	2122	2382	3716	0	0	0	0	0	8220	166.75	25.26	6.66	24.29	24.39	24.66	51.82	1.47	18.31	17.65
11/10/2020 11:33:17 AM	3.54	2.46	8.25	0.00	0.00	0.00	0.00	0.33	14.26	100.00	4.84	12.50	1877	2464	3713	0	0	0	0	0	8055	166.65	25.21	6.57	24.35	24.41	24.62	50.82	1.47	18.29	17.66
11/10/2020 11:33:19 AM	3.39	2.45	7.98	0.00	0.00	0.00	0.00	0.37	13.82	100.00	4.89	12.50	1797	2451	3590	0	0	0	0	0	7839	166.94	24.55	6.58	24.06	24.10	23.98	49.42	1.48	18.30	17.64
11/10/2020 11:33:22 AM	3.46	2.36	7.69	0.00	0.00	0.00	0.00	0.35	13.52	100.00	4.93	12.47	1835	2365	3463	0	0	0	0	0	7662	167.03	23.77	6.36	23.19	23.41	23.61	48.20	1.48	18.29	17.65
11/10/2020 11:33:24 AM	3.63	2.30	7.83	0.00	0.00	0.00	0.00	0.33	13.76	100.00	4.98	12.47	1923	2296	3524	0	0	0	0	0	7744	166.74	24.08	6.36	23.02	23.65	23.74	49.18	1.49	18.28	17.64
11/10/2020 11:33:26 AM	3.19	2.40	7.85	0.00	0.00	0.00	0.00	0.37	13.44	100.00	5.02	12.52	1693	2401	3530	0	0	0	0	0	7624	166.72	24.03	6.54	23.20	23.54	23.79	48.19	1.49	18.27	17.64
11/10/2020 11:33:29 AM	3.69	2.30	7.20	0.00	0.00	0.00	0.00	0.33	13.18	100.00	5.07	12.55	1956	2296	3238	0	0	0	0	0	7490	166.72	22.61	6.01	22.49	22.67	23.06	46.59	1.50	18.26	17.61
11/10/2020 11:33:31 AM	3.77	2.34	7.28	0.00	0.00	0.00	0.00	0.32	13.39	100.00	5.14	12.53	1997	2342	3276	0	0	0	0	0	7615	167.01	22.87	6.29	22.97	22.89	23.24	47.17	1.50	18.25	17.66
11/10/2020 11:33:34 AM	3.66	2.29	7.11	0.00	0.00	0.00	0.00	0.34	13.06	100.00	5.20	12.47	1940	2292	3200	0	0	0	0	0	7432	166.84	22.43	5.94	22.51	22.58	22.78	46.19	1.51	18.25	17.65
11/10/2020 11:33:36 AM	3.38	2.24	6.97	0.00	0.00	0.00	0.00	0.32	12.60	100.00	5.27	12.44	1794	2239	3139	0	0	0	0	0	7171	167.22	21.84	5.79	21.83	21.73	22.23	44.55	1.52	18.24	17.63
11/10/2020 11:33:38 AM	3.25	2.18	6.33	0.00	0.00	0.00	0.00	0.32	11.75	100.00	5.34	12.42	1720	2181	2846	0	0	0	0	0	6747	166.60	20.16	5.42	20.75	20.39	21.22	41.23	1.52	18.23	17.66
11/10/2020 11:33:41 AM	3.50	2.15	5.92	0.00	0.00	0.00	0.00	0.31	11.57	100.00	5.41	12.43	1854	2148	2665	0	0	0	0	0	6667	167.18	19.27	5.19	20.36	19.86	20.89	40.13	1.53	18.22	17.66
11/10/2020 11:33:43 AM	3.56	2.17	5.72	0.00	0.00	0.00	0.00	0.35	11.46	100.00	5.49	12.42	1889	2171	2576	0	0	0	0	0	6636	166.76	18.97	5.30	20.56	20.05	20.60	39.79	1.54	18.21	17.65
11/10/2020 11:33:45 AM	3.62	2.04	6.05	0.00	0.00	0.00	0.00	0.32	11.71	100.00	5.57	12.38	1918	2035	2725	0	0	0	0	0	6678	166.14	19.58	5.15	19.88	20.29	20.90	41.15	1.55	18.21	17.63
11/10/2020 11:33:48 AM	3.03	2.15	5.86	0.00	0.00	0.00	0.00	0.37	11.04	100.00	5.65	12.24	1606	2146	2639	0	0	0	0	0	6391	166.79	19.01	5.15	19.95	19.71	20.44	38.84	1.55	18.20	17.65
11/10/2020 11:33:50 AM	3.09	2.09	5.02	0.00	0.00	0.00	0.00	0.36	10.20	100.00	5.71	12.06	1639	2085	2259	0	0	0	0	0	5984	167.29	16.94	4.82	18.85	18.22	19.32	35.24	1.56	18.20	17.65
11/10/2020 11:33:53 AM	3.27	2.06	5.36	0.00	0.00	0.00	0.00	0.37	10.69	100.00	5.78	12.11	1734	2062	2411	0	0	0	0	0	6207	167.07	17.85	5.01	19.20	19.10	19.78	37.35	1.57	18.18	17.61
11/10/2020 11:33:55 AM	3.15	2.03	5.16	0.00	0.00	0.00	0.00	0.39	10.34	100.00	5.87	12.23	1667	2029	2323	0	0	0	0	0	6019	166.82	17.34	4.83	18.75	18.76	19.35	36.23	1.58	18.18	17.64
11/10/2020 11:33:57 AM	3.15	2.08	5.42	0.00	0.00	0.00	0.00	0.38	10.65	100.00	5.95	12.11	1671	2078	2439	0	0	0	0	0	6188	166.84	18.00	4.97	19.26	19.24	19.82	37.39	1.58	18.17	17.64
11/10/2020 11:34:00 AM	3.32	2.10	5.34	0.00	0.00	0.00	0.00	0.36	10.76	100.00	6.02	12.04	1760	2104	2402	0	0	0	0	0	6266	166.53	17.86	5.03	19.51	19.11	19.87	37.38	1.59	18.15	17.64
11/10/2020 11:34:02 AM	2.87	2.05	4.93	0.00	0.00	0.00	0.00	0.39	9.85	100.00	6.11	11.99	1521	2050	2218	0	0	0	0	0	5789	166.80	16.65	4.61	18.37	18.03	18.99	34.35	1.60	18.15	17.60
11/10/2020 11:34:04 AM	2.79	2.10	4.97	0.00	0.00	0.00	0.00	0.42	9.86	100.00	6.15	11.94	1478	2095	2239	0	0	0	0	0	5812	166.86	16.83	4.73	18.64	18.37	19.09	34.58	1.60	18.14	17.63
11/10/2020 11:34:07 AM	3.03	2.25	5.44	0.00	0.00	0.00	0.00	0.37	10.72	100.00	6.22	12.04	1605	2254	2449	0	0	0	0	0	6307	167.20	18.11	5.35	20.40	19.13	19.97	37.05	1.61	18.13	17.63
11/10/2020 11:34:09 AM	3.23	2.18	5.44	0.00	0.00	0.00	0.00	0.41	10.85	100.00	6.31	12.07	1712	2178	2448	0	0	0	0	0	6337	166.28	18.26	5.02	19.96	19.73	20.19	37.96	1.62	18.12	17.65
11/10/2020 11:34:12 AM	3.38	2.02	4.90	0.00	0.00	0.00	0.00	0.40	10.30	100.00	6.39	12.06	1789	2023	2205	0	0	0	0	0	6018	166.58	16.90	4.62	18.74	18.81	19.19	35.94	1.63	18.10	17.63
11/10/2020 11:34:14 AM	3.07	2.06	4.51	0.00	0.00	0.00	0.00	0.43	9.64	100.00	6.49	11.96	1629	2057	2031	0	0	0	0	0	5717	166.70	15.90	4.55	18.42	18.02	18.49	33.49	1.64	18.10	17.64
11/10/2020 11:34:16 AM	3.14	2.05	4.37	0.00	0.00	0.00	0.00	0.42	9.56	100.00	6.55	11.88	1664	2054	1965	0	0	0	0	0	5682	166.49	15.54	4.48	18.21	17.71	18.46	32.94	1.64	18.09	17.61
11/10/2020 11:34:19 AM	3.35	2.10	4.38	0.00	0.00	0.00	0.00	0.45	9.84	100.00	6.64	11.90	1777	2104	1971	0	0	0	0	0	5852	166.98	15.83	4.70	18.82	18.41	18.69	33.96	1.65	18.09	17.59
11/10/2020 11:34:21 AM	2.70	2.06	4.55	0.00	0.00	0.00	0.00	0.44	9.30	100.00	6.71	11.91	1430	2059	2046	0	0	0	0	0	5535	166.56	15.78	4.46	18.12	17.65	18.26	32.52	1.66	18.07	17.66
11/10/2020 11:34:24 AM	2.82	2.07	4.74	0.00	0.00	0.00	0.00	0.43	9.63	100.00	6.80	11.93	1495	2069	2131	0	0	0	0	0	5695	166.45	16.28	4.66	18.42	18.05	18.63	33.67	1.67	18.06	17.65
11/10/2020 11:34:26 AM	2.75	2.04	4.43	0.00	0.00	0.00	0.00	0.46	9.22	100.00	6.89	11.92	1458	2044	1993	0	0	0	0	0	5495	166.53	15.54	4.50	17.84	17.68	18.27	32.30	1.67	18.06	17.60
11/10/2020 11:34:28 AM	2.84	2.01	3.92	0.00	0.00	0.00	0.00	0.46	8.77	100.00	6.95	11.90	1508	2014	1762	0	0	0	0	0	5284	166.91	14.36	4.23	17.29	16.95	17.65	30.36	1.68	18.05	17.61
11/10/2020 11:34:31 AM	2.83	1.95	3.69	0.00	0.00	0.00	0.00	0.47	8.48	100.00	7.04	11.96	1500	1954	1662	0	0	0	0	0	5116	167.02	13.81	4.06	16.73	16.64	17.22	29.43	1.69	18.04	17.61
11/10/2020 11:34:33 AM	2.62	2.05	3.61	0.00	0.00	0.00	0.00	0.50	8.28	100.00	7.12	11.98	1388	2046	1625	0	0	0	0	0	5060	166.90	13.61	4.24	17.04	16.50	17.18	28.59	1.70	18.02	17.64
11/10/2020 11:34:35 AM	2.74	2.00	3.37	0.00	0.00	0.00	0.00	0.51	8.11	100.00	7.19	12.00	1451	2002	1515	0	0	0	0	0	4968	167.11	13.11	3.98	16.63	16.36	16.93	28.00	1.70	18.02	17.59
11/10/2020 11:34:38 AM	2.61	1.96	3.39	0.00	0.00	0.00	0.00	0.51	7.95	100.00	7.27	11.97	1382	1955	1524	0	0	0	0	0	4862	166.95	13.01	3.97	16.21	16.14	16.77	27.63	1.71	18.01	17.60
11/10/2020 11:34:40 AM	2.77	1.99	3.28	0.00	0.00	0.00	0.00	0.50	8.04	100.00	7.33	11.91	1468	1994	1475	0	0	0	0	0	4937	167.09	12.87	3.97	16.50	16.11	16.84	27.60	1.72	17.99	17.60
11/10/2020 11:34:43 AM	2.73	2.02	3.27	0.00	0.00	0.00	0.00	0.52	8.02	100.00	7.40	11.87	1447	2024	1471	0	0	0	0	0	4942	166.82	12.89	4.06	16.56	16.30	16.97	27.63	1.73	17.98	17.59
11/10/2020 11:34:45 AM	2.68	2.09	3.29	0.00	0.00	0.00	0.00	0.52	8.07	100.00	7.48	11.89	1422	2091	1482	0	0	0	0	0	4994	166.84	13.01	4.16	17.13	16.36	16.93	27.63	1.73	17.98	17.60
11/10/2020 11:34:47 AM	2.80	2.06	3.55	0.00	0.00	0.00	0.00	0.50	8.41	100.00	7.53	11.90	1485	2064	1595	0	0	0	0	0	5144	166.90	13.58	4.26	17.17	16.67	17.37	28.91	1.74	17.97	17.60
11/10/2020 11:34:50 AM	2.88	2.10	3.55	0.00	0.00	0.00	0.00	0.50	8.52	100.00	7.59	11.93	1525	2097	1597	0	0	0	0	0	5219	166.72	13.68	4.29	17.47	16.88	17.50	29.22	1.74	17.96	17.56
11/10/2020 11:34:52 AM	2.85	2.06	3.37	0.00	0.00	0.00	0.00	0.49	8.28	100.00	7.67	11.95	1513	2056	1514	0	0	0	0	0	5084	166.95	13.17	4.11	16.98	16.40	17.22	28.25	1.75	17.94	17.60
11/10/2020 11:34:55 AM	2.80	2.01	3.29	0.00	0.00	0.00	0.00	0.51	8.11	100.00	7.75	11.91	1486	2013	1481	0	0	0	0	0	4981	166.94	12.96	4.07	16.64	16.32	16.96	27.87	1.76	17.95	17.58
11/10/2020 11:34:57 AM	2.80	2.01	3.38	0.00	0.00	0.00	0.00	0.52	8.19	100.00	7.82	11.83	1483	2010	1523	0	0	0	0	0	5015	166.53	13.22	4.09	16.82	16.62	16.93	28.37	1.77	17.94	17.59
11/10/2020 11:34:59 AM	2.51	1.97	3.04	0.00	0.00	0.00	0.00	0.55	7.53	100.00	7.95	11.74	1333	1966	1370	0	0	0	0	0	4669	166.68	12.25	3.89	15.91	15.82	16.31	26.13	1.78	17.92	17.55
11/10/2020 11:35:02 AM	2.73	2.04	2.93	0.00	0.00	0.00	0.00	0.54	7.70	100.00	8.05	11.67	1448	2036	1318	0	0	0	0	0	4801	166.83	12.14	3.99	16.39	15.90	16.54	26.27	1.79	17.93	17.60
11/10/2020 11:35:04 AM	2.63	1.98	2.80	0.00	0.00	0.00	0.00	0.54	7.42	100.00	8.20	11.68	1397	1979	1261	0	0	0	0	0	4637	167.06	11.74	3.81	15.86	15.52	16.16	25.40	1.80	17.90	17.58
11/10/2020 11:35:06 AM	2.61	2.00	2.96	0.00	0.00	0.00	0.00	0.55	7.57	100.00	8.38	11.60	1382	2005	1331	0	0	0	0	0	4717	165.89	12.12	3.98	16.09	15.84	16.42	26.06	1.82	17.89	17.59
11/10/2020 11:35:09 AM	2.58	2.03	2.95	0.00	0.00	0.00	0.00	0.54	7.56	100.00	8.50	11.60	1368	2030	1327	0	0	0	0	0	4725	167.29	12.10	3.94	16.17	15.79	16.52	25.93	1.83	17.89	17.58
11/10/2020 11:35:11 AM	2.56	1.96	2.85	0.00	0.00	0.00	0.00	0.54	7.37	100.00	8.66	11.60	1358	1962	1283	0	0	0	0	0	4603	167.55	11.80	3.84	15.72	15.55	16.14	25.42	1.85	17.88	17.61
11/10/2020 11:35:14 AM	2.93	1.97	2.62	0.00	0.00	0.00	0.00	0.51	7.52	100.00	8.75	11.54	1552	1968	1179	0	0	0	0	0	4699	167.48	11.37	3.81	15.72	15.32	16.28	25.31	1.86	17.87	17.58
11/10/2020 11:35:16 AM	2.76	1.98	2.75	0.00	0.00	0.00	0.00	0.51	7.50	100.00	8.88	11.56	1463	1984	1238	0	0	0	0	0	4685	167.25	11.62	3.88	15.99	15.35	16.14	25.37	1.87	17.86	17.56
11/10/2020 11:35:18 AM	2.64	1.97	2.70	0.00	0.00	0.00	0.00	0.53	7.30	100.00	9.02	11.56	1401	1966	1213	0	0	0	0	0	4580	167.73	11.44	3.86	15.65	15.25	16.02	24.88	1.88	17.84	17.58
11/10/2020 11:35:21 AM	2.70	2.00	2.69	0.00	0.00	0.00	0.00	0.53	7.39	100.00	9.13	11.53	1431	1998	1211	0	0	0	0	0	4640	167.53	11.47	3.90	15.68	15.34	16.37	25.05	1.89	17.83	17.55
11/10/2020 11:35:23 AM	2.81	1.95	2.57	0.00	0.00	0.00	0.00	0.53	7.33	100.00	9.21	11.54	1490	1953	1155	0	0	0	0	0	4599	168.21	11.24	3.77	15.73	15.30	15.85	24.88	1.90	17.82	17.56
11/10/2020 11:35:25 AM	2.56	1.91	2.60	0.00	0.00	0.00	0.00	0.52	7.07	100.00	9.34	11.55	1357	1911	1169	0	0	0	0	0	4437	167.98	11.07	3.74	15.21	14.79	15.62	24.06	1.91	17.82	17.54
11/10/2020 11:35:28 AM	2.89	1.96	2.45	0.00	0.00	0.00	0.00	0.51	7.30	100.00	9.46	11.55	1531	1956	1105	0	0	0	0	0	4592	168.29	10.93	3.75	15.51	14.92	15.96	24.41	1.93	17.81	17.55
11/10/2020 11:35:30 AM	2.80	1.93	2.30	0.00	0.00	0.00	0.00	0.52	7.02	100.00	9.59	11.51	1483	1925	1035	0	0	0	0	0	4443	168.15	10.51	3.64	15.11	14.65	15.63	23.54	1.94	17.79	17.53
11/10/2020 11:35:33 AM	2.57	1.86	2.29	0.00	0.00	0.00	0.00	0.51	6.72	100.00	9.76	11.46	1364	1864	1028	0	0	0	0	0	4256	168.59	10.25	3.52	14.54	14.11	15.25	22.62	1.96	17.79	17.56
11/10/2020 11:35:35 AM	2.70	1.89	2.42	0.00	0.00	0.00	0.00	0.51	7.01	100.00	9.92	11.43	1432	1892	1089	0	0	0	0	0	4413	168.46	10.68	3.68	14.94	14.57	15.59	23.65	1.97	17.77	17.50
11/10/2020 11:35:37 AM	2.84	1.90	2.41	0.00	0.00	0.00	0.00	0.51	7.15	100.00	10.04	11.44	1505	1898	1084	0	0	0	0	0	4487	167.91	10.74	3.75	15.10	14.78	15.69	24.07	1.98	17.76	17.56
11/10/2020 11:35:40 AM	2.96	1.97	2.63	0.00	0.00	0.00	0.00	0.48	7.56	100.00	10.12	11.45	1571	1972	1183	0	0	0	0	0	4725	168.41	11.33	3.91	15.84	15.07	16.21	25.20	1.99	17.76	17.51
11/10/2020 11:35:42 AM	3.02	1.96	2.55	0.00	0.00	0.00	0.00	0.49	7.53	100.00	10.19	11.50	1601	1962	1147	0	0	0	0	0	4710	168.46	11.17	3.91	15.61	15.08	16.30	25.10	2.00	17.75	17.53
11/10/2020 11:35:44 AM	3.23	1.97	2.55	0.00	0.00	0.00	0.00	0.50	7.75	100.00	10.28	11.54	1712	1969	1146	0	0	0	0	0	4827	168.59	11.33	3.89	15.89	15.50	16.45	25.85	2.01	17.74	17.53
11/10/2020 11:35:47 AM	3.11	2.01	2.40	0.00	0.00	0.00	0.00	0.50	7.52	100.00	10.36	11.50	1646	2011	1082	0	0	0	0	0	4738	168.40	10.98	3.87	16.00	15.16	16.19	24.88	2.02	17.73	17.53
11/10/2020 11:35:49 AM	2.99	1.94	2.55	0.00	0.00	0.00	0.00	0.47	7.49	100.00	10.40	11.51	1584	1942	1149	0	0	0	0	0	4676	168.10	11.12	3.87	15.51	14.91	16.18	24.92	2.02	17.71	17.53
11/10/2020 11:35:52 AM	2.84	1.94	2.56	0.00	0.00	0.00	0.00	0.51	7.35	100.00	10.49	11.51	1506	1941	1153	0	0	0	0	0	4600	168.05	11.12	3.87	15.33	15.03	16.15	24.73	2.03	17.70	17.50
11/10/2020 11:35:54 AM	2.97	1.94	2.42	0.00	0.00	0.00	0.00	0.47	7.34	100.00	10.58	11.48	1576	1939	1090	0	0	0	0	0	4605	168.20	10.77	3.82	15.30	14.58	16.05	24.23	2.04	17.70	17.53
11/10/2020 11:35:56 AM	3.00	2.00	2.22	0.00	0.00	0.00	0.00	0.46	7.21	100.00	10.68	11.48	1588	1999	998	0	0	0	0	0	4585	168.22	10.30	3.89	15.42	14.21	16.03	23.34	2.05	17.69	17.50
11/10/2020 11:35:59 AM	2.95	1.98	2.29	0.00	0.00	0.00	0.00	0.45	7.21	100.00	10.78	11.43	1562	1975	1030	0	0	0	0	0	4567	167.86	10.40	3.86	15.28	14.15	16.03	23.41	2.06	17.68	17.49
11/10/2020 11:36:01 AM	2.75	1.99	2.30	0.00	0.00	0.00	0.00	0.42	7.03	100.00	10.89	11.36	1459	1986	1033	0	0	0	0	0	4478	167.59	10.25	3.81	15.18	13.65	15.89	22.63	2.07	17.66	17.50
11/10/2020 11:36:04 AM	2.88	2.15	2.60	0.00	0.00	0.00	0.00	0.40	7.63	100.00	10.90	11.32	1525	2152	1170	0	0	0	0	0	4848	167.06	11.13	4.13	16.51	14.19	16.81	24.20	2.07	17.67	17.46
11/10/2020 11:36:06 AM	0.00	3.86	21.88	10.98	0.00	0.00	0.00	0.00	36.72	60.65	10.85	11.32	0	3859	9847	329	0	0	0	0	14035	92.04	114.29	20.35	73.40	36.61	79.87	142.36	2.06	17.65	17.49
