Date/Time	Green Algae	Bluegreen	Diatoms	Cryptophyta	#5	#6	#7	Yellow substances	Total conc.	Transmission	Depth	Temp. Sample	Green Algae	Bluegreen	Diatoms	Cryptophyta	#5	#6	#7	Yellow substances	Total cell count	Trans. 700 nm	LED 3 [525 nm]	LED 4 [570 nm]	LED 5 [610 nm]	LED 6 [370 nm]	LED 7 [590 nm]	LED 8 [470 nm]	Pressure	Temp. LEDs	Temp. Sensor
date	µg/l	µg/l	µg/l	µg/l	µg/l	µg/l	µg/l	r.u.	µg/l	%	m	°C	cells/ml	cells/ml	cells/ml	cells/ml	cells/ml	cells/ml	cells/ml	r.u.	cells/ml	digits	digits	digits	digits	digits	digits	digits	bar	°C	°C
11/9/2020 11:16:08 AM	10.42	10.77	5.60	8.69	0.00	0.00	0.00	0.40	35.48	100.00	1.37	14.73	5523	10771	2518	261	0	0	0	0	19073	167.93	56.98	28.86	85.36	51.92	96.19	102.80	1.13	24.70	24.33
11/9/2020 11:16:10 AM	12.07	9.54	3.87	11.66	0.00	0.00	0.00	0.37	37.14	100.00	1.40	14.70	6395	9541	1743	350	0	0	0	0	18029	167.63	62.00	32.09	86.65	55.23	101.81	112.84	1.14	24.68	24.37
11/9/2020 11:16:13 AM	12.97	9.70	3.73	12.58	0.00	0.00	0.00	0.39	38.97	100.00	1.44	14.50	6875	9698	1677	377	0	0	0	0	18627	167.27	65.31	33.17	89.95	58.27	106.99	119.42	1.14	24.66	24.36
11/9/2020 11:16:15 AM	13.46	9.38	2.65	13.53	0.00	0.00	0.00	0.43	39.03	100.00	1.49	14.30	7136	9382	1194	406	0	0	0	0	18118	167.04	65.85	34.04	90.19	58.96	108.57	120.66	1.15	24.66	24.28
11/9/2020 11:16:17 AM	11.61	9.62	3.72	12.88	0.00	0.00	0.00	0.58	37.83	100.00	1.56	13.69	6152	9622	1676	386	0	0	0	0	17836	166.83	65.85	33.68	89.38	58.69	106.65	117.82	1.15	24.64	24.32
11/9/2020 11:16:20 AM	11.53	9.93	3.19	11.99	0.00	0.00	0.00	0.42	36.64	100.00	1.63	13.42	6113	9932	1434	360	0	0	0	0	17838	166.25	61.56	32.31	87.98	54.70	103.76	110.12	1.16	24.61	24.34
11/9/2020 11:16:22 AM	11.39	9.98	3.70	11.90	0.00	0.00	0.00	0.46	36.96	100.00	1.65	13.90	6036	9976	1664	357	0	0	0	0	18033	166.34	62.54	32.72	88.48	55.71	103.86	111.87	1.16	24.60	24.32
11/9/2020 11:16:24 AM	11.00	9.96	4.09	11.13	0.00	0.00	0.00	0.41	36.18	100.00	1.71	14.23	5832	9960	1841	334	0	0	0	0	17967	166.58	60.73	31.38	86.54	53.96	101.04	108.59	1.17	24.57	24.26
11/9/2020 11:16:27 AM	11.24	9.84	2.68	11.17	0.00	0.00	0.00	0.49	34.93	100.00	1.78	14.05	5955	9841	1206	335	0	0	0	0	17337	166.91	57.72	30.62	84.84	52.65	99.49	103.88	1.17	24.58	24.26
11/9/2020 11:16:29 AM	10.36	9.49	2.76	10.09	0.00	0.00	0.00	0.47	32.69	100.00	1.87	13.37	5489	9488	1240	303	0	0	0	0	16520	167.14	53.69	28.04	79.82	49.13	93.46	96.36	1.18	24.54	24.31
11/9/2020 11:16:32 AM	9.69	9.81	2.92	9.56	0.00	0.00	0.00	0.49	31.98	100.00	1.92	12.85	5136	9808	1316	287	0	0	0	0	16547	166.39	52.32	27.63	79.66	47.94	92.28	92.85	1.19	24.50	24.33
11/9/2020 11:16:34 AM	9.32	9.58	2.99	9.66	0.00	0.00	0.00	0.39	31.54	100.00	2.03	12.65	4938	9584	1344	290	0	0	0	0	16156	167.73	52.09	28.13	78.84	46.56	91.05	91.52	1.20	24.50	24.27
11/9/2020 11:16:36 AM	9.22	9.80	3.10	8.47	0.00	0.00	0.00	0.38	30.58	100.00	2.02	12.65	4886	9797	1395	254	0	0	0	0	16332	167.01	48.75	26.11	76.82	44.60	87.62	86.48	1.20	24.46	24.28
11/9/2020 11:16:39 AM	8.27	10.57	4.02	7.49	0.00	0.00	0.00	0.47	30.36	100.00	2.08	12.94	4385	10575	1809	225	0	0	0	0	16994	167.63	48.20	25.66	78.19	44.58	87.35	84.15	1.20	24.45	24.33
11/9/2020 11:16:41 AM	8.63	10.05	3.04	8.07	0.00	0.00	0.00	0.46	29.78	100.00	2.13	13.01	4572	10046	1367	242	0	0	0	0	16228	166.90	47.42	25.44	76.39	43.87	86.73	83.22	1.21	24.42	24.42
11/9/2020 11:16:43 AM	8.68	9.99	3.28	7.39	0.00	0.00	0.00	0.42	29.35	100.00	2.19	12.89	4602	9986	1477	222	0	0	0	0	16287	167.47	45.76	24.65	74.86	42.79	84.02	81.21	1.21	24.39	24.22
11/9/2020 11:16:46 AM	8.33	10.00	3.04	7.09	0.00	0.00	0.00	0.46	28.46	100.00	2.23	12.66	4415	10000	1368	213	0	0	0	0	15995	167.37	44.14	23.96	73.65	41.71	82.43	77.96	1.22	24.39	24.23
11/9/2020 11:16:48 AM	8.10	9.91	3.15	6.81	0.00	0.00	0.00	0.44	27.97	100.00	2.30	12.52	4295	9913	1416	204	0	0	0	0	15828	167.18	43.26	23.36	72.45	40.83	80.93	76.29	1.23	24.35	24.21
11/9/2020 11:16:51 AM	7.60	9.42	2.27	7.51	0.00	0.00	0.00	0.50	26.79	100.00	2.38	12.61	4028	9422	1020	225	0	0	0	0	14695	167.38	42.82	23.36	70.55	40.12	80.33	74.22	1.23	24.32	24.18
11/9/2020 11:16:53 AM	8.02	10.28	3.31	6.22	0.00	0.00	0.00	0.41	27.82	100.00	2.44	12.51	4249	10278	1488	186	0	0	0	0	16202	167.29	41.94	22.99	72.82	39.89	80.16	73.98	1.24	24.29	24.28
11/9/2020 11:16:55 AM	7.51	9.52	2.53	6.48	0.00	0.00	0.00	0.49	26.05	100.00	2.47	12.45	3981	9521	1140	194	0	0	0	0	14837	166.64	40.26	21.75	68.66	38.60	77.12	70.54	1.24	24.25	24.11
11/9/2020 11:16:58 AM	7.55	10.37	3.25	5.61	0.00	0.00	0.00	0.49	26.77	100.00	2.52	12.72	4001	10370	1463	168	0	0	0	0	16002	167.51	39.92	22.02	71.35	38.99	77.81	70.25	1.25	24.22	24.10
11/9/2020 11:17:00 AM	7.26	9.96	3.32	5.92	0.00	0.00	0.00	0.41	26.46	100.00	2.56	13.01	3846	9963	1493	178	0	0	0	0	15480	167.83	40.38	21.77	69.93	38.13	77.29	70.24	1.25	24.20	24.20
11/9/2020 11:17:03 AM	7.65	10.69	3.75	5.42	0.00	0.00	0.00	0.43	27.50	100.00	2.60	13.47	4055	10686	1687	163	0	0	0	0	16591	167.42	40.67	22.51	72.99	39.30	78.84	71.58	1.25	24.18	24.11
11/9/2020 11:17:05 AM	7.18	10.50	3.45	5.38	0.00	0.00	0.00	0.46	26.51	100.00	2.65	13.55	3808	10499	1554	161	0	0	0	0	16022	167.53	39.46	22.28	71.45	38.19	77.09	68.75	1.26	24.14	24.08
11/9/2020 11:17:07 AM	7.01	10.24	3.79	4.07	0.00	0.00	0.00	0.37	25.12	100.00	2.73	13.06	3717	10243	1708	122	0	0	0	0	15790	167.93	35.64	20.00	67.28	35.14	71.17	63.15	1.27	24.10	24.18
11/9/2020 11:17:10 AM	6.46	9.64	3.15	4.68	0.00	0.00	0.00	0.49	23.93	100.00	2.80	12.44	3426	9640	1418	140	0	0	0	0	14624	167.40	35.55	19.35	64.70	35.07	70.34	61.99	1.27	24.06	24.12
11/9/2020 11:17:12 AM	6.56	9.64	3.20	4.41	0.00	0.00	0.00	0.42	23.82	100.00	2.85	12.56	3478	9642	1441	132	0	0	0	0	14694	167.32	34.69	19.44	64.37	34.13	69.13	60.81	1.28	24.06	24.07
11/9/2020 11:17:14 AM	6.75	9.84	2.84	4.65	0.00	0.00	0.00	0.46	24.08	100.00	2.92	12.86	3576	9836	1279	139	0	0	0	0	14830	166.99	34.95	19.60	65.50	34.70	70.80	61.21	1.29	24.02	24.27
11/9/2020 11:17:17 AM	6.59	9.74	3.20	4.50	0.00	0.00	0.00	0.43	24.04	100.00	2.96	12.73	3493	9744	1440	135	0	0	0	0	14813	167.54	35.12	19.23	64.89	34.49	70.20	61.39	1.29	23.99	24.20
11/9/2020 11:17:19 AM	5.99	9.96	3.33	4.23	0.00	0.00	0.00	0.48	23.51	100.00	2.99	12.81	3172	9962	1500	127	0	0	0	0	14761	167.88	34.47	19.69	65.13	34.05	69.29	59.28	1.29	23.94	24.16
11/9/2020 11:17:22 AM	5.95	9.71	3.38	3.95	0.00	0.00	0.00	0.48	22.99	100.00	3.04	13.13	3151	9706	1521	119	0	0	0	0	14497	167.57	33.53	18.50	63.13	33.37	67.50	58.06	1.30	23.94	24.02
11/9/2020 11:17:24 AM	5.73	9.42	2.81	4.27	0.00	0.00	0.00	0.51	22.23	100.00	3.08	13.35	3034	9418	1266	128	0	0	0	0	13847	167.95	32.92	17.94	61.65	32.78	67.04	56.44	1.30	23.93	24.05
11/9/2020 11:17:26 AM	6.06	9.74	3.02	3.99	0.00	0.00	0.00	0.50	22.81	100.00	3.12	13.47	3214	9735	1361	120	0	0	0	0	14429	167.74	32.93	18.62	63.16	33.29	67.37	57.25	1.31	23.87	24.00
11/9/2020 11:17:29 AM	6.66	9.56	2.22	4.94	0.00	0.00	0.00	0.52	23.38	100.00	3.16	13.54	3530	9557	1000	148	0	0	0	0	14235	167.08	34.23	19.76	64.36	34.44	69.91	59.87	1.31	23.85	24.01
11/9/2020 11:17:31 AM	6.05	9.56	2.88	4.29	0.00	0.00	0.00	0.48	22.79	100.00	3.18	13.58	3206	9563	1298	129	0	0	0	0	14195	167.48	33.34	18.90	62.96	33.20	67.64	57.69	1.31	23.80	24.06
11/9/2020 11:17:33 AM	5.51	9.32	3.11	3.97	0.00	0.00	0.00	0.48	21.90	100.00	3.22	13.34	2920	9316	1400	119	0	0	0	0	13754	167.50	32.38	17.56	60.60	32.07	65.49	55.44	1.32	23.78	23.97
11/9/2020 11:17:36 AM	5.78	10.52	3.97	2.98	0.00	0.00	0.00	0.45	23.26	100.00	3.26	13.18	3065	10522	1786	89	0	0	0	0	15462	167.54	32.36	18.45	65.11	32.78	67.37	55.91	1.32	23.76	23.93
11/9/2020 11:17:38 AM	5.81	9.96	3.18	3.61	0.00	0.00	0.00	0.48	22.56	100.00	3.29	13.36	3081	9956	1430	108	0	0	0	0	14576	167.86	32.09	18.41	63.24	32.49	66.71	55.37	1.32	23.72	24.00
11/9/2020 11:17:41 AM	6.24	9.92	3.03	3.81	0.00	0.00	0.00	0.49	23.01	100.00	3.34	13.21	3309	9920	1364	114	0	0	0	0	14707	168.07	32.62	18.50	63.71	33.21	67.66	57.02	1.33	23.70	23.92
11/9/2020 11:17:43 AM	5.58	9.74	3.23	2.81	0.00	0.00	0.00	0.47	21.35	100.00	3.40	12.94	2958	9740	1451	84	0	0	0	0	14234	167.72	29.32	17.09	60.26	30.53	62.45	51.11	1.33	23.66	23.98
11/9/2020 11:17:45 AM	5.29	9.34	2.47	2.74	0.00	0.00	0.00	0.50	19.85	100.00	3.45	12.74	2803	9344	1113	82	0	0	0	0	13342	167.60	26.93	15.65	57.09	28.67	59.85	46.65	1.34	23.64	23.91
11/9/2020 11:17:48 AM	4.97	9.16	2.50	2.81	0.00	0.00	0.00	0.52	19.44	100.00	3.49	12.62	2632	9161	1126	84	0	0	0	0	13003	167.46	26.92	15.85	56.32	28.46	58.96	46.17	1.34	23.61	23.87
11/9/2020 11:17:50 AM	5.28	9.17	2.54	2.55	0.00	0.00	0.00	0.50	19.54	100.00	3.58	12.66	2796	9171	1144	77	0	0	0	0	13189	167.98	26.33	15.69	56.10	28.33	58.18	46.04	1.35	23.56	24.01
11/9/2020 11:17:52 AM	5.37	9.73	2.87	2.52	0.00	0.00	0.00	0.45	20.50	100.00	3.63	12.48	2849	9732	1292	76	0	0	0	0	13949	168.13	27.41	16.31	58.94	28.93	60.82	47.48	1.36	23.54	23.87
11/9/2020 11:17:55 AM	5.06	8.76	1.95	3.26	0.00	0.00	0.00	0.56	19.03	100.00	3.66	12.37	2682	8757	879	98	0	0	0	0	12417	167.67	26.90	14.98	54.73	28.56	59.07	46.22	1.36	23.49	23.92
11/9/2020 11:17:57 AM	4.72	8.49	2.03	2.98	0.00	0.00	0.00	0.55	18.21	100.00	3.70	12.32	2504	8485	911	89	0	0	0	0	11989	167.75	25.70	14.75	52.81	27.38	56.33	44.02	1.36	23.48	23.81
11/9/2020 11:18:00 AM	4.64	8.85	2.60	2.25	0.00	0.00	0.00	0.49	18.34	100.00	3.74	12.19	2457	8851	1172	68	0	0	0	0	12548	167.53	24.89	14.48	53.32	26.63	55.42	42.74	1.37	23.44	23.82
11/9/2020 11:18:02 AM	4.73	9.16	2.80	1.93	0.00	0.00	0.00	0.48	18.62	100.00	3.82	12.35	2506	9162	1261	58	0	0	0	0	12987	167.72	24.66	14.33	54.20	26.75	55.79	42.58	1.37	23.39	23.82
11/9/2020 11:18:04 AM	4.39	8.60	2.16	2.31	0.00	0.00	0.00	0.53	17.47	100.00	3.89	12.47	2328	8604	972	69	0	0	0	0	11974	167.44	23.83	13.73	51.57	25.94	54.20	40.59	1.38	23.36	23.77
11/9/2020 11:18:07 AM	4.41	8.91	2.52	2.25	0.00	0.00	0.00	0.53	18.09	100.00	3.94	12.51	2337	8913	1133	67	0	0	0	0	12451	167.19	24.69	14.64	53.40	26.64	55.31	41.98	1.39	23.34	23.77
11/9/2020 11:18:09 AM	4.55	8.80	2.45	2.24	0.00	0.00	0.00	0.49	18.04	100.00	3.99	12.65	2410	8798	1102	67	0	0	0	0	12378	167.80	24.42	14.35	52.84	26.27	54.92	41.79	1.39	23.29	23.76
11/9/2020 11:18:12 AM	4.58	8.87	2.51	2.13	0.00	0.00	0.00	0.51	18.09	100.00	4.02	12.67	2426	8870	1130	64	0	0	0	0	12490	167.45	24.33	14.16	52.93	26.44	54.94	41.80	1.39	23.26	23.75
11/9/2020 11:18:14 AM	4.09	8.89	2.59	2.03	0.00	0.00	0.00	0.54	17.61	100.00	4.04	12.70	2167	8891	1167	61	0	0	0	0	12286	167.42	24.03	14.14	52.54	26.06	54.28	40.44	1.40	23.23	23.71
11/9/2020 11:18:16 AM	4.32	9.28	3.05	1.60	0.00	0.00	0.00	0.50	18.25	100.00	4.07	12.81	2290	9285	1372	48	0	0	0	0	12995	167.66	24.10	14.07	53.91	26.27	54.90	41.06	1.40	23.20	23.70
11/9/2020 11:18:19 AM	4.20	9.54	3.52	1.16	0.00	0.00	0.00	0.51	18.42	100.00	4.11	13.00	2226	9542	1584	35	0	0	0	0	13387	167.13	23.97	14.41	54.63	26.40	54.34	40.95	1.40	23.16	23.72
11/9/2020 11:18:21 AM	4.48	9.19	2.85	1.61	0.00	0.00	0.00	0.53	18.12	100.00	4.17	12.84	2373	9186	1281	48	0	0	0	0	12889	167.88	23.73	14.19	53.54	26.42	54.32	40.95	1.41	23.14	23.67
11/9/2020 11:18:23 AM	4.50	9.63	3.30	1.19	0.00	0.00	0.00	0.49	18.62	100.00	4.22	12.58	2384	9625	1485	36	0	0	0	0	13530	167.26	23.75	14.64	55.17	26.41	54.75	41.00	1.41	23.10	23.71
11/9/2020 11:18:26 AM	4.37	9.47	3.07	1.51	0.00	0.00	0.00	0.53	18.42	100.00	4.28	12.62	2315	9469	1383	45	0	0	0	0	13212	167.38	24.12	14.39	54.71	26.67	55.26	41.23	1.42	23.08	23.65
11/9/2020 11:18:28 AM	4.49	9.04	2.77	1.61	0.00	0.00	0.00	0.53	17.91	100.00	4.34	12.52	2382	9040	1247	48	0	0	0	0	12717	167.25	23.40	14.51	53.01	26.16	53.35	40.58	1.43	23.04	23.60
11/9/2020 11:18:31 AM	4.23	8.62	2.59	1.78	0.00	0.00	0.00	0.53	17.22	100.00	4.38	12.28	2243	8623	1164	53	0	0	0	0	12084	167.96	23.05	13.53	50.84	25.49	52.26	39.57	1.43	23.01	23.62
11/9/2020 11:18:33 AM	3.89	8.76	2.77	1.60	0.00	0.00	0.00	0.55	17.01	100.00	4.42	12.20	2059	8758	1248	48	0	0	0	0	12113	167.68	22.89	13.40	50.92	25.31	52.06	38.70	1.43	22.96	23.62
11/9/2020 11:18:35 AM	4.02	9.17	3.01	1.30	0.00	0.00	0.00	0.52	17.50	100.00	4.48	12.33	2129	9173	1353	39	0	0	0	0	12694	167.30	22.84	13.99	52.63	25.43	52.69	38.77	1.44	22.94	23.57
11/9/2020 11:18:38 AM	4.00	8.58	2.53	1.70	0.00	0.00	0.00	0.54	16.81	100.00	4.56	12.28	2120	8583	1137	51	0	0	0	0	11891	167.57	22.51	13.32	50.22	24.98	51.51	38.26	1.45	22.90	23.60
11/9/2020 11:18:40 AM	3.83	8.54	2.45	1.63	0.00	0.00	0.00	0.56	16.45	100.00	4.60	12.06	2028	8541	1102	49	0	0	0	0	11720	167.60	22.05	12.94	49.59	24.67	50.99	37.24	1.45	22.88	23.57
11/9/2020 11:18:43 AM	3.84	8.29	2.10	1.98	0.00	0.00	0.00	0.59	16.20	100.00	4.64	11.99	2035	8290	943	59	0	0	0	0	11327	167.75	22.16	12.93	48.88	24.74	51.00	37.35	1.45	22.83	23.56
11/9/2020 11:18:45 AM	4.14	8.56	2.12	1.89	0.00	0.00	0.00	0.57	16.71	100.00	4.66	12.06	2193	8558	954	57	0	0	0	0	11761	167.16	22.30	13.15	50.17	25.09	52.03	37.99	1.46	22.81	23.48
11/9/2020 11:18:47 AM	4.06	8.89	2.99	1.32	0.00	0.00	0.00	0.53	17.25	100.00	4.71	12.11	2152	8888	1346	39	0	0	0	0	12425	167.77	22.67	13.29	51.22	25.28	51.83	38.81	1.46	22.77	23.48
11/9/2020 11:18:50 AM	4.03	8.88	2.60	1.56	0.00	0.00	0.00	0.56	17.07	100.00	4.76	12.19	2137	8879	1168	47	0	0	0	0	12230	167.53	22.55	13.60	51.40	25.32	52.25	38.32	1.47	22.74	23.46
11/9/2020 11:18:52 AM	3.82	9.02	3.01	0.95	0.00	0.00	0.00	0.55	16.79	100.00	4.83	12.29	2023	9022	1355	28	0	0	0	0	12428	167.34	21.58	12.80	50.76	24.65	50.80	36.72	1.47	22.70	23.46
11/9/2020 11:18:54 AM	4.12	9.46	3.35	0.78	0.00	0.00	0.00	0.54	17.71	100.00	4.89	12.28	2185	9456	1506	23	0	0	0	0	13171	166.97	22.37	13.60	53.09	25.62	52.35	38.55	1.48	22.68	23.43
11/9/2020 11:18:57 AM	4.15	9.81	3.58	0.78	0.00	0.00	0.00	0.53	18.32	100.00	4.93	12.31	2197	9814	1613	23	0	0	0	0	13647	167.09	23.20	14.24	55.04	26.26	54.00	39.72	1.48	22.65	23.41
11/9/2020 11:18:59 AM	4.05	9.42	3.19	1.16	0.00	0.00	0.00	0.54	17.82	100.00	4.97	12.42	2148	9421	1435	35	0	0	0	0	13039	167.20	23.12	13.64	53.45	25.90	53.67	39.28	1.49	22.61	23.37
11/9/2020 11:19:02 AM	4.31	8.70	2.39	1.76	0.00	0.00	0.00	0.56	17.17	100.00	5.04	12.35	2287	8702	1076	53	0	0	0	0	12117	167.04	22.73	13.37	50.98	25.61	52.48	39.17	1.49	22.58	23.36
11/9/2020 11:19:04 AM	3.93	8.13	2.15	1.83	0.00	0.00	0.00	0.61	16.05	100.00	5.08	12.16	2085	8132	969	55	0	0	0	0	11242	166.99	21.82	12.61	47.98	24.82	49.93	37.38	1.50	22.56	23.39
11/9/2020 11:19:06 AM	3.89	8.49	2.63	1.49	0.00	0.00	0.00	0.56	16.51	100.00	5.11	12.06	2063	8495	1184	45	0	0	0	0	11787	167.18	22.06	12.67	49.25	24.79	50.56	37.62	1.50	22.52	23.35
11/9/2020 11:19:09 AM	3.76	8.65	2.72	1.51	0.00	0.00	0.00	0.61	16.65	100.00	5.17	12.16	1992	8654	1224	45	0	0	0	0	11915	167.00	22.50	13.08	50.09	25.44	51.21	38.14	1.51	22.48	23.34
11/9/2020 11:19:11 AM	3.79	8.71	2.65	1.44	0.00	0.00	0.00	0.59	16.59	100.00	5.24	12.10	2009	8705	1194	43	0	0	0	0	11952	166.82	22.14	12.98	50.10	25.08	51.11	37.50	1.51	22.46	23.32
11/9/2020 11:19:13 AM	4.28	8.61	2.20	1.94	0.00	0.00	0.00	0.63	17.04	100.00	5.30	11.97	2270	8614	991	58	0	0	0	0	11933	166.89	22.93	13.40	50.80	26.17	52.69	39.53	1.52	22.43	23.26
11/9/2020 11:19:16 AM	4.32	8.83	2.44	1.69	0.00	0.00	0.00	0.62	17.28	100.00	5.34	11.95	2288	8834	1099	51	0	0	0	0	12271	167.14	22.90	13.34	51.46	26.27	52.91	39.60	1.52	22.40	23.31
11/9/2020 11:19:18 AM	4.28	9.14	2.73	1.38	0.00	0.00	0.00	0.60	17.52	100.00	5.39	11.90	2269	9138	1227	41	0	0	0	0	12675	166.96	22.75	13.70	52.50	26.18	52.99	39.30	1.53	22.36	23.27
11/9/2020 11:19:21 AM	4.34	8.81	2.56	1.53	0.00	0.00	0.00	0.59	17.24	100.00	5.41	11.88	2302	8813	1150	46	0	0	0	0	12312	166.73	22.59	13.18	51.13	25.88	52.30	39.22	1.53	22.34	23.25
11/9/2020 11:19:23 AM	4.18	9.06	3.02	1.04	0.00	0.00	0.00	0.57	17.29	100.00	5.53	12.09	2214	9055	1357	31	0	0	0	0	12658	166.56	22.21	13.10	51.48	25.61	51.62	38.54	1.54	22.30	23.20
11/9/2020 11:19:25 AM	4.16	9.22	2.77	1.40	0.00	0.00	0.00	0.62	17.55	100.00	5.59	12.11	2207	9218	1245	42	0	0	0	0	12711	166.57	22.97	13.66	52.80	26.40	53.45	39.39	1.55	22.27	23.22
11/9/2020 11:19:28 AM	4.55	9.89	3.25	1.01	0.00	0.00	0.00	0.58	18.71	100.00	5.66	12.06	2414	9894	1462	30	0	0	0	0	13799	166.57	23.56	14.22	55.82	27.18	55.45	40.94	1.56	22.25	23.17
11/9/2020 11:19:30 AM	4.46	9.55	3.27	1.16	0.00	0.00	0.00	0.58	18.44	100.00	5.74	12.06	2363	9550	1471	35	0	0	0	0	13418	166.05	23.76	14.20	54.60	27.16	54.49	41.33	1.56	22.21	23.17
11/9/2020 11:19:32 AM	4.17	9.12	2.74	1.43	0.00	0.00	0.00	0.61	17.46	100.00	5.79	11.92	2208	9121	1235	43	0	0	0	0	12607	166.22	22.92	13.26	52.28	26.21	53.34	39.30	1.57	22.18	23.14
11/9/2020 11:19:35 AM	3.97	8.50	2.32	1.52	0.00	0.00	0.00	0.61	16.31	100.00	5.82	11.82	2103	8500	1042	46	0	0	0	0	11691	166.49	21.57	12.52	49.07	24.87	50.50	36.96	1.57	22.14	23.10
11/9/2020 11:19:37 AM	4.26	9.06	2.60	1.41	0.00	0.00	0.00	0.61	17.33	100.00	5.86	11.87	2256	9064	1169	42	0	0	0	0	12531	166.49	22.53	13.26	51.96	26.05	52.87	38.87	1.57	22.11	23.12
11/9/2020 11:19:40 AM	4.23	9.00	2.59	1.56	0.00	0.00	0.00	0.62	17.37	100.00	5.93	11.89	2240	8999	1166	47	0	0	0	0	12451	166.82	22.92	13.48	52.01	26.33	53.09	39.46	1.58	22.09	23.07
11/9/2020 11:19:42 AM	4.30	9.26	2.93	1.27	0.00	0.00	0.00	0.59	17.76	100.00	5.98	11.85	2277	9260	1321	38	0	0	0	0	12896	166.88	23.00	13.77	53.02	26.41	53.29	39.78	1.59	22.06	23.07
11/9/2020 11:19:44 AM	4.40	8.73	2.17	2.04	0.00	0.00	0.00	0.65	17.34	100.00	6.00	11.88	2333	8731	978	61	0	0	0	0	12103	166.50	23.40	13.38	51.52	26.73	53.81	40.40	1.59	22.03	23.07
11/9/2020 11:19:47 AM	4.50	8.87	2.43	1.65	0.00	0.00	0.00	0.65	17.44	100.00	6.02	11.96	2384	8871	1091	49	0	0	0	0	12396	166.20	22.94	13.42	51.71	26.75	53.02	40.17	1.59	22.01	23.02
11/9/2020 11:19:49 AM	4.40	9.34	2.90	1.14	0.00	0.00	0.00	0.61	17.78	100.00	6.08	12.03	2334	9338	1304	34	0	0	0	0	13010	166.54	22.67	13.50	53.06	26.49	53.26	39.54	1.60	21.96	23.05
11/9/2020 11:19:52 AM	4.29	9.01	2.45	1.63	0.00	0.00	0.00	0.65	17.37	100.00	6.17	12.02	2274	9012	1100	49	0	0	0	0	12435	166.59	22.91	13.51	52.14	26.59	53.36	39.56	1.60	21.95	23.00
11/9/2020 11:19:54 AM	4.17	9.41	3.11	1.18	0.00	0.00	0.00	0.63	17.86	100.00	6.22	12.00	2208	9406	1399	35	0	0	0	0	13048	166.60	23.27	13.84	53.55	26.88	53.65	40.09	1.61	21.91	22.97
11/9/2020 11:19:56 AM	4.53	9.14	2.54	1.82	0.00	0.00	0.00	0.63	18.03	100.00	6.27	12.10	2399	9136	1144	55	0	0	0	0	12734	165.84	23.93	14.01	53.45	27.28	54.92	41.46	1.61	21.89	22.96
11/9/2020 11:19:59 AM	4.63	9.19	2.51	1.95	0.00	0.00	0.00	0.65	18.28	100.00	6.34	12.17	2455	9191	1128	58	0	0	0	0	12832	166.42	24.41	14.34	54.10	27.88	55.66	42.40	1.62	21.85	22.95
11/9/2020 11:20:01 AM	4.48	9.87	3.28	1.43	0.00	0.00	0.00	0.64	19.07	100.00	6.39	12.16	2377	9874	1477	43	0	0	0	0	13771	166.09	25.04	15.47	56.98	28.54	56.67	43.24	1.63	21.83	22.91
11/9/2020 11:20:03 AM	4.53	9.98	3.64	0.66	0.00	0.00	0.00	0.62	18.82	100.00	6.47	12.20	2402	9977	1640	20	0	0	0	0	14039	166.38	23.56	14.46	55.97	27.74	54.60	41.48	1.63	21.80	22.90
11/9/2020 11:20:06 AM	4.45	8.90	2.48	1.69	0.00	0.00	0.00	0.67	17.52	100.00	6.54	12.15	2359	8899	1116	51	0	0	0	0	12424	167.13	23.20	14.24	52.23	27.10	52.90	40.61	1.64	21.77	22.87
11/9/2020 11:20:08 AM	4.69	8.28	1.64	2.36	0.00	0.00	0.00	0.67	16.97	100.00	6.59	12.08	2485	8277	738	71	0	0	0	0	11571	166.34	22.98	13.61	50.09	26.70	52.63	40.43	1.65	21.74	22.87
11/9/2020 11:20:11 AM	4.25	9.03	2.63	1.77	0.00	0.00	0.00	0.65	17.69	100.00	6.65	12.13	2255	9034	1185	53	0	0	0	0	12526	166.37	23.76	14.42	52.97	27.10	53.82	40.88	1.65	21.71	22.84
11/9/2020 11:20:13 AM	3.98	8.72	2.17	1.84	0.00	0.00	0.00	0.67	16.71	100.00	6.73	12.20	2107	8723	975	55	0	0	0	0	11861	166.48	22.55	13.55	50.87	26.05	52.34	38.35	1.66	21.69	22.81
11/9/2020 11:20:15 AM	4.02	8.74	2.47	1.49	0.00	0.00	0.00	0.65	16.72	100.00	6.84	12.09	2133	8740	1112	45	0	0	0	0	12030	165.48	22.14	13.38	50.54	25.79	51.28	38.11	1.67	21.66	22.81
11/9/2020 11:20:18 AM	4.29	9.46	2.78	1.06	0.00	0.00	0.00	0.63	17.59	100.00	6.89	11.96	2273	9460	1252	32	0	0	0	0	13016	166.32	22.23	13.73	53.34	26.34	53.09	38.56	1.68	21.63	22.76
11/9/2020 11:20:20 AM	4.40	9.29	2.31	1.66	0.00	0.00	0.00	0.67	17.66	100.00	6.98	11.96	2334	9294	1038	50	0	0	0	0	12716	166.10	23.00	14.44	53.71	27.02	54.24	39.73	1.68	21.59	22.80
11/9/2020 11:20:23 AM	4.26	8.78	1.96	2.05	0.00	0.00	0.00	0.68	17.06	100.00	7.03	12.00	2259	8784	881	62	0	0	0	0	11985	165.94	22.95	13.86	51.67	26.62	53.45	39.38	1.69	21.57	22.74
11/9/2020 11:20:25 AM	4.48	9.47	2.66	1.28	0.00	0.00	0.00	0.67	17.89	100.00	7.12	11.98	2374	9468	1198	39	0	0	0	0	13078	166.25	22.86	14.13	53.99	27.19	54.01	39.93	1.70	21.55	22.74
11/9/2020 11:20:27 AM	3.99	9.04	2.48	1.43	0.00	0.00	0.00	0.67	16.93	100.00	7.16	11.87	2113	9035	1115	43	0	0	0	0	12306	165.99	22.22	13.58	51.71	26.04	52.25	37.99	1.70	21.52	22.72
11/9/2020 11:20:30 AM	3.91	9.06	2.52	1.22	0.00	0.00	0.00	0.68	16.71	100.00	7.24	11.82	2072	9061	1133	37	0	0	0	0	12303	166.33	21.67	13.19	51.26	25.75	51.60	37.08	1.71	21.50	22.71
11/9/2020 11:20:32 AM	4.10	9.04	2.28	1.45	0.00	0.00	0.00	0.71	16.86	100.00	7.30	11.80	2171	9045	1024	43	0	0	0	0	12283	166.49	21.98	13.53	51.69	26.30	52.29	37.86	1.72	21.48	22.66
11/9/2020 11:20:34 AM	4.15	9.13	2.28	1.73	0.00	0.00	0.00	0.73	17.29	100.00	7.38	11.82	2201	9133	1025	52	0	0	0	0	12410	165.78	23.01	14.18	52.86	27.15	53.73	39.47	1.72	21.43	22.66
11/9/2020 11:20:37 AM	4.13	8.81	1.99	1.87	0.00	0.00	0.00	0.70	16.80	100.00	7.46	11.82	2190	8806	897	56	0	0	0	0	11949	166.08	22.46	13.55	51.26	26.34	52.83	38.45	1.73	21.41	22.64
11/9/2020 11:20:39 AM	3.96	8.96	2.26	1.56	0.00	0.00	0.00	0.68	16.73	100.00	7.51	11.82	2098	8961	1016	47	0	0	0	0	12122	165.84	22.09	13.39	51.35	25.98	52.33	37.62	1.74	21.39	22.62
11/9/2020 11:20:42 AM	3.91	8.88	2.22	1.65	0.00	0.00	0.00	0.70	16.65	100.00	7.55	11.83	2074	8877	998	49	0	0	0	0	11999	166.06	22.22	13.32	51.07	26.09	52.31	37.78	1.74	21.35	22.61
11/9/2020 11:20:44 AM	3.78	8.82	2.11	1.62	0.00	0.00	0.00	0.70	16.33	100.00	7.58	11.85	2004	8815	951	49	0	0	0	0	11819	166.59	21.76	13.28	50.58	25.61	51.67	36.76	1.74	21.34	22.59
11/9/2020 11:20:46 AM	4.10	9.17	2.48	1.34	0.00	0.00	0.00	0.69	17.09	100.00	7.66	11.87	2172	9171	1116	40	0	0	0	0	12499	165.88	22.19	13.42	52.15	26.36	52.69	38.17	1.75	21.31	22.56
11/9/2020 11:20:49 AM	3.91	9.32	2.81	1.05	0.00	0.00	0.00	0.70	17.09	100.00	7.72	11.86	2072	9317	1266	32	0	0	0	0	12687	165.99	22.12	13.50	52.41	26.39	52.26	37.92	1.76	21.29	22.55
11/9/2020 11:20:51 AM	3.93	9.46	2.84	1.10	0.00	0.00	0.00	0.71	17.32	100.00	7.78	11.84	2082	9460	1278	33	0	0	0	0	12853	166.18	22.47	13.82	53.24	26.77	53.02	38.43	1.76	21.26	22.55
11/9/2020 11:20:53 AM	4.38	9.65	2.79	1.13	0.00	0.00	0.00	0.68	17.96	100.00	7.81	11.82	2323	9648	1256	34	0	0	0	0	13261	165.65	22.79	14.26	54.56	27.19	54.16	39.63	1.76	21.24	22.52
11/9/2020 11:20:56 AM	4.38	9.44	2.70	1.35	0.00	0.00	0.00	0.68	17.86	100.00	7.85	11.83	2324	9435	1214	40	0	0	0	0	13013	165.97	23.09	14.00	53.88	27.29	54.19	40.11	1.77	21.20	22.51
11/9/2020 11:20:58 AM	4.32	9.62	2.88	1.13	0.00	0.00	0.00	0.69	17.95	100.00	7.87	11.88	2288	9618	1297	34	0	0	0	0	13237	165.59	22.99	14.19	54.43	27.43	54.12	39.95	1.77	21.18	22.51
11/9/2020 11:21:01 AM	4.51	9.31	2.59	1.38	0.00	0.00	0.00	0.69	17.78	100.00	7.91	11.97	2390	9311	1164	41	0	0	0	0	12906	165.65	22.90	13.99	53.42	27.29	53.73	40.16	1.77	21.16	22.48
11/9/2020 11:21:03 AM	4.25	9.17	2.39	1.66	0.00	0.00	0.00	0.72	17.47	100.00	7.92	12.02	2254	9173	1075	50	0	0	0	0	12552	166.02	23.13	13.99	52.99	27.28	53.93	39.90	1.78	21.13	22.43
11/9/2020 11:21:05 AM	4.45	9.62	2.82	1.27	0.00	0.00	0.00	0.70	18.16	100.00	7.97	12.07	2359	9617	1270	38	0	0	0	0	13284	164.80	23.37	14.51	54.86	27.81	54.65	40.77	1.78	21.10	22.44
11/9/2020 11:21:08 AM	4.14	9.11	2.63	1.32	0.00	0.00	0.00	0.70	17.20	100.00	8.09	11.98	2195	9106	1183	40	0	0	0	0	12523	165.74	22.49	13.64	52.09	26.77	52.42	39.00	1.79	21.08	22.43
11/9/2020 11:21:10 AM	3.63	8.82	2.67	1.12	0.00	0.00	0.00	0.69	16.23	100.00	8.18	11.87	1922	8816	1201	34	0	0	0	0	11973	166.27	21.40	12.73	49.81	25.36	50.19	36.42	1.80	21.06	22.36
11/9/2020 11:21:12 AM	3.80	8.74	2.33	1.32	0.00	0.00	0.00	0.71	16.18	100.00	8.23	11.88	2013	8743	1048	39	0	0	0	0	11843	166.42	21.30	12.78	49.73	25.55	50.46	36.49	1.81	21.04	22.35
11/9/2020 11:21:15 AM	3.90	9.50	2.85	0.98	0.00	0.00	0.00	0.70	17.23	100.00	8.31	11.91	2069	9497	1282	29	0	0	0	0	12877	165.95	22.15	13.44	53.03	26.51	52.86	37.85	1.81	21.01	22.38
11/9/2020 11:21:17 AM	3.97	9.28	2.52	1.20	0.00	0.00	0.00	0.70	16.98	100.00	8.37	11.92	2105	9284	1135	36	0	0	0	0	12559	165.87	21.91	13.34	52.27	26.26	52.56	37.51	1.82	20.99	22.34
11/9/2020 11:21:20 AM	4.04	9.05	2.31	1.27	0.00	0.00	0.00	0.72	16.67	100.00	8.44	11.96	2141	9054	1040	38	0	0	0	0	12273	165.76	21.53	13.22	51.28	26.15	51.67	37.18	1.83	20.96	22.33
11/9/2020 11:21:22 AM	4.13	9.24	2.55	1.03	0.00	0.00	0.00	0.69	16.96	100.00	8.51	11.90	2187	9245	1150	31	0	0	0	0	12612	165.57	21.49	13.36	51.97	26.09	51.76	37.31	1.83	20.94	22.29
11/9/2020 11:21:24 AM	4.20	9.39	2.74	1.02	0.00	0.00	0.00	0.70	17.35	100.00	8.55	11.87	2228	9388	1233	31	0	0	0	0	12879	165.71	22.09	13.47	52.79	26.74	52.63	38.46	1.84	20.91	22.28
11/9/2020 11:21:27 AM	4.14	9.38	2.99	0.62	0.00	0.00	0.00	0.69	17.13	100.00	8.71	11.84	2195	9380	1347	18	0	0	0	0	12940	166.22	21.35	13.05	52.04	26.27	51.19	37.52	1.85	20.90	22.28
11/9/2020 11:21:29 AM	3.79	9.52	3.18	0.44	0.00	0.00	0.00	0.69	16.93	100.00	8.82	11.77	2009	9520	1431	13	0	0	0	0	12973	165.69	21.13	12.95	52.14	25.81	50.97	36.42	1.86	20.88	22.23
11/9/2020 11:21:32 AM	3.72	9.02	2.58	0.82	0.00	0.00	0.00	0.70	16.14	100.00	8.90	11.73	1973	9016	1162	25	0	0	0	0	12175	165.13	20.51	12.36	49.96	25.12	49.90	35.20	1.87	20.85	22.24
11/9/2020 11:21:34 AM	3.81	8.94	2.41	1.06	0.00	0.00	0.00	0.71	16.22	100.00	8.97	11.72	2017	8944	1086	32	0	0	0	0	12079	165.56	20.86	12.62	50.11	25.42	50.39	35.83	1.88	20.82	22.20
11/9/2020 11:21:36 AM	3.93	9.41	2.87	0.68	0.00	0.00	0.00	0.70	16.90	100.00	9.04	11.76	2082	9412	1293	20	0	0	0	0	12807	165.22	21.18	13.10	52.05	25.92	51.27	36.63	1.89	20.81	22.20
11/9/2020 11:21:39 AM	3.91	9.66	3.13	0.61	0.00	0.00	0.00	0.72	17.30	100.00	9.10	11.81	2071	9657	1409	18	0	0	0	0	13156	165.72	21.81	13.49	53.29	26.63	52.20	37.64	1.89	20.80	22.14
11/9/2020 11:21:41 AM	3.87	9.39	2.80	0.83	0.00	0.00	0.00	0.75	16.88	100.00	9.16	11.86	2052	9386	1258	25	0	0	0	0	12721	165.80	21.53	13.55	52.29	26.53	51.48	37.20	1.90	20.77	22.16
11/9/2020 11:21:43 AM	4.04	8.92	2.19	1.22	0.00	0.00	0.00	0.77	16.36	100.00	9.19	11.88	2139	8916	987	37	0	0	0	0	12079	165.58	21.12	12.77	50.36	26.26	50.92	36.79	1.90	20.74	22.15
11/9/2020 11:21:46 AM	3.94	9.01	2.43	1.13	0.00	0.00	0.00	0.75	16.51	100.00	9.21	11.87	2090	9006	1094	34	0	0	0	0	12224	165.47	21.33	13.11	50.82	26.17	50.91	36.95	1.90	20.73	22.15
11/9/2020 11:21:48 AM	4.01	9.83	3.09	0.72	0.00	0.00	0.00	0.74	17.65	100.00	9.24	11.92	2127	9825	1388	22	0	0	0	0	13363	165.47	22.27	14.30	54.56	27.23	53.11	38.49	1.91	20.70	22.09
11/9/2020 11:21:51 AM	4.00	9.57	3.06	0.49	0.00	0.00	0.00	0.70	17.12	100.00	9.36	11.95	2121	9567	1375	15	0	0	0	0	13078	165.79	21.20	13.23	52.61	26.17	51.35	36.93	1.92	20.68	22.09
11/9/2020 11:21:53 AM	3.74	9.41	2.67	0.81	0.00	0.00	0.00	0.73	16.63	100.00	9.45	11.91	1981	9406	1203	24	0	0	0	0	12614	164.82	21.11	13.03	51.92	25.93	51.50	36.02	1.93	20.66	22.08
11/9/2020 11:21:55 AM	3.80	9.58	3.10	0.41	0.00	0.00	0.00	0.71	16.89	100.00	9.50	11.90	2016	9575	1395	12	0	0	0	0	12999	165.47	20.99	12.71	52.18	25.97	51.17	36.24	1.93	20.64	22.06
11/9/2020 11:21:58 AM	3.69	9.51	3.02	0.43	0.00	0.00	0.00	0.71	16.65	100.00	9.54	11.94	1953	9509	1359	13	0	0	0	0	12834	165.28	20.73	12.79	51.82	25.60	50.71	35.54	1.93	20.61	22.01
11/9/2020 11:22:00 AM	3.88	8.97	2.57	0.72	0.00	0.00	0.00	0.72	16.13	100.00	9.61	11.90	2057	8966	1158	21	0	0	0	0	12201	165.52	20.26	12.41	49.71	25.35	49.29	35.38	1.94	20.60	22.03
11/9/2020 11:22:02 AM	4.11	9.14	2.53	0.84	0.00	0.00	0.00	0.73	16.61	100.00	9.67	11.82	2177	9137	1137	25	0	0	0	0	12476	165.50	20.85	12.63	50.87	26.03	50.73	36.59	1.95	20.57	21.99
11/9/2020 11:22:05 AM	3.91	9.25	3.04	0.44	0.00	0.00	0.00	0.71	16.64	100.00	9.75	11.78	2071	9248	1367	13	0	0	0	0	12700	164.96	20.71	12.72	50.92	25.79	49.78	36.30	1.95	20.55	21.98
11/9/2020 11:22:07 AM	3.97	9.60	2.92	0.87	0.00	0.00	0.00	0.76	17.36	100.00	9.79	11.79	2103	9602	1312	26	0	0	0	0	13044	164.55	22.21	13.93	53.58	27.20	52.74	38.37	1.96	20.53	21.95
11/9/2020 11:22:10 AM	3.89	9.55	2.97	0.63	0.00	0.00	0.00	0.73	17.03	100.00	9.86	11.83	2061	9548	1334	19	0	0	0	0	12962	164.99	21.41	13.31	52.65	26.43	51.64	37.02	1.97	20.52	21.95
11/9/2020 11:22:12 AM	4.02	9.75	2.94	0.77	0.00	0.00	0.00	0.74	17.47	100.00	9.95	11.86	2130	9750	1321	23	0	0	0	0	13224	164.52	22.06	13.52	53.90	27.07	53.24	38.08	1.97	20.49	21.95
11/9/2020 11:22:14 AM	4.09	9.92	2.87	0.82	0.00	0.00	0.00	0.79	17.70	100.00	10.00	11.86	2169	9916	1291	25	0	0	0	0	13400	164.75	22.36	13.69	54.76	27.70	54.20	38.64	1.98	20.46	21.90
11/9/2020 11:22:17 AM	4.35	9.61	2.53	1.10	0.00	0.00	0.00	0.76	17.58	100.00	10.05	11.89	2305	9606	1137	33	0	0	0	0	13080	164.26	22.26	13.61	53.85	27.47	53.89	38.89	1.99	20.45	21.88
11/9/2020 11:22:19 AM	3.87	8.59	2.41	1.21	0.00	0.00	0.00	0.75	16.07	100.00	10.09	11.86	2049	8590	1083	36	0	0	0	0	11759	164.48	21.17	12.56	48.95	25.90	49.55	36.86	1.99	20.44	21.88
11/9/2020 11:22:22 AM	3.68	8.06	2.25	1.25	0.00	0.00	0.00	0.74	15.25	100.00	10.12	11.80	1951	8060	1013	38	0	0	0	0	11061	163.92	20.38	11.97	46.33	24.97	47.21	35.54	1.99	20.42	21.84
11/9/2020 11:22:24 AM	3.88	8.80	2.47	1.11	0.00	0.00	0.00	0.75	16.26	100.00	10.15	11.82	2057	8800	1110	33	0	0	0	0	12000	163.20	21.19	12.63	49.73	26.02	50.14	36.82	1.99	20.39	21.85
11/9/2020 11:22:26 AM	3.62	9.21	2.68	0.88	0.00	0.00	0.00	0.73	16.40	100.00	10.17	11.85	1920	9215	1206	26	0	0	0	0	12368	162.90	21.10	12.71	51.04	25.66	50.99	35.85	2.00	20.38	21.84
11/9/2020 11:22:29 AM	3.94	9.62	2.88	0.80	0.00	0.00	0.00	0.70	17.24	100.00	10.22	11.89	2088	9623	1295	24	0	0	0	0	13031	161.60	21.76	13.46	53.28	26.38	52.65	37.33	2.00	20.35	21.84
11/9/2020 11:22:31 AM	3.83	10.99	3.76	0.00	0.00	0.00	0.00	0.61	18.59	100.00	10.25	11.94	2030	10995	1692	0	0	0	0	0	14717	157.35	22.18	14.05	58.55	26.41	55.82	37.05	2.00	20.33	21.81
11/9/2020 11:22:33 AM	3.80	11.63	3.95	0.00	0.00	0.00	0.00	0.52	19.37	63.74	10.25	11.98	2013	11625	1777	0	0	0	0	0	15415	96.72	22.95	14.56	61.83	26.31	58.28	37.31	2.00	20.31	21.75
11/9/2020 11:22:36 AM	3.92	11.85	3.96	0.00	0.00	0.00	0.00	0.47	19.74	0.71	10.23	11.96	2080	11854	1781	0	0	0	0	0	15716	1.03	23.17	14.74	63.75	26.16	58.48	37.41	2.00	20.29	21.75
11/9/2020 11:22:38 AM	3.70	12.99	4.81	0.00	0.00	0.00	0.00	0.34	21.50	0.04	10.22	11.97	1960	12991	2166	0	0	0	0	0	17117	0.02	25.65	16.20	69.38	26.81	64.00	39.77	2.00	20.28	21.75
11/9/2020 11:22:41 AM	4.15	14.65	6.11	0.23	0.00	0.00	0.00	0.15	25.14	3.86	10.21	12.02	2202	14646	2750	7	0	0	0	0	19605	5.81	30.50	18.24	77.59	29.30	75.05	46.96	2.00	20.26	21.71
11/9/2020 11:22:43 AM	5.64	16.18	5.49	0.00	0.00	0.00	0.00	0.00	27.31	2.12	10.20	12.05	2991	16183	2470	0	0	0	0	0	21643	3.19	30.22	19.71	89.12	28.32	76.38	47.85	2.00	20.23	21.70
11/9/2020 11:22:45 AM	3.68	14.07	4.43	0.00	0.00	0.00	0.00	0.00	22.18	7.11	10.20	12.07	1950	14067	1994	0	0	0	0	0	18010	10.75	24.56	16.42	74.82	21.43	67.06	36.46	2.00	20.22	21.70
11/9/2020 11:22:48 AM	4.40	14.36	0.59	0.00	0.00	0.00	0.00	0.00	19.36	13.04	10.21	12.09	2332	14364	266	0	0	0	0	0	16963	19.75	16.53	12.11	81.94	11.88	56.43	23.66	2.00	20.18	21.71
