Date/Time	Green Algae	Bluegreen	Diatoms	Cryptophyta	#5	#6	#7	Yellow substances	Total conc.	Transmission	Depth	Temp. Sample	Green Algae	Bluegreen	Diatoms	Cryptophyta	#5	#6	#7	Yellow substances	Total cell count	Trans. 700 nm	LED 3 [525 nm]	LED 4 [570 nm]	LED 5 [610 nm]	LED 6 [370 nm]	LED 7 [590 nm]	LED 8 [470 nm]	Pressure	Temp. LEDs	Temp. Sensor
date	µg/l	µg/l	µg/l	µg/l	µg/l	µg/l	µg/l	r.u.	µg/l	%	m	°C	cells/ml	cells/ml	cells/ml	cells/ml	cells/ml	cells/ml	cells/ml	r.u.	cells/ml	digits	digits	digits	digits	digits	digits	digits	bar	°C	°C
5/12/2022 1:44:25 PM	3.10	0.35	4.92	0.00	0.00	0.00	0.00	0.04	8.37	100.00	0.05	19.25	1643	351	2215	0	0	0	0	0	4210	177.43	14.43	4.07	11.61	13.49	10.71	31.67	1.00	23.85	22.59
5/12/2022 1:44:27 PM	4.77	0.00	4.22	0.00	0.00	0.00	0.00	0.15	8.99	100.00	0.13	19.36	2530	0	1898	0	0	0	0	0	4428	177.60	13.71	2.50	9.56	15.36	10.96	34.86	1.01	23.87	22.59
5/12/2022 1:44:30 PM	4.75	0.20	3.85	0.00	0.00	0.00	0.00	0.20	8.79	100.00	0.18	19.41	2518	197	1730	0	0	0	0	0	4446	175.46	13.33	1.40	10.99	15.49	11.10	33.45	1.02	23.87	22.57
5/12/2022 1:44:32 PM	5.22	0.04	3.94	0.00	0.00	0.00	0.00	0.01	9.21	100.00	0.22	19.37	2766	44	1775	0	0	0	0	0	4585	177.33	13.06	2.88	10.58	14.29	10.71	33.84	1.02	23.90	22.60
5/12/2022 1:44:35 PM	3.95	0.12	3.79	0.00	0.00	0.00	0.00	0.34	7.85	100.00	0.26	19.32	2092	118	1705	0	0	0	0	0	3915	177.13	12.86	2.37	9.55	15.61	10.37	31.72	1.03	23.91	22.64
5/12/2022 1:44:37 PM	5.15	0.12	3.64	0.00	0.00	0.00	0.00	0.00	8.91	100.00	0.31	19.33	2730	119	1640	0	0	0	0	0	4488	176.67	12.05	4.51	10.84	12.68	10.20	32.62	1.03	23.92	22.60
5/12/2022 1:44:39 PM	5.58	0.00	3.56	0.00	0.00	0.00	0.00	0.03	9.14	100.00	0.35	19.36	2955	0	1604	0	0	0	0	0	4559	176.64	12.23	3.19	9.77	14.12	9.96	33.80	1.03	23.95	22.61
5/12/2022 1:44:42 PM	4.21	0.00	4.28	0.06	0.00	0.00	0.00	0.12	8.55	100.00	0.41	19.39	2231	0	1926	2	0	0	0	0	4159	177.42	13.58	3.01	9.04	14.56	11.28	33.23	1.04	23.95	22.64
5/12/2022 1:44:44 PM	4.39	0.07	4.10	0.00	0.00	0.00	0.00	0.08	8.56	100.00	0.46	19.45	2326	73	1844	0	0	0	0	0	4242	175.85	13.11	2.62	9.78	14.04	10.81	32.37	1.04	23.95	22.66
5/12/2022 1:44:46 PM	4.37	0.16	4.30	0.00	0.00	0.00	0.00	0.09	8.83	100.00	0.47	19.47	2318	165	1933	0	0	0	0	0	4416	176.64	13.69	2.75	10.37	14.58	11.45	33.35	1.05	23.98	22.66
5/12/2022 1:44:49 PM	4.69	0.00	4.18	0.00	0.00	0.00	0.00	0.00	8.87	100.00	0.50	19.43	2484	0	1883	0	0	0	0	0	4367	176.69	13.01	3.14	9.63	12.74	10.30	33.72	1.05	23.98	22.67
5/12/2022 1:44:51 PM	4.90	0.08	3.74	0.04	0.00	0.00	0.00	0.14	8.76	100.00	0.51	19.35	2598	81	1682	1	0	0	0	0	4362	177.94	12.81	2.55	9.48	14.86	11.67	33.13	1.05	24.00	22.69
5/12/2022 1:44:54 PM	5.04	0.18	3.98	0.00	0.00	0.00	0.00	0.10	9.21	100.00	0.56	19.47	2671	185	1793	0	0	0	0	0	4648	177.85	13.38	2.95	10.94	15.11	11.47	34.19	1.05	24.00	22.67
5/12/2022 1:44:56 PM	5.16	0.05	4.29	0.00	0.00	0.00	0.00	0.09	9.50	100.00	0.62	19.47	2735	54	1929	0	0	0	0	0	4718	177.41	14.03	2.51	10.07	15.59	12.16	35.81	1.06	24.01	22.70
5/12/2022 1:44:58 PM	5.74	0.21	4.79	0.00	0.00	0.00	0.00	0.00	10.73	100.00	0.64	19.35	3043	207	2154	0	0	0	0	0	5404	177.19	15.37	3.61	12.59	15.80	12.85	39.47	1.06	24.02	22.71
5/12/2022 1:45:01 PM	5.14	0.00	4.74	0.01	0.00	0.00	0.00	0.06	9.90	100.00	0.66	19.32	2726	0	2135	0	0	0	0	0	4861	176.80	14.99	2.26	9.43	15.96	13.14	37.68	1.06	24.03	22.71
5/12/2022 1:45:03 PM	4.14	0.04	5.21	0.23	0.00	0.00	0.00	0.19	9.62	100.00	0.68	19.31	2195	35	2346	7	0	0	0	0	4583	176.60	16.62	2.97	10.45	17.15	13.45	38.45	1.07	24.04	22.72
5/12/2022 1:45:06 PM	4.45	0.00	5.78	0.00	0.00	0.00	0.00	0.05	10.23	100.00	0.68	19.31	2358	0	2603	0	0	0	0	0	4961	176.40	16.97	3.70	10.63	16.69	12.77	39.84	1.07	24.05	22.74
5/12/2022 1:45:08 PM	5.38	0.05	5.43	0.00	0.00	0.00	0.00	0.02	10.86	100.00	0.73	19.22	2854	47	2444	0	0	0	0	0	5344	176.77	16.73	3.64	12.06	17.20	12.66	41.02	1.07	24.05	22.76
5/12/2022 1:45:10 PM	5.79	0.09	5.14	0.00	0.00	0.00	0.00	0.03	11.02	100.00	0.79	18.89	3071	89	2313	0	0	0	0	0	5473	176.93	16.39	2.65	11.93	17.37	13.43	41.12	1.08	24.07	22.74
5/12/2022 1:45:13 PM	5.17	0.05	5.55	0.00	0.00	0.00	0.00	0.01	10.78	100.00	0.82	18.76	2743	53	2499	0	0	0	0	0	5295	176.64	16.96	2.72	11.99	16.98	12.83	40.78	1.08	24.07	22.77
5/12/2022 1:45:15 PM	5.20	0.00	5.71	0.00	0.00	0.00	0.00	0.00	10.91	100.00	0.85	18.89	2757	0	2571	0	0	0	0	0	5328	175.91	17.01	4.11	11.01	16.78	13.25	41.73	1.08	24.07	22.74
5/12/2022 1:45:17 PM	5.37	0.00	5.33	0.00	0.00	0.00	0.00	0.05	10.70	100.00	0.88	19.02	2846	0	2398	0	0	0	0	0	5244	176.50	16.43	2.45	10.16	17.05	13.45	41.01	1.09	24.09	22.76
5/12/2022 1:45:20 PM	5.79	0.00	5.16	0.00	0.00	0.00	0.00	0.00	10.95	100.00	0.90	19.15	3067	0	2321	0	0	0	0	0	5389	177.04	16.37	1.47	11.45	16.94	13.26	40.95	1.09	24.09	22.72
5/12/2022 1:45:22 PM	5.57	0.00	4.89	0.00	0.00	0.00	0.00	0.18	10.46	100.00	0.93	19.31	2955	0	2200	0	0	0	0	0	5155	175.97	15.72	3.79	10.18	17.94	12.59	40.86	1.09	24.09	22.76
5/12/2022 1:45:25 PM	5.38	0.00	5.13	0.00	0.00	0.00	0.00	0.06	10.51	100.00	0.95	19.32	2853	0	2310	0	0	0	0	0	5162	176.82	15.83	4.02	10.28	16.72	12.23	40.39	1.09	24.09	22.79
5/12/2022 1:45:27 PM	5.90	0.12	4.78	0.00	0.00	0.00	0.00	0.00	10.81	100.00	0.96	19.27	3126	125	2152	0	0	0	0	0	5403	176.70	15.45	3.21	11.74	16.53	13.23	39.69	1.09	24.09	22.80
5/12/2022 1:45:29 PM	4.91	0.17	5.09	0.10	0.00	0.00	0.00	0.12	10.27	100.00	0.97	19.31	2603	166	2292	3	0	0	0	0	5063	177.36	16.29	3.16	11.31	17.23	13.82	39.31	1.09	24.10	22.79
5/12/2022 1:45:32 PM	6.30	0.13	4.61	0.00	0.00	0.00	0.00	0.00	11.04	100.00	0.98	19.34	3338	133	2073	0	0	0	0	0	5544	176.25	15.23	3.23	11.77	16.60	13.62	40.29	1.10	24.10	22.80
5/12/2022 1:45:34 PM	5.12	0.12	5.27	0.00	0.00	0.00	0.00	0.06	10.51	100.00	0.98	19.39	2711	120	2373	0	0	0	0	0	5204	176.47	16.38	3.10	11.69	17.01	13.03	39.82	1.10	24.11	22.80
5/12/2022 1:45:36 PM	5.56	0.05	4.88	0.00	0.00	0.00	0.00	0.10	10.49	100.00	0.98	19.32	2945	53	2195	0	0	0	0	0	5194	177.33	15.68	3.22	11.14	17.26	12.92	39.75	1.10	24.11	22.84
5/12/2022 1:45:39 PM	5.51	0.08	5.34	0.03	0.00	0.00	0.00	0.00	10.96	100.00	0.99	19.31	2921	76	2404	1	0	0	0	0	5401	176.09	16.59	3.30	11.56	16.81	13.76	41.10	1.10	24.11	22.80
5/12/2022 1:45:41 PM	5.34	0.04	5.34	0.00	0.00	0.00	0.00	0.08	10.73	100.00	1.03	19.24	2832	42	2404	0	0	0	0	0	5278	177.07	16.66	3.42	11.97	17.59	12.54	40.97	1.10	24.11	22.81
5/12/2022 1:45:44 PM	5.86	0.00	5.03	0.24	0.00	0.00	0.00	0.10	11.12	100.00	1.13	18.86	3104	0	2263	7	0	0	0	0	5374	176.74	16.85	4.49	11.99	18.35	13.72	42.44	1.11	24.11	22.84
5/12/2022 1:45:46 PM	5.42	0.02	5.35	0.00	0.00	0.00	0.00	0.15	10.79	100.00	1.17	18.49	2875	22	2406	0	0	0	0	0	5303	176.80	16.83	3.29	11.38	18.34	13.24	41.76	1.12	24.11	22.82
5/12/2022 1:45:48 PM	5.52	0.00	5.35	0.00	0.00	0.00	0.00	0.10	10.87	100.00	1.22	18.42	2925	0	2407	0	0	0	0	0	5332	176.47	16.62	3.84	10.91	17.84	13.03	41.86	1.12	24.12	22.85
5/12/2022 1:45:51 PM	5.87	0.00	5.23	0.00	0.00	0.00	0.00	0.07	11.09	100.00	1.26	18.46	3109	0	2352	0	0	0	0	0	5461	176.56	16.56	3.16	11.42	17.84	12.93	42.20	1.12	24.11	22.82
5/12/2022 1:45:53 PM	5.59	0.00	5.37	0.06	0.00	0.00	0.00	0.06	11.02	100.00	1.29	18.55	2960	0	2417	2	0	0	0	0	5379	177.74	16.93	3.04	11.14	17.82	13.93	42.00	1.13	24.11	22.84
5/12/2022 1:45:56 PM	5.23	0.01	5.75	0.00	0.00	0.00	0.00	0.03	10.99	100.00	1.33	18.57	2771	9	2587	0	0	0	0	0	5367	176.85	17.39	3.35	11.79	17.55	13.09	41.96	1.13	24.12	22.86
5/12/2022 1:45:58 PM	4.84	0.00	5.65	0.00	0.00	0.00	0.00	0.20	10.49	100.00	1.37	18.56	2565	0	2544	0	0	0	0	0	5108	177.27	17.30	3.19	10.95	18.42	12.65	41.84	1.13	24.11	22.89
5/12/2022 1:46:00 PM	5.26	0.13	5.50	0.00	0.00	0.00	0.00	0.01	10.90	100.00	1.39	18.58	2789	132	2477	0	0	0	0	0	5398	177.97	16.79	4.12	12.05	17.06	13.29	40.86	1.14	24.11	22.86
5/12/2022 1:46:03 PM	4.93	0.00	5.88	0.00	0.00	0.00	0.00	0.06	10.81	100.00	1.40	18.52	2614	0	2645	0	0	0	0	0	5259	177.28	17.55	3.48	11.43	17.60	13.00	41.87	1.14	24.11	22.89
5/12/2022 1:46:05 PM	5.82	0.04	5.51	0.00	0.00	0.00	0.00	0.05	11.36	100.00	1.41	18.47	3083	37	2479	0	0	0	0	0	5599	175.99	17.20	3.70	12.19	18.16	13.39	42.93	1.14	24.11	22.87
5/12/2022 1:46:07 PM	5.45	0.00	5.54	0.00	0.00	0.00	0.00	0.03	11.00	100.00	1.41	18.52	2890	0	2494	0	0	0	0	0	5384	176.79	16.91	4.00	11.48	17.42	12.69	41.95	1.14	24.11	22.87
5/12/2022 1:46:10 PM	5.37	0.03	5.81	0.00	0.00	0.00	0.00	0.00	11.22	100.00	1.44	18.61	2848	35	2613	0	0	0	0	0	5496	176.32	17.49	3.79	11.76	17.55	13.64	42.47	1.14	24.11	22.90
5/12/2022 1:46:12 PM	5.74	0.11	5.53	0.00	0.00	0.00	0.00	0.05	11.38	100.00	1.45	18.66	3043	108	2488	0	0	0	0	0	5639	175.73	17.33	3.17	12.50	18.17	13.71	42.82	1.14	24.11	22.86
5/12/2022 1:46:15 PM	5.86	0.00	5.38	0.00	0.00	0.00	0.00	0.04	11.24	100.00	1.46	18.74	3105	0	2420	0	0	0	0	0	5525	176.94	16.82	3.49	11.64	17.79	12.94	42.59	1.14	24.10	22.91
5/12/2022 1:46:17 PM	6.01	0.00	5.36	0.10	0.00	0.00	0.00	0.00	11.47	100.00	1.47	18.85	3184	0	2413	3	0	0	0	0	5600	177.26	16.96	4.37	11.79	17.39	13.83	43.24	1.14	24.10	22.85
5/12/2022 1:46:19 PM	6.00	0.00	5.33	0.07	0.00	0.00	0.00	0.00	11.40	100.00	1.50	18.96	3181	0	2397	2	0	0	0	0	5580	176.97	16.70	4.51	10.80	17.59	14.02	42.91	1.15	24.10	22.90
5/12/2022 1:46:22 PM	5.08	0.20	5.54	0.00	0.00	0.00	0.00	0.21	10.83	100.00	1.53	18.87	2691	203	2495	0	0	0	0	0	5390	176.23	17.47	3.46	12.69	18.99	13.39	42.09	1.15	24.10	22.91
5/12/2022 1:46:24 PM	5.22	0.00	6.03	0.00	0.00	0.00	0.00	0.01	11.25	100.00	1.54	18.74	2766	0	2713	0	0	0	0	0	5480	175.82	17.99	2.81	11.33	17.77	13.93	43.12	1.15	24.09	22.91
5/12/2022 1:46:26 PM	5.28	0.00	5.50	0.13	0.00	0.00	0.00	0.15	10.91	100.00	1.57	18.72	2798	0	2473	4	0	0	0	0	5275	176.76	17.44	3.59	11.12	18.57	14.04	42.61	1.15	24.09	22.94
5/12/2022 1:46:29 PM	5.02	0.02	5.48	0.00	0.00	0.00	0.00	0.19	10.51	100.00	1.60	18.68	2660	18	2464	0	0	0	0	0	5142	175.86	17.03	3.43	11.37	18.47	12.82	41.40	1.16	24.10	22.91
5/12/2022 1:46:31 PM	5.83	0.12	5.32	0.00	0.00	0.00	0.00	0.00	11.26	100.00	1.62	18.58	3089	116	2393	0	0	0	0	0	5598	176.37	16.75	3.21	12.38	17.45	13.53	41.79	1.16	24.09	22.91
5/12/2022 1:46:34 PM	4.57	0.04	5.67	0.00	0.00	0.00	0.00	0.21	10.27	100.00	1.64	18.43	2420	37	2551	0	0	0	0	0	5008	176.94	17.29	3.31	11.08	18.38	12.98	40.98	1.16	24.08	22.92
5/12/2022 1:46:36 PM	5.13	0.00	5.66	0.00	0.00	0.00	0.00	0.03	10.79	100.00	1.66	18.42	2718	0	2548	0	0	0	0	0	5266	177.07	16.98	3.21	10.75	16.96	12.59	41.65	1.16	24.08	22.94
5/12/2022 1:46:38 PM	5.47	0.04	5.43	0.00	0.00	0.00	0.00	0.11	10.94	100.00	1.68	18.54	2900	43	2443	0	0	0	0	0	5386	176.71	17.00	3.60	12.13	18.20	12.81	41.98	1.16	24.07	22.90
5/12/2022 1:46:41 PM	5.97	0.00	5.45	0.00	0.00	0.00	0.00	0.00	11.42	100.00	1.69	18.61	3162	0	2455	0	0	0	0	0	5617	176.27	17.00	3.18	11.76	17.66	13.40	42.92	1.17	24.06	22.94
5/12/2022 1:46:43 PM	5.22	0.00	5.89	0.00	0.00	0.00	0.00	0.01	11.11	100.00	1.73	18.63	2769	0	2650	0	0	0	0	0	5419	176.69	17.62	3.57	11.64	17.53	13.25	42.45	1.17	24.05	22.95
5/12/2022 1:46:46 PM	4.90	0.00	5.93	0.00	0.00	0.00	0.00	0.16	10.83	100.00	1.77	18.60	2598	0	2668	0	0	0	0	0	5266	176.62	17.88	3.22	10.93	18.59	13.22	43.02	1.17	24.06	22.92
5/12/2022 1:46:48 PM	5.75	0.00	5.72	0.00	0.00	0.00	0.00	0.03	11.47	100.00	1.80	18.55	3050	0	2573	0	0	0	0	0	5623	176.44	17.51	3.82	11.55	18.18	13.79	43.60	1.18	24.06	22.96
5/12/2022 1:46:50 PM	5.57	0.00	5.52	0.00	0.00	0.00	0.00	0.08	11.09	100.00	1.84	18.48	2952	0	2484	0	0	0	0	0	5436	176.97	17.17	3.03	11.46	18.16	13.45	42.52	1.18	24.05	22.94
5/12/2022 1:46:53 PM	5.43	0.00	5.77	0.00	0.00	0.00	0.00	0.06	11.20	100.00	1.88	18.53	2878	0	2595	0	0	0	0	0	5472	175.85	17.64	3.22	12.06	18.12	12.84	43.06	1.18	24.04	22.92
5/12/2022 1:46:55 PM	4.51	0.00	6.38	0.00	0.00	0.00	0.00	0.06	10.90	100.00	1.91	18.57	2392	0	2872	0	0	0	0	0	5265	176.28	18.54	3.38	11.43	17.93	13.48	42.76	1.19	24.04	22.94
5/12/2022 1:46:57 PM	6.04	0.00	5.58	0.00	0.00	0.00	0.00	0.04	11.62	100.00	1.94	18.56	3202	0	2512	0	0	0	0	0	5713	177.38	17.36	3.65	11.53	18.35	13.65	44.13	1.19	24.03	22.92
5/12/2022 1:47:00 PM	5.26	0.00	5.94	0.00	0.00	0.00	0.00	0.08	11.20	100.00	1.95	18.63	2790	0	2673	0	0	0	0	0	5462	177.20	17.90	3.61	11.29	18.38	13.83	43.40	1.19	24.02	23.00
5/12/2022 1:47:02 PM	5.22	0.00	6.21	0.00	0.00	0.00	0.00	0.02	11.43	100.00	1.99	18.69	2766	0	2794	0	0	0	0	0	5561	176.41	18.43	3.34	11.83	18.15	13.55	44.04	1.19	24.03	22.97
5/12/2022 1:47:05 PM	5.52	0.00	5.80	0.00	0.00	0.00	0.00	0.04	11.32	100.00	2.01	18.71	2923	0	2612	0	0	0	0	0	5535	176.98	17.68	3.48	11.71	18.14	13.40	43.37	1.20	24.03	22.96
5/12/2022 1:47:07 PM	5.47	0.00	6.05	0.00	0.00	0.00	0.00	0.06	11.52	100.00	2.03	18.71	2897	1	2722	0	0	0	0	0	5621	177.57	18.32	3.42	12.03	18.72	13.88	44.31	1.20	24.02	23.00
5/12/2022 1:47:09 PM	5.95	0.00	5.86	0.07	0.00	0.00	0.00	0.14	11.88	100.00	2.05	18.72	3156	0	2637	2	0	0	0	0	5795	175.96	18.48	3.89	11.90	19.96	14.69	46.05	1.20	24.02	22.97
5/12/2022 1:47:12 PM	5.32	0.16	6.21	0.00	0.00	0.00	0.00	0.17	11.68	100.00	2.09	18.67	2817	155	2794	0	0	0	0	0	5766	176.83	19.08	3.43	13.17	20.02	14.29	45.44	1.21	24.02	23.00
5/12/2022 1:47:14 PM	5.37	0.24	6.58	0.00	0.00	0.00	0.00	0.09	12.18	100.00	2.13	18.47	2844	240	2960	0	0	0	0	0	6044	176.00	19.78	3.69	13.26	19.93	15.74	46.61	1.21	24.00	22.96
5/12/2022 1:47:16 PM	5.45	0.26	7.60	0.00	0.00	0.00	0.00	0.20	13.32	100.00	2.19	18.04	2890	262	3420	0	0	0	0	0	6572	176.41	22.55	5.21	14.99	23.03	16.42	52.33	1.21	23.98	22.96
5/12/2022 1:47:19 PM	6.03	0.22	8.11	0.01	0.00	0.00	0.00	0.09	14.36	100.00	2.24	17.76	3195	215	3647	0	0	0	0	0	7058	175.49	23.85	4.39	15.21	23.54	17.96	55.54	1.22	23.98	22.99
5/12/2022 1:47:21 PM	6.95	0.30	7.37	0.00	0.00	0.00	0.00	0.11	14.62	100.00	2.28	17.82	3683	303	3317	0	0	0	0	0	7302	175.82	22.70	4.88	16.03	23.80	17.75	55.36	1.22	23.99	23.00
5/12/2022 1:47:24 PM	6.99	0.05	7.44	0.36	0.00	0.00	0.00	0.09	14.84	100.00	2.31	17.90	3703	51	3350	11	0	0	0	0	7114	176.07	23.73	5.76	15.90	24.22	18.07	57.16	1.23	23.97	22.94
5/12/2022 1:47:26 PM	7.41	0.28	8.00	0.30	0.00	0.00	0.00	0.10	15.98	100.00	2.34	18.01	3926	279	3600	9	0	0	0	0	7813	175.22	25.39	5.16	17.28	25.96	20.34	60.85	1.23	23.97	22.99
5/12/2022 1:47:28 PM	7.40	0.20	8.83	0.00	0.00	0.00	0.00	0.01	16.43	100.00	2.37	18.11	3922	200	3975	0	0	0	0	0	8097	175.41	26.12	5.66	17.43	25.88	19.14	62.44	1.23	23.96	23.00
5/12/2022 1:47:31 PM	7.87	0.02	8.08	0.38	0.00	0.00	0.00	0.05	16.35	100.00	2.40	18.11	4170	21	3636	12	0	0	0	0	7839	175.24	25.78	5.37	16.87	26.22	19.91	62.60	1.23	23.96	23.02
5/12/2022 1:47:33 PM	7.75	0.24	8.38	0.13	0.00	0.00	0.00	0.01	16.50	100.00	2.43	18.05	4108	237	3773	4	0	0	0	0	8122	176.63	25.72	5.04	17.32	25.86	20.18	62.18	1.24	23.95	23.04
5/12/2022 1:47:36 PM	7.92	0.10	7.97	0.33	0.00	0.00	0.00	0.08	16.32	100.00	2.46	17.94	4197	104	3588	10	0	0	0	0	7898	175.61	25.50	5.45	17.09	26.36	19.90	62.29	1.24	23.95	22.96
5/12/2022 1:47:38 PM	8.91	0.00	7.37	0.55	0.00	0.00	0.00	0.05	16.84	100.00	2.52	17.82	4724	0	3316	17	0	0	0	0	8056	175.34	25.17	5.85	17.33	26.76	20.45	63.60	1.25	23.92	22.97
5/12/2022 1:47:40 PM	8.29	0.21	8.49	0.00	0.00	0.00	0.00	0.00	16.99	100.00	2.56	17.67	4393	208	3822	0	0	0	0	0	8424	174.38	25.80	5.89	17.99	26.46	19.38	63.73	1.25	23.93	22.96
5/12/2022 1:47:43 PM	7.30	0.00	8.16	0.67	0.00	0.00	0.00	0.09	16.14	100.00	2.61	17.62	3870	0	3674	20	0	0	0	0	7564	176.02	26.61	6.04	17.09	26.46	20.46	62.76	1.26	23.90	22.97
5/12/2022 1:47:45 PM	8.62	0.27	8.14	0.18	0.00	0.00	0.00	0.02	17.22	100.00	2.66	17.63	4571	273	3665	5	0	0	0	0	8514	176.03	25.86	5.47	18.22	26.90	20.85	64.23	1.26	23.90	22.99
5/12/2022 1:47:47 PM	8.25	0.15	8.39	0.19	0.00	0.00	0.00	0.11	16.99	100.00	2.69	17.58	4373	154	3777	6	0	0	0	0	8310	174.88	26.44	5.31	17.63	27.72	20.49	64.92	1.26	23.90	23.00
5/12/2022 1:47:50 PM	8.17	0.27	8.30	0.37	0.00	0.00	0.00	0.09	17.11	100.00	2.74	17.60	4328	271	3736	11	0	0	0	0	8346	174.71	26.75	5.94	18.54	27.62	21.32	64.90	1.27	23.88	22.95
5/12/2022 1:47:52 PM	7.98	0.39	8.67	0.25	0.00	0.00	0.00	0.07	17.29	100.00	2.77	17.61	4232	394	3901	7	0	0	0	0	8534	175.24	27.14	6.37	19.14	27.61	21.35	65.21	1.27	23.89	22.97
5/12/2022 1:47:55 PM	9.14	0.00	7.52	0.82	0.00	0.00	0.00	0.00	17.48	100.00	2.82	17.58	4845	0	3385	24	0	0	0	0	8255	174.75	26.38	5.97	18.23	27.24	21.95	65.73	1.28	23.88	22.99
5/12/2022 1:47:57 PM	8.85	0.20	8.57	0.52	0.00	0.00	0.00	0.07	18.14	100.00	2.88	17.46	4692	202	3855	15	0	0	0	0	8765	174.55	28.13	6.29	19.39	29.04	22.45	68.71	1.28	23.86	22.97
5/12/2022 1:47:59 PM	9.62	0.30	8.53	0.52	0.00	0.00	0.00	0.11	18.97	100.00	2.94	17.26	5097	303	3840	16	0	0	0	0	9255	174.46	28.69	6.95	20.66	30.60	23.28	71.42	1.29	23.85	22.99
5/12/2022 1:48:02 PM	10.06	0.46	8.39	0.47	0.00	0.00	0.00	0.09	19.39	100.00	2.97	16.95	5333	463	3778	14	0	0	0	0	9587	174.47	28.53	7.07	21.50	30.79	23.92	71.87	1.29	23.84	22.97
5/12/2022 1:48:04 PM	10.04	0.22	8.39	0.56	0.00	0.00	0.00	0.00	19.21	100.00	3.03	16.96	5322	219	3774	17	0	0	0	0	9333	174.32	28.38	6.72	20.47	29.83	23.32	71.41	1.30	23.83	22.97
5/12/2022 1:48:06 PM	9.44	0.38	8.89	0.34	0.00	0.00	0.00	0.14	19.05	100.00	3.07	17.04	5005	376	3999	10	0	0	0	0	9391	173.95	29.04	6.33	20.57	30.99	23.47	71.89	1.30	23.82	22.97
5/12/2022 1:48:09 PM	9.62	0.42	9.36	0.14	0.00	0.00	0.00	0.10	19.54	100.00	3.09	17.08	5098	420	4211	4	0	0	0	0	9733	174.27	29.57	6.27	20.88	31.32	23.50	73.33	1.30	23.81	22.99
5/12/2022 1:48:11 PM	10.07	0.48	9.22	0.21	0.00	0.00	0.00	0.17	19.98	100.00	3.12	17.12	5335	482	4151	6	0	0	0	0	9975	174.04	29.99	6.01	21.42	32.53	24.59	75.02	1.31	23.80	22.99
5/12/2022 1:48:14 PM	10.76	0.20	8.58	0.62	0.00	0.00	0.00	0.07	20.15	100.00	3.14	17.14	5701	196	3859	19	0	0	0	0	9774	173.57	29.61	6.71	21.21	31.96	24.46	75.33	1.31	23.78	23.01
5/12/2022 1:48:16 PM	10.47	0.17	8.79	0.63	0.00	0.00	0.00	0.07	20.07	100.00	3.17	17.17	5550	173	3957	19	0	0	0	0	9698	174.32	29.97	6.87	21.16	31.90	24.35	75.40	1.31	23.78	22.99
5/12/2022 1:48:18 PM	9.75	0.24	9.16	0.39	0.00	0.00	0.00	0.10	19.54	100.00	3.21	17.22	5165	241	4121	12	0	0	0	0	9538	174.47	29.77	6.94	20.79	31.44	23.31	73.88	1.31	23.76	23.02
5/12/2022 1:48:21 PM	9.35	0.35	9.25	0.28	0.00	0.00	0.00	0.06	19.22	100.00	3.23	17.22	4954	345	4163	8	0	0	0	0	9471	174.74	29.39	6.93	20.77	30.54	23.01	72.26	1.32	23.75	22.99
5/12/2022 1:48:23 PM	10.22	0.21	9.04	0.32	0.00	0.00	0.00	0.04	19.79	100.00	3.27	17.11	5415	210	4069	10	0	0	0	0	9703	173.76	29.41	6.40	20.58	31.18	23.39	74.12	1.32	23.75	22.99
5/12/2022 1:48:25 PM	10.78	0.15	8.65	0.65	0.00	0.00	0.00	0.08	20.23	100.00	3.30	16.98	5714	155	3891	20	0	0	0	0	9779	174.14	29.86	7.03	21.30	32.20	24.36	75.89	1.32	23.73	23.00
5/12/2022 1:48:28 PM	11.29	0.13	9.11	0.49	0.00	0.00	0.00	0.03	21.02	100.00	3.32	16.97	5983	130	4101	15	0	0	0	0	10229	174.24	30.63	6.83	21.60	32.93	24.63	78.47	1.33	23.72	23.02
5/12/2022 1:48:30 PM	11.10	0.32	9.31	0.30	0.00	0.00	0.00	0.06	21.02	100.00	3.36	17.05	5882	317	4190	9	0	0	0	0	10399	174.23	30.62	6.82	22.06	33.11	24.73	78.19	1.33	23.71	23.00
5/12/2022 1:48:33 PM	11.13	0.00	9.18	0.58	0.00	0.00	0.00	0.06	20.89	100.00	3.38	17.11	5899	0	4131	17	0	0	0	0	10047	174.24	30.90	7.22	21.16	33.14	24.27	78.86	1.33	23.69	22.97
5/12/2022 1:48:35 PM	11.13	0.21	9.51	0.24	0.00	0.00	0.00	0.11	21.09	100.00	3.42	17.07	5896	214	4280	7	0	0	0	0	10397	174.14	30.98	6.59	21.64	33.79	24.42	79.24	1.33	23.69	22.94
5/12/2022 1:48:37 PM	11.08	0.34	9.56	0.29	0.00	0.00	0.00	0.00	21.27	100.00	3.46	17.01	5874	344	4301	9	0	0	0	0	10527	173.46	30.99	7.19	22.53	32.63	24.85	78.82	1.34	23.67	22.97
5/12/2022 1:48:40 PM	11.25	0.18	9.27	0.50	0.00	0.00	0.00	0.05	21.20	100.00	3.49	17.00	5965	178	4170	15	0	0	0	0	10328	174.27	31.09	7.18	22.07	33.42	24.90	79.27	1.34	23.66	22.96
5/12/2022 1:48:42 PM	11.61	0.01	9.28	0.50	0.00	0.00	0.00	0.00	21.40	100.00	3.53	17.00	6153	14	4176	15	0	0	0	0	10358	174.21	31.09	6.88	21.54	33.33	24.61	80.03	1.35	23.65	22.97
5/12/2022 1:48:45 PM	11.33	0.01	9.27	0.49	0.00	0.00	0.00	0.00	21.10	100.00	3.57	17.02	6003	15	4172	15	0	0	0	0	10205	173.84	30.80	6.75	21.34	32.39	24.32	79.18	1.35	23.63	22.99
5/12/2022 1:48:47 PM	11.21	0.00	9.15	0.47	0.00	0.00	0.00	0.00	20.83	100.00	3.62	17.05	5940	0	4117	14	0	0	0	0	10072	173.84	30.38	7.19	21.05	32.41	23.70	78.01	1.35	23.62	23.00
5/12/2022 1:48:49 PM	11.28	0.04	9.42	0.33	0.00	0.00	0.00	0.00	21.06	100.00	3.64	17.06	5977	38	4237	10	0	0	0	0	10261	174.24	30.62	6.90	21.28	32.38	23.74	78.94	1.36	23.60	22.97
5/12/2022 1:48:52 PM	11.20	0.00	9.25	0.31	0.00	0.00	0.00	0.00	20.76	100.00	3.68	17.02	5935	0	4163	9	0	0	0	0	10108	173.53	30.07	6.64	20.49	31.83	23.51	77.97	1.36	23.59	22.97
5/12/2022 1:48:54 PM	11.13	0.00	9.13	0.18	0.00	0.00	0.00	0.00	20.44	100.00	3.71	16.92	5898	0	4109	5	0	0	0	0	10013	173.62	29.30	6.20	20.04	31.04	22.85	76.72	1.36	23.59	22.97
5/12/2022 1:48:56 PM	11.17	0.00	8.88	0.16	0.00	0.00	0.00	0.00	20.21	100.00	3.75	16.80	5919	0	3997	5	0	0	0	0	9921	174.25	28.63	6.13	19.55	30.54	22.63	75.74	1.37	23.57	22.96
5/12/2022 1:48:59 PM	10.59	0.00	9.14	0.23	0.00	0.00	0.00	0.00	19.96	100.00	3.78	16.66	5615	0	4111	7	0	0	0	0	9733	173.54	29.09	6.43	19.36	30.27	22.73	75.38	1.37	23.56	22.94
5/12/2022 1:49:01 PM	10.93	0.00	8.99	0.15	0.00	0.00	0.00	0.00	20.07	100.00	3.82	16.71	5794	0	4045	5	0	0	0	0	9844	174.06	28.69	6.18	19.42	30.18	22.53	75.53	1.37	23.54	22.95
5/12/2022 1:49:04 PM	10.79	0.00	8.92	0.06	0.00	0.00	0.00	0.00	19.77	100.00	3.86	16.72	5719	0	4014	2	0	0	0	0	9735	173.62	28.02	6.26	18.60	29.32	22.11	74.60	1.38	23.51	22.90
5/12/2022 1:49:06 PM	10.55	0.00	8.80	0.12	0.00	0.00	0.00	0.00	19.46	100.00	3.89	16.65	5591	0	3958	3	0	0	0	0	9553	173.68	27.81	5.89	18.34	29.01	22.16	73.45	1.38	23.51	22.96
5/12/2022 1:49:08 PM	10.80	0.00	9.00	0.13	0.00	0.00	0.00	0.00	19.92	100.00	3.93	16.59	5722	0	4048	4	0	0	0	0	9774	173.99	28.44	6.35	18.96	29.62	22.41	75.21	1.38	23.50	22.97
5/12/2022 1:49:11 PM	10.46	0.00	9.43	0.01	0.00	0.00	0.00	0.00	19.90	100.00	3.97	16.57	5546	0	4243	0	0	0	0	0	9789	173.30	28.87	6.25	18.48	29.55	22.38	75.66	1.39	23.49	22.95
5/12/2022 1:49:13 PM	10.34	0.00	9.59	0.00	0.00	0.00	0.00	0.00	19.94	100.00	4.01	16.51	5479	0	4317	0	0	0	0	0	9797	173.72	29.22	6.55	18.82	29.98	22.15	75.77	1.39	23.48	22.95
5/12/2022 1:49:15 PM	10.88	0.00	9.22	0.00	0.00	0.00	0.00	0.00	20.10	100.00	4.07	16.41	5766	0	4151	0	0	0	0	0	9916	173.33	28.56	6.15	18.67	29.58	21.99	76.23	1.40	23.46	22.92
5/12/2022 1:49:18 PM	10.98	0.00	9.38	0.00	0.00	0.00	0.00	0.00	20.36	100.00	4.12	16.35	5819	0	4219	0	0	0	0	0	10038	173.90	29.00	6.24	19.40	29.75	22.21	77.21	1.40	23.43	22.95
5/12/2022 1:49:20 PM	11.24	0.00	9.21	0.07	0.00	0.00	0.00	0.00	20.53	100.00	4.19	16.20	5959	0	4146	2	0	0	0	0	10107	173.79	29.07	6.30	19.54	30.43	22.82	77.39	1.41	23.43	22.94
5/12/2022 1:49:23 PM	11.23	0.00	10.31	0.02	0.00	0.00	0.00	0.00	21.56	100.00	4.24	15.80	5951	0	4641	1	0	0	0	0	10592	174.04	31.28	6.99	19.86	31.23	24.06	82.51	1.42	23.41	22.92
5/12/2022 1:49:25 PM	12.83	0.00	11.10	0.32	0.00	0.00	0.00	0.00	24.25	100.00	4.28	15.60	6802	0	4994	10	0	0	0	0	11805	173.44	34.91	7.88	22.82	34.20	27.51	92.96	1.42	23.40	22.92
5/12/2022 1:49:27 PM	12.49	0.00	11.46	0.37	0.00	0.00	0.00	0.00	24.33	100.00	4.32	15.77	6621	0	5158	11	0	0	0	0	11789	173.57	35.80	8.15	22.80	34.95	27.90	93.53	1.42	23.38	22.92
5/12/2022 1:49:30 PM	12.76	0.00	11.38	0.36	0.00	0.00	0.00	0.00	24.50	100.00	4.35	15.91	6764	0	5122	11	0	0	0	0	11896	173.64	35.70	8.19	23.41	34.75	27.71	94.09	1.43	23.36	22.95
5/12/2022 1:49:32 PM	12.85	0.00	11.96	0.40	0.00	0.00	0.00	0.00	25.21	100.00	4.42	15.84	6812	0	5380	12	0	0	0	0	12204	173.58	37.24	8.39	23.63	36.06	28.90	97.11	1.43	23.35	22.91
5/12/2022 1:49:35 PM	13.28	0.00	12.73	0.64	0.00	0.00	0.00	0.00	26.65	100.00	4.46	15.06	7038	0	5729	19	0	0	0	0	12786	173.01	40.03	8.93	25.23	37.81	31.22	103.25	1.44	23.32	22.89
5/12/2022 1:49:37 PM	14.47	0.00	13.01	1.19	0.00	0.00	0.00	0.00	28.67	100.00	4.47	14.26	7669	0	5855	36	0	0	0	0	13559	172.95	43.10	10.41	28.10	40.81	34.40	110.77	1.44	23.31	22.84
5/12/2022 1:49:39 PM	14.97	0.00	14.56	1.67	0.00	0.00	0.00	0.00	31.19	100.00	4.49	14.24	7933	0	6551	50	0	0	0	0	14534	172.75	48.51	11.85	31.15	44.49	38.41	121.53	1.44	23.29	22.90
5/12/2022 1:49:42 PM	15.26	0.00	15.79	1.48	0.00	0.00	0.00	0.00	32.53	100.00	4.50	14.58	8086	0	7107	44	0	0	0	0	15238	173.01	50.89	12.46	31.48	46.23	39.58	127.43	1.44	23.27	22.90
5/12/2022 1:49:44 PM	16.24	0.00	16.54	1.58	0.00	0.00	0.00	0.00	34.36	100.00	4.54	14.93	8609	0	7445	47	0	0	0	0	16101	172.57	53.56	13.24	33.81	48.72	41.28	134.43	1.44	23.25	22.87
5/12/2022 1:49:46 PM	17.64	0.00	17.32	1.90	0.00	0.00	0.00	0.00	36.86	100.00	4.56	15.09	9349	0	7794	57	0	0	0	0	17200	171.90	57.32	14.14	37.25	52.41	44.24	143.74	1.45	23.24	22.86
5/12/2022 1:49:49 PM	17.83	0.00	17.81	2.14	0.00	0.00	0.00	0.00	37.78	100.00	4.62	15.00	9448	0	8017	64	0	0	0	0	17529	171.87	59.39	14.37	38.22	54.08	46.14	147.52	1.45	23.20	22.87
5/12/2022 1:49:51 PM	17.36	0.00	17.92	2.22	0.00	0.00	0.00	0.00	37.51	100.00	4.67	14.53	9203	0	8065	67	0	0	0	0	17335	171.80	59.59	14.47	37.44	53.94	46.54	146.89	1.46	23.20	22.86
5/12/2022 1:49:54 PM	17.99	0.00	18.45	2.21	0.00	0.00	0.00	0.00	38.65	100.00	4.71	14.36	9534	0	8302	66	0	0	0	0	17903	171.87	61.20	14.63	38.80	55.35	47.53	151.31	1.46	23.17	22.86
5/12/2022 1:49:56 PM	18.73	0.00	18.65	2.41	0.00	0.00	0.00	0.00	39.79	100.00	4.77	14.64	9927	0	8394	72	0	0	0	0	18393	170.79	62.74	14.99	40.19	56.95	49.13	155.48	1.47	23.16	22.80
5/12/2022 1:49:58 PM	18.60	0.00	16.98	2.88	0.00	0.00	0.00	0.00	38.46	100.00	4.83	14.69	9856	0	7642	86	0	0	0	0	17585	170.91	60.21	15.05	40.24	54.83	48.60	149.60	1.47	23.14	22.81
5/12/2022 1:50:01 PM	18.89	0.00	16.97	3.07	0.00	0.00	0.00	0.00	38.93	100.00	4.88	14.56	10011	0	7637	92	0	0	0	0	17740	170.24	61.10	15.01	41.28	56.01	49.53	151.06	1.48	23.11	22.86
5/12/2022 1:50:03 PM	19.16	0.00	17.12	3.33	0.00	0.00	0.00	0.00	39.61	100.00	4.93	14.47	10153	0	7706	100	0	0	0	0	17959	170.50	62.41	15.87	42.46	57.10	50.68	153.72	1.48	23.10	22.86
5/12/2022 1:50:05 PM	19.17	0.00	16.89	3.39	0.00	0.00	0.00	0.00	39.46	100.00	4.97	14.39	10162	0	7602	102	0	0	0	0	17867	170.46	62.15	15.45	42.73	56.84	50.68	152.98	1.49	23.08	22.80
5/12/2022 1:50:08 PM	19.77	0.00	16.67	3.25	0.00	0.00	0.00	0.00	39.70	100.00	5.02	14.31	10478	0	7503	98	0	0	0	0	18078	170.72	61.50	15.58	42.68	57.05	50.27	153.33	1.49	23.06	22.81
5/12/2022 1:50:10 PM	20.17	0.00	16.22	3.46	0.00	0.00	0.00	0.00	39.86	100.00	5.09	14.30	10690	0	7301	104	0	0	0	0	18094	170.70	61.33	15.65	43.76	56.72	50.63	153.67	1.50	23.04	22.82
5/12/2022 1:50:13 PM	20.14	0.00	16.63	3.06	0.00	0.00	0.00	0.00	39.82	100.00	5.14	14.28	10673	0	7483	92	0	0	0	0	18248	170.73	60.91	15.65	42.62	56.71	49.59	153.66	1.50	23.01	22.80
5/12/2022 1:50:15 PM	19.49	0.00	17.17	2.76	0.00	0.00	0.00	0.00	39.42	100.00	5.19	14.12	10327	0	7727	83	0	0	0	0	18137	171.08	60.84	15.33	41.28	56.24	48.82	152.72	1.51	22.99	22.80
5/12/2022 1:50:17 PM	19.00	0.00	16.00	3.15	0.00	0.00	0.00	0.00	38.15	100.00	5.25	14.00	10072	0	7198	95	0	0	0	0	17365	170.04	59.12	15.03	40.91	54.86	48.58	147.36	1.51	22.98	22.76
5/12/2022 1:50:20 PM	17.94	0.00	13.77	3.45	0.00	0.00	0.00	0.00	35.17	100.00	5.29	13.93	9507	0	6198	104	0	0	0	0	15809	169.83	54.30	13.71	38.08	51.20	46.83	134.95	1.52	22.96	22.81
5/12/2022 1:50:22 PM	17.92	0.00	12.93	3.43	0.00	0.00	0.00	0.00	34.28	100.00	5.32	13.88	9496	0	5818	103	0	0	0	0	15417	169.22	52.27	13.34	37.46	50.01	45.62	130.87	1.52	22.94	22.80
5/12/2022 1:50:25 PM	18.51	0.00	13.30	3.42	0.00	0.00	0.00	0.00	35.23	100.00	5.37	13.92	9812	0	5984	102	0	0	0	0	15899	168.93	53.43	13.74	38.34	51.40	46.37	134.37	1.53	22.91	22.79
5/12/2022 1:50:27 PM	19.21	0.00	14.24	3.16	0.00	0.00	0.00	0.00	36.60	100.00	5.40	13.93	10180	0	6407	95	0	0	0	0	16682	169.29	55.14	14.18	39.38	52.68	46.85	140.02	1.53	22.89	22.77
5/12/2022 1:50:29 PM	19.24	0.00	13.92	3.43	0.00	0.00	0.00	0.00	36.59	100.00	5.45	13.77	10196	0	6262	103	0	0	0	0	16561	169.32	55.31	14.55	39.96	52.98	47.43	139.73	1.53	22.86	22.71
5/12/2022 1:50:32 PM	19.52	0.19	13.43	3.46	0.00	0.00	0.00	0.00	36.60	100.00	5.51	13.68	10348	188	6044	104	0	0	0	0	16683	169.07	54.66	14.78	41.11	53.24	47.67	138.40	1.54	22.83	22.76
5/12/2022 1:50:34 PM	19.14	0.00	12.86	3.57	0.00	0.00	0.00	0.00	35.57	100.00	5.55	13.70	10144	0	5788	107	0	0	0	0	16039	169.44	53.27	14.26	39.40	51.90	46.55	135.03	1.54	22.81	22.72
5/12/2022 1:50:36 PM	18.13	0.00	12.67	3.39	0.00	0.00	0.00	0.00	34.19	100.00	5.57	13.62	9609	0	5700	102	0	0	0	0	15411	169.37	51.73	13.71	37.56	50.56	44.98	129.88	1.55	22.79	22.71
5/12/2022 1:50:39 PM	18.38	0.00	11.43	3.10	0.00	0.00	0.00	0.00	32.92	100.00	5.61	13.48	9743	0	5145	93	0	0	0	0	14981	169.02	48.06	12.61	35.75	48.58	42.82	123.83	1.55	22.77	22.69
5/12/2022 1:50:41 PM	19.29	0.18	11.36	3.14	0.00	0.00	0.00	0.00	33.96	100.00	5.64	13.49	10223	180	5111	94	0	0	0	0	15609	168.96	48.66	13.00	37.70	49.62	44.20	126.72	1.55	22.74	22.70
5/12/2022 1:50:44 PM	19.03	0.48	11.70	2.76	0.00	0.00	0.00	0.00	33.97	100.00	5.68	13.60	10084	483	5265	83	0	0	0	0	15915	169.15	48.40	13.45	38.49	49.69	43.82	125.74	1.56	22.72	22.69
5/12/2022 1:50:46 PM	19.51	0.37	11.26	3.11	0.00	0.00	0.00	0.00	34.26	100.00	5.71	13.64	10341	371	5068	93	0	0	0	0	15873	168.82	48.64	13.54	38.70	50.09	44.76	126.87	1.56	22.69	22.70
5/12/2022 1:50:48 PM	18.26	0.27	11.32	3.15	0.00	0.00	0.00	0.00	33.00	100.00	5.75	13.33	9679	266	5096	94	0	0	0	0	15136	168.62	48.19	13.05	37.06	49.13	43.68	122.96	1.56	22.66	22.70
5/12/2022 1:50:51 PM	18.11	0.81	10.28	2.43	0.00	0.00	0.00	0.00	31.62	100.00	5.79	13.07	9597	808	4624	73	0	0	0	0	15102	168.11	43.74	12.31	36.77	46.10	41.70	114.94	1.57	22.64	22.69
5/12/2022 1:50:53 PM	18.62	0.42	9.99	2.79	0.00	0.00	0.00	0.00	31.82	100.00	5.83	12.86	9868	419	4494	84	0	0	0	0	14866	168.66	44.12	12.44	36.09	46.33	41.57	116.91	1.57	22.61	22.66
5/12/2022 1:50:55 PM	18.47	0.67	9.18	2.33	0.00	0.00	0.00	0.00	30.65	100.00	5.86	12.72	9790	673	4132	70	0	0	0	0	14665	168.32	40.87	11.84	35.22	44.41	39.70	110.79	1.57	22.58	22.64
5/12/2022 1:50:58 PM	17.61	0.81	8.10	2.06	0.00	0.00	0.00	0.00	28.57	100.00	5.89	12.74	9332	807	3645	62	0	0	0	0	13847	167.40	37.08	10.90	33.26	41.33	37.37	101.94	1.58	22.57	22.64
5/12/2022 1:51:00 PM	18.52	1.40	8.90	1.29	0.00	0.00	0.00	0.00	30.11	100.00	5.92	12.66	9818	1396	4006	39	0	0	0	0	15258	167.56	37.54	11.36	35.97	42.77	38.14	105.38	1.58	22.54	22.62
5/12/2022 1:51:03 PM	18.81	1.14	8.96	1.73	0.00	0.00	0.00	0.00	30.63	100.00	5.96	12.58	9968	1137	4031	52	0	0	0	0	15187	167.48	39.08	11.87	36.02	44.42	39.08	108.13	1.58	22.50	22.61
5/12/2022 1:51:05 PM	18.27	0.61	7.96	2.28	0.00	0.00	0.00	0.00	29.12	100.00	5.99	12.55	9683	608	3583	68	0	0	0	0	13943	167.59	37.73	11.00	33.22	42.55	37.89	104.26	1.59	22.49	22.62
5/12/2022 1:51:07 PM	18.35	0.86	8.41	2.09	0.00	0.00	0.00	0.00	29.70	100.00	6.02	12.65	9724	860	3784	63	0	0	0	0	14430	167.32	38.43	11.45	34.50	43.39	38.57	105.66	1.59	22.45	22.60
5/12/2022 1:51:10 PM	18.16	0.65	7.80	2.35	0.00	0.00	0.00	0.00	28.96	100.00	6.05	12.77	9623	652	3510	70	0	0	0	0	13856	167.36	37.54	10.97	33.27	42.33	38.12	103.47	1.59	22.42	22.59
5/12/2022 1:51:12 PM	17.52	0.76	7.30	2.03	0.00	0.00	0.00	0.00	27.62	100.00	6.09	12.85	9287	765	3284	61	0	0	0	0	13397	167.72	35.07	10.37	32.01	40.16	36.24	97.85	1.60	22.38	22.57
5/12/2022 1:51:14 PM	17.57	1.02	7.71	1.73	0.00	0.00	0.00	0.00	28.03	100.00	6.13	12.87	9314	1018	3469	52	0	0	0	0	13853	167.88	35.27	10.64	33.08	40.27	36.40	98.69	1.60	22.36	22.55
5/12/2022 1:51:17 PM	17.99	1.14	8.70	1.60	0.00	0.00	0.00	0.00	29.43	100.00	6.17	12.92	9533	1139	3914	48	0	0	0	0	14635	167.82	37.59	11.01	34.66	42.38	37.88	103.90	1.61	22.34	22.56
5/12/2022 1:51:19 PM	18.28	1.46	9.02	1.41	0.00	0.00	0.00	0.00	30.16	100.00	6.23	12.92	9687	1461	4059	42	0	0	0	0	15249	166.79	38.19	11.52	36.28	43.48	38.88	105.40	1.61	22.30	22.54
5/12/2022 1:51:22 PM	18.43	1.11	6.59	2.21	0.00	0.00	0.00	0.00	28.34	100.00	6.28	12.51	9767	1111	2964	66	0	0	0	0	13909	167.44	34.81	11.41	34.09	41.68	38.08	98.16	1.62	22.28	22.54
5/12/2022 1:51:24 PM	15.94	1.56	4.27	2.30	0.00	0.00	0.00	0.10	24.07	100.00	6.32	11.66	8449	1561	1920	69	0	0	0	0	11999	167.66	28.75	10.20	31.66	36.18	35.99	81.02	1.62	22.25	22.51
5/12/2022 1:51:26 PM	15.66	2.48	4.50	1.47	0.00	0.00	0.00	0.07	24.12	100.00	6.36	11.33	8302	2477	2026	44	0	0	0	0	12850	167.36	27.22	10.19	33.95	35.11	36.45	77.60	1.62	22.22	22.54
5/12/2022 1:51:29 PM	15.87	2.58	4.90	1.06	0.00	0.00	0.00	0.00	24.41	100.00	6.40	11.66	8409	2579	2207	32	0	0	0	0	13226	166.80	26.88	10.14	34.09	34.69	35.65	77.71	1.63	22.19	22.50
5/12/2022 1:51:31 PM	15.52	2.23	4.49	1.55	0.00	0.00	0.00	0.05	23.78	100.00	6.44	11.84	8226	2225	2019	46	0	0	0	0	12516	167.17	27.09	10.00	32.84	34.70	35.56	77.21	1.63	22.16	22.49
5/12/2022 1:51:34 PM	14.47	2.39	3.97	1.33	0.00	0.00	0.00	0.12	22.16	100.00	6.48	11.84	7667	2388	1788	40	0	0	0	0	11883	168.91	24.87	9.48	31.69	32.75	33.99	71.21	1.63	22.14	22.46
5/12/2022 1:51:36 PM	13.39	2.51	3.15	1.44	0.00	0.00	0.00	0.24	20.49	100.00	6.54	11.87	7099	2514	1416	43	0	0	0	0	11071	168.70	23.01	9.08	30.75	31.31	33.31	65.59	1.64	22.10	22.45
5/12/2022 1:51:38 PM	13.63	3.07	3.47	1.05	0.00	0.00	0.00	0.18	21.22	100.00	6.58	11.80	7226	3072	1560	31	0	0	0	0	11889	168.80	22.98	9.36	32.91	31.28	34.54	65.73	1.65	22.07	22.44
5/12/2022 1:51:41 PM	13.89	3.05	3.01	1.28	0.00	0.00	0.00	0.20	21.23	100.00	6.64	11.83	7362	3051	1354	38	0	0	0	0	11806	168.65	22.79	9.75	33.21	31.51	34.96	65.74	1.65	22.03	22.45
5/12/2022 1:51:43 PM	14.17	2.89	3.20	1.14	0.00	0.00	0.00	0.18	21.40	100.00	6.68	11.86	7512	2890	1441	34	0	0	0	0	11877	168.36	22.79	9.55	32.59	31.68	34.13	66.67	1.65	22.01	22.41
5/12/2022 1:51:45 PM	13.47	2.84	3.24	1.28	0.00	0.00	0.00	0.33	20.83	100.00	6.73	11.99	7140	2841	1457	38	0	0	0	0	11476	169.07	23.25	9.73	32.25	32.49	34.00	66.39	1.66	21.98	22.41
5/12/2022 1:51:48 PM	12.42	2.95	3.08	0.73	0.00	0.00	0.00	0.24	19.18	100.00	6.76	12.06	6581	2953	1385	22	0	0	0	0	10942	169.22	20.38	8.50	30.26	28.91	31.33	59.19	1.66	21.95	22.41
5/12/2022 1:51:50 PM	12.47	3.51	3.14	0.45	0.00	0.00	0.00	0.30	19.58	100.00	6.81	12.05	6611	3515	1413	13	0	0	0	0	11553	169.87	20.27	8.81	32.32	29.56	32.66	59.02	1.67	21.92	22.38
5/12/2022 1:51:53 PM	11.84	3.44	3.29	0.48	0.00	0.00	0.00	0.34	19.06	100.00	6.87	11.88	6278	3436	1482	14	0	0	0	0	11211	169.26	20.42	8.90	31.75	29.37	32.07	58.15	1.67	21.90	22.38
5/12/2022 1:51:55 PM	11.60	2.91	2.32	1.12	0.00	0.00	0.00	0.44	17.96	100.00	6.93	11.73	6147	2910	1046	34	0	0	0	0	10136	169.62	19.84	8.21	29.47	29.09	31.59	56.52	1.68	21.87	22.35
5/12/2022 1:51:57 PM	11.48	3.05	2.41	0.83	0.00	0.00	0.00	0.43	17.77	100.00	6.99	11.59	6086	3046	1085	25	0	0	0	0	10242	170.35	19.14	8.09	29.44	28.56	30.92	55.22	1.68	21.83	22.36
5/12/2022 1:52:00 PM	9.59	3.58	2.15	0.00	0.00	0.00	0.00	0.57	15.32	100.00	7.05	11.39	5084	3579	966	0	0	0	0	0	9629	172.54	15.62	7.04	28.59	25.84	27.57	45.64	1.69	21.79	22.34
5/12/2022 1:52:02 PM	8.43	3.24	1.84	0.19	0.00	0.00	0.00	0.68	13.69	100.00	7.12	11.31	4467	3238	829	6	0	0	0	0	8539	173.03	14.74	6.67	25.75	24.82	26.15	42.13	1.70	21.77	22.31
5/12/2022 1:52:04 PM	8.35	2.81	1.64	0.46	0.00	0.00	0.00	0.70	13.26	100.00	7.19	11.17	4423	2812	737	14	0	0	0	0	7986	173.46	14.80	6.37	24.14	24.77	25.29	42.24	1.70	21.72	22.30
5/12/2022 1:52:07 PM	7.96	2.70	1.51	0.50	0.00	0.00	0.00	0.73	12.67	100.00	7.24	10.99	4219	2700	679	15	0	0	0	0	7612	172.88	14.37	6.33	23.33	24.31	24.47	40.82	1.71	21.71	22.28
5/12/2022 1:52:09 PM	7.94	2.87	1.32	0.65	0.00	0.00	0.00	0.75	12.78	100.00	7.30	10.93	4207	2871	596	20	0	0	0	0	7693	173.13	14.59	6.40	24.17	24.56	25.70	40.81	1.72	21.67	22.28
5/12/2022 1:52:12 PM	7.48	3.19	1.69	0.28	0.00	0.00	0.00	0.76	12.64	100.00	7.36	10.93	3963	3192	760	8	0	0	0	0	7924	173.83	14.28	6.55	24.84	24.15	25.43	39.44	1.72	21.63	22.25
5/12/2022 1:52:14 PM	7.50	2.78	1.17	0.78	0.00	0.00	0.00	0.77	12.22	100.00	7.41	10.80	3973	2776	529	23	0	0	0	0	7301	173.50	14.34	6.26	23.48	23.97	25.33	39.38	1.73	21.60	22.24
5/12/2022 1:52:16 PM	7.24	3.08	1.57	0.35	0.00	0.00	0.00	0.79	12.24	100.00	7.44	10.93	3840	3076	706	10	0	0	0	0	7632	173.82	14.07	6.20	24.07	23.97	25.05	38.68	1.73	21.56	22.21
5/12/2022 1:52:19 PM	7.54	2.87	1.22	0.63	0.00	0.00	0.00	0.82	12.26	100.00	7.50	11.28	3994	2874	549	19	0	0	0	0	7436	173.66	14.23	6.23	23.70	24.50	25.26	39.55	1.73	21.54	22.21
5/12/2022 1:52:21 PM	6.50	2.78	1.31	0.49	0.00	0.00	0.00	0.83	11.08	100.00	7.52	11.46	3447	2780	591	15	0	0	0	0	6833	173.97	13.33	5.93	22.21	22.94	23.47	36.03	1.74	21.51	22.18
5/12/2022 1:52:24 PM	6.54	2.34	0.89	0.80	0.00	0.00	0.00	0.84	10.58	100.00	7.56	11.45	3466	2337	402	24	0	0	0	0	6230	174.01	13.01	5.53	20.47	22.55	22.60	35.60	1.74	21.47	22.20
5/12/2022 1:52:26 PM	6.50	2.67	0.97	0.69	0.00	0.00	0.00	0.84	10.83	100.00	7.62	11.36	3445	2671	434	21	0	0	0	0	6572	174.31	13.06	5.94	21.84	22.69	23.45	35.40	1.75	21.44	22.16
5/12/2022 1:52:28 PM	6.85	2.76	1.16	0.54	0.00	0.00	0.00	0.83	11.30	100.00	7.74	10.84	3630	2758	521	16	0	0	0	0	6925	174.09	13.29	6.04	22.39	23.20	23.66	36.65	1.76	21.41	22.16
5/12/2022 1:52:31 PM	5.64	3.04	1.57	0.13	0.00	0.00	0.00	0.81	10.38	100.00	7.81	10.22	2987	3037	708	4	0	0	0	0	6736	174.29	12.48	5.73	22.10	21.53	22.64	32.77	1.76	21.38	22.13
5/12/2022 1:52:33 PM	5.96	2.44	0.82	0.62	0.00	0.00	0.00	0.83	9.84	100.00	7.87	10.32	3159	2436	368	19	0	0	0	0	5982	174.47	11.96	5.39	19.98	21.27	21.61	32.57	1.77	21.35	22.11
5/12/2022 1:52:35 PM	5.86	2.97	1.53	0.10	0.00	0.00	0.00	0.82	10.46	100.00	7.93	10.54	3105	2966	691	3	0	0	0	0	6764	174.57	12.39	5.73	21.90	21.78	22.32	33.24	1.78	21.32	22.09
5/12/2022 1:52:38 PM	5.91	2.47	0.87	0.56	0.00	0.00	0.00	0.85	9.80	100.00	7.94	10.45	3131	2473	390	17	0	0	0	0	6011	174.64	11.93	5.24	19.97	21.39	21.61	32.50	1.78	21.28	22.09
5/12/2022 1:52:40 PM	6.03	2.85	1.07	0.39	0.00	0.00	0.00	0.87	10.34	100.00	8.03	10.63	3195	2852	481	12	0	0	0	0	6540	174.32	12.33	5.58	21.64	22.16	22.82	33.36	1.79	21.24	22.05
5/12/2022 1:52:43 PM	5.69	2.50	0.66	0.53	0.00	0.00	0.00	0.82	9.39	100.00	8.12	10.34	3017	2503	299	16	0	0	0	0	5835	174.79	11.20	5.14	19.66	20.45	21.20	30.61	1.80	21.21	22.08
5/12/2022 1:52:45 PM	5.62	2.63	0.90	0.24	0.00	0.00	0.00	0.85	9.38	100.00	8.21	9.96	2977	2629	404	7	0	0	0	0	6018	174.58	10.96	5.02	19.76	20.61	20.72	30.36	1.80	21.17	22.05
5/12/2022 1:52:47 PM	5.27	2.63	1.04	0.18	0.00	0.00	0.00	0.84	9.12	100.00	8.26	9.91	2794	2631	468	5	0	0	0	0	5899	174.41	10.87	5.08	19.53	20.19	20.27	29.55	1.81	21.14	21.99
5/12/2022 1:52:50 PM	5.24	2.63	0.92	0.26	0.00	0.00	0.00	0.87	9.05	100.00	8.32	9.82	2778	2630	413	8	0	0	0	0	5829	174.63	10.89	4.96	19.50	20.30	20.55	29.45	1.82	21.11	22.00
5/12/2022 1:52:52 PM	5.12	2.92	1.16	0.00	0.00	0.00	0.00	0.86	9.20	100.00	8.38	9.77	2715	2925	520	0	0	0	0	0	6160	174.38	10.82	5.02	20.48	20.30	20.80	29.08	1.82	21.07	21.98
5/12/2022 1:52:54 PM	5.13	3.13	1.00	0.00	0.00	0.00	0.00	0.87	9.26	100.00	8.41	9.90	2717	3126	452	0	0	0	0	0	6294	174.68	10.63	5.19	21.21	20.24	21.50	28.52	1.82	21.04	21.99
5/12/2022 1:52:57 PM	5.05	2.84	0.97	0.14	0.00	0.00	0.00	0.89	9.00	100.00	8.46	10.13	2675	2835	439	4	0	0	0	0	5953	174.10	10.79	5.06	20.09	20.37	20.84	28.88	1.83	21.01	21.96
5/12/2022 1:52:59 PM	5.19	2.67	0.84	0.22	0.00	0.00	0.00	0.88	8.92	100.00	8.51	10.20	2751	2670	378	7	0	0	0	0	5805	174.30	10.61	4.93	19.48	20.17	20.43	28.88	1.83	20.98	21.95
5/12/2022 1:53:02 PM	5.03	2.39	0.64	0.38	0.00	0.00	0.00	0.88	8.43	100.00	8.57	10.14	2666	2386	288	11	0	0	0	0	5351	174.78	10.32	4.67	18.20	19.74	19.57	28.14	1.84	20.93	21.91
5/12/2022 1:53:04 PM	5.02	2.56	0.83	0.21	0.00	0.00	0.00	0.86	8.61	100.00	8.63	10.12	2662	2558	372	6	0	0	0	0	5599	174.97	10.31	4.80	18.80	19.67	19.73	28.08	1.85	20.91	21.90
5/12/2022 1:53:06 PM	5.04	2.75	0.79	0.17	0.00	0.00	0.00	0.89	8.75	100.00	8.71	10.34	2672	2747	355	5	0	0	0	0	5779	174.59	10.35	4.94	19.57	20.00	20.37	28.11	1.85	20.88	21.88
5/12/2022 1:53:09 PM	5.12	2.69	0.82	0.09	0.00	0.00	0.00	0.88	8.72	100.00	8.81	10.16	2715	2691	369	3	0	0	0	0	5778	174.28	10.15	4.65	19.16	19.88	19.99	28.06	1.86	20.85	21.86
5/12/2022 1:53:11 PM	5.00	2.91	0.93	0.00	0.00	0.00	0.00	0.86	8.84	100.00	8.85	9.80	2650	2910	420	0	0	0	0	0	5980	174.58	10.19	4.97	20.20	19.67	20.25	27.64	1.87	20.81	21.84
5/12/2022 1:53:13 PM	5.12	2.54	0.71	0.21	0.00	0.00	0.00	0.89	8.58	100.00	8.89	9.92	2712	2540	320	6	0	0	0	0	5578	174.72	10.16	4.51	18.60	19.83	19.78	28.07	1.87	20.78	21.84
5/12/2022 1:53:16 PM	5.02	2.48	0.65	0.29	0.00	0.00	0.00	0.90	8.44	100.00	8.93	10.05	2662	2476	294	9	0	0	0	0	5441	174.88	10.17	4.71	18.44	19.79	19.57	27.91	1.87	20.74	21.83
5/12/2022 1:53:18 PM	5.15	2.92	0.90	0.00	0.00	0.00	0.00	0.88	8.97	100.00	8.97	10.13	2728	2920	407	0	0	0	0	0	6055	174.81	10.28	4.77	20.29	20.03	20.50	28.14	1.88	20.70	21.81
5/12/2022 1:53:21 PM	5.03	2.79	0.72	0.22	0.00	0.00	0.00	0.91	8.75	100.00	8.99	10.16	2663	2794	323	7	0	0	0	0	5787	174.70	10.42	4.74	19.70	20.18	20.84	28.13	1.88	20.68	21.75
5/12/2022 1:53:23 PM	4.81	2.75	0.92	0.00	0.00	0.00	0.00	0.88	8.47	100.00	9.04	10.23	2547	2746	414	0	0	0	0	0	5708	174.66	9.96	4.66	19.09	19.48	19.64	27.10	1.89	20.64	21.71
5/12/2022 1:53:25 PM	4.90	2.94	0.81	0.00	0.00	0.00	0.00	0.88	8.65	100.00	9.10	10.31	2599	2937	363	0	0	0	0	0	5899	174.60	9.94	4.81	20.43	19.56	19.85	26.95	1.89	20.60	21.74
5/12/2022 1:53:28 PM	5.09	3.02	0.72	0.00	0.00	0.00	0.00	0.89	8.83	100.00	9.14	10.30	2696	3021	325	0	0	0	0	0	6042	175.01	9.96	4.76	20.85	19.84	20.33	27.27	1.90	20.57	21.70
5/12/2022 1:53:30 PM	5.02	2.93	0.82	0.00	0.00	0.00	0.00	0.93	8.76	100.00	9.17	10.32	2659	2928	367	0	0	0	0	0	5953	174.79	10.13	4.75	20.08	20.22	20.43	27.75	1.90	20.55	21.70
5/12/2022 1:53:33 PM	5.16	2.99	0.74	0.00	0.00	0.00	0.00	0.90	8.90	100.00	9.21	10.35	2736	2990	335	0	0	0	0	0	6061	174.03	10.08	4.67	20.89	20.11	20.23	27.72	1.90	20.51	21.68
5/12/2022 1:53:35 PM	4.98	2.99	0.77	0.00	0.00	0.00	0.00	0.91	8.74	100.00	9.25	10.27	2639	2992	347	0	0	0	0	0	5978	174.32	10.04	4.75	20.53	20.01	20.36	27.35	1.91	20.48	21.70
5/12/2022 1:53:37 PM	4.98	3.04	0.72	0.00	0.00	0.00	0.00	0.91	8.75	100.00	9.29	10.30	2642	3041	326	0	0	0	0	0	6008	174.46	9.94	4.72	20.43	19.92	20.81	27.14	1.91	20.45	21.68
5/12/2022 1:53:40 PM	4.97	2.99	0.69	0.00	0.00	0.00	0.00	0.91	8.66	100.00	9.31	10.40	2635	2991	312	0	0	0	0	0	5938	174.46	9.85	4.70	20.50	19.85	20.20	26.97	1.91	20.42	21.63
5/12/2022 1:53:42 PM	4.69	2.73	0.78	0.00	0.00	0.00	0.00	0.94	8.20	100.00	9.34	10.50	2485	2726	351	0	0	0	0	0	5562	175.03	9.70	4.52	18.75	19.66	19.40	26.57	1.91	20.38	21.61
5/12/2022 1:53:44 PM	4.80	2.72	0.69	0.00	0.00	0.00	0.00	0.93	8.21	100.00	9.37	10.60	2543	2725	309	0	0	0	0	0	5577	174.17	9.53	4.50	19.04	19.54	19.05	26.41	1.92	20.34	21.57
5/12/2022 1:53:47 PM	4.96	2.73	0.61	0.00	0.00	0.00	0.00	0.95	8.30	100.00	9.40	10.66	2627	2730	276	0	0	0	0	0	5633	174.63	9.49	4.58	19.11	19.82	19.14	26.74	1.92	20.32	21.54
5/12/2022 1:53:49 PM	4.68	2.11	0.17	0.41	0.00	0.00	0.00	0.96	7.37	100.00	9.42	10.67	2480	2111	75	12	0	0	0	0	4678	174.44	9.09	3.94	16.19	19.07	17.97	25.62	1.92	20.29	21.54
5/12/2022 1:53:52 PM	4.73	2.62	0.60	0.00	0.00	0.00	0.00	0.91	7.94	100.00	9.47	10.63	2507	2616	269	0	0	0	0	0	5392	174.80	9.14	4.29	18.36	19.01	18.47	25.61	1.93	20.26	21.55
5/12/2022 1:53:54 PM	4.65	2.84	0.59	0.00	0.00	0.00	0.00	0.92	8.07	100.00	9.54	10.42	2465	2839	264	0	0	0	0	0	5567	174.61	9.31	4.40	19.45	19.18	19.18	25.48	1.93	20.22	21.54
5/12/2022 1:53:56 PM	4.53	2.83	0.58	0.00	0.00	0.00	0.00	0.96	7.94	100.00	9.58	10.10	2400	2827	263	0	0	0	0	0	5490	174.11	9.31	4.36	19.06	19.42	19.32	25.42	1.94	20.18	21.53
5/12/2022 1:53:59 PM	4.41	3.08	0.51	0.00	0.00	0.00	0.00	0.97	8.00	100.00	9.58	9.92	2337	3081	230	0	0	0	0	0	5649	174.42	9.29	4.52	20.12	19.35	20.13	24.82	1.94	20.16	21.49
5/12/2022 1:54:01 PM	4.31	2.76	0.65	0.00	0.00	0.00	0.00	0.98	7.72	100.00	9.63	9.89	2284	2756	293	0	0	0	0	0	5334	174.47	9.32	4.35	18.61	19.34	18.95	25.12	1.94	20.13	21.44
5/12/2022 1:54:03 PM	4.51	2.85	0.60	0.00	0.00	0.00	0.00	0.97	7.96	100.00	9.69	9.79	2392	2846	268	0	0	0	0	0	5506	174.60	9.37	4.42	19.36	19.48	19.18	25.45	1.95	20.10	21.44
5/12/2022 1:54:06 PM	4.73	3.05	0.44	0.00	0.00	0.00	0.00	0.98	8.22	100.00	9.74	9.74	2508	3046	197	0	0	0	0	0	5751	174.28	9.32	4.60	20.40	19.76	19.92	25.60	1.95	20.06	21.40
5/12/2022 1:54:08 PM	4.71	3.04	0.48	0.00	0.00	0.00	0.00	0.97	8.24	100.00	9.78	9.78	2499	3036	218	0	0	0	0	0	5753	174.36	9.39	4.60	20.24	19.77	20.06	25.71	1.96	20.02	21.38
5/12/2022 1:54:11 PM	4.61	2.96	0.53	0.00	0.00	0.00	0.00	0.98	8.10	100.00	9.83	9.86	2441	2960	238	0	0	0	0	0	5640	174.42	9.36	4.70	19.83	19.66	19.69	25.56	1.96	19.99	21.34
5/12/2022 1:54:13 PM	4.57	2.99	0.44	0.00	0.00	0.00	0.00	0.95	7.99	100.00	9.87	9.92	2420	2990	197	0	0	0	0	0	5606	174.30	9.10	4.59	20.18	19.17	19.30	24.80	1.97	19.97	21.38
5/12/2022 1:54:15 PM	4.51	3.16	0.47	0.00	0.00	0.00	0.00	0.96	8.14	100.00	9.89	9.92	2391	3161	212	0	0	0	0	0	5764	174.28	9.33	4.72	20.92	19.44	20.06	24.95	1.97	19.94	21.33
5/12/2022 1:54:18 PM	4.44	3.11	0.54	0.00	0.00	0.00	0.00	0.97	8.09	100.00	9.92	9.93	2352	3108	243	0	0	0	0	0	5703	173.73	9.43	4.46	20.31	19.52	20.30	25.10	1.97	19.90	21.33
5/12/2022 1:54:20 PM	4.58	3.10	0.56	0.00	0.00	0.00	0.00	0.96	8.23	100.00	9.94	10.03	2425	3098	252	0	0	0	0	0	5775	174.34	9.53	4.42	20.49	19.64	20.31	25.54	1.97	19.86	21.29
5/12/2022 1:54:23 PM	4.70	3.04	0.57	0.00	0.00	0.00	0.00	0.98	8.31	100.00	9.94	10.16	2492	3040	256	0	0	0	0	0	5788	173.99	9.60	4.56	20.07	20.01	20.47	26.14	1.97	19.83	21.27
