Date/Time	Green Algae	Bluegreen	Diatoms	Cryptophyta	#5	#6	#7	Yellow substances	Total conc.	Transmission	Depth	Temp. Sample	Green Algae	Bluegreen	Diatoms	Cryptophyta	#5	#6	#7	Yellow substances	Total cell count	Trans. 700 nm	LED 3 [525 nm]	LED 4 [570 nm]	LED 5 [610 nm]	LED 6 [370 nm]	LED 7 [590 nm]	LED 8 [470 nm]	Pressure	Temp. LEDs	Temp. Sensor
date	µg/l	µg/l	µg/l	µg/l	µg/l	µg/l	µg/l	r.u.	µg/l	%	m	°C	cells/ml	cells/ml	cells/ml	cells/ml	cells/ml	cells/ml	cells/ml	r.u.	cells/ml	digits	digits	digits	digits	digits	digits	digits	bar	°C	°C
6/9/2022 11:19:48 AM	0.84	0.33	0.87	0.28	0.00	0.00	0.00	0.30	2.32	100.00	0.01	24.78	445	326	393	8	0	0	0	0	1172	175.54	4.87	1.78	5.10	6.40	6.92	9.86	1.00	20.90	21.24
6/9/2022 11:19:51 AM	1.43	0.33	0.37	0.46	0.00	0.00	0.00	0.27	2.58	100.00	0.14	24.82	757	326	165	14	0	0	0	0	1261	176.28	4.53	1.30	5.25	6.39	7.91	10.09	1.01	20.96	21.24
6/9/2022 11:19:53 AM	0.87	0.28	0.60	0.41	0.00	0.00	0.00	0.31	2.15	100.00	0.17	24.76	461	276	269	12	0	0	0	0	1019	176.48	4.62	1.73	4.90	6.28	6.99	9.39	1.02	21.03	21.28
6/9/2022 11:19:55 AM	0.52	0.23	0.86	0.39	0.00	0.00	0.00	0.36	2.00	100.00	0.23	24.55	274	229	386	12	0	0	0	0	901	176.76	5.09	1.83	4.68	6.68	6.71	9.73	1.02	21.08	21.29
6/9/2022 11:19:58 AM	1.04	0.75	1.07	0.06	0.00	0.00	0.00	0.27	2.92	100.00	0.26	24.55	550	751	481	2	0	0	0	0	1784	177.47	4.99	2.54	7.07	6.63	7.86	10.27	1.03	21.14	21.33
6/9/2022 11:20:00 AM	1.06	0.32	0.82	0.34	0.00	0.00	0.00	0.30	2.55	100.00	0.27	24.70	562	322	371	10	0	0	0	0	1265	175.93	5.06	1.95	5.39	6.72	7.23	10.60	1.03	21.20	21.33
6/9/2022 11:20:03 AM	0.42	0.26	1.02	0.35	0.00	0.00	0.00	0.39	2.04	100.00	0.28	24.71	221	261	457	10	0	0	0	0	950	176.91	5.36	1.82	4.79	7.03	6.79	10.13	1.03	21.26	21.38
6/9/2022 11:20:05 AM	1.08	0.12	0.85	0.59	0.00	0.00	0.00	0.27	2.65	100.00	0.29	24.75	575	117	384	18	0	0	0	0	1093	177.65	5.71	2.14	5.10	6.84	7.39	11.66	1.03	21.32	21.35
6/9/2022 11:20:07 AM	0.80	0.21	0.73	0.58	0.00	0.00	0.00	0.35	2.32	100.00	0.30	24.79	423	215	330	17	0	0	0	0	985	176.96	5.46	2.43	5.29	7.05	7.25	10.78	1.03	21.37	21.39
6/9/2022 11:20:10 AM	0.82	0.13	0.63	0.57	0.00	0.00	0.00	0.38	2.15	100.00	0.35	24.78	437	132	282	17	0	0	0	0	868	176.97	5.22	2.23	4.81	7.18	6.84	10.60	1.03	21.43	21.39
6/9/2022 11:20:12 AM	1.14	0.28	0.46	0.58	0.00	0.00	0.00	0.30	2.45	100.00	0.50	24.77	604	275	206	17	0	0	0	0	1102	176.70	4.97	1.76	5.31	6.59	7.85	10.29	1.05	21.47	21.43
6/9/2022 11:20:14 AM	0.70	0.34	1.05	0.25	0.00	0.00	0.00	0.32	2.33	100.00	0.61	24.73	369	337	471	8	0	0	0	0	1184	177.13	5.19	1.60	5.06	6.66	7.06	10.21	1.06	21.53	21.47
6/9/2022 11:20:17 AM	1.57	0.21	0.70	0.31	0.00	0.00	0.00	0.25	2.79	100.00	0.65	24.72	830	214	313	9	0	0	0	0	1367	176.54	4.78	1.55	5.01	6.65	7.07	11.16	1.06	21.59	21.47
6/9/2022 11:20:19 AM	1.18	0.11	0.97	0.48	0.00	0.00	0.00	0.23	2.74	100.00	0.69	24.74	628	107	437	14	0	0	0	0	1187	177.23	5.57	2.14	5.02	6.54	7.02	11.66	1.07	21.65	21.49
6/9/2022 11:20:22 AM	0.95	0.27	1.19	0.20	0.00	0.00	0.00	0.31	2.60	100.00	0.71	24.79	501	270	536	6	0	0	0	0	1313	176.53	5.43	1.59	5.00	7.00	6.91	11.29	1.07	21.71	21.49
6/9/2022 11:20:24 AM	0.91	0.22	0.83	0.45	0.00	0.00	0.00	0.31	2.41	100.00	0.71	24.82	481	223	373	13	0	0	0	0	1090	176.97	5.27	2.16	5.15	6.77	7.03	10.69	1.07	21.75	21.50
6/9/2022 11:20:26 AM	1.33	0.38	1.01	0.13	0.00	0.00	0.00	0.27	2.85	100.00	0.71	24.83	703	380	454	4	0	0	0	0	1542	177.00	4.98	1.99	5.64	6.82	6.97	11.17	1.07	21.81	21.57
6/9/2022 11:20:29 AM	1.38	0.25	0.54	0.50	0.00	0.00	0.00	0.32	2.66	100.00	0.75	24.81	730	250	242	15	0	0	0	0	1237	176.63	5.09	1.85	5.35	7.18	7.64	11.25	1.07	21.86	21.55
6/9/2022 11:20:31 AM	1.11	0.42	1.25	0.00	0.00	0.00	0.00	0.26	2.77	100.00	0.77	24.75	588	418	561	0	0	0	0	0	1567	176.96	5.06	1.42	5.48	6.67	6.82	10.91	1.08	21.92	21.57
6/9/2022 11:20:33 AM	1.18	0.26	0.66	0.58	0.00	0.00	0.00	0.31	2.68	100.00	0.79	24.77	623	264	296	17	0	0	0	0	1200	177.05	5.48	2.09	5.59	7.13	7.91	11.41	1.08	21.97	21.57
6/9/2022 11:20:36 AM	0.89	0.08	0.52	0.81	0.00	0.00	0.00	0.34	2.29	100.00	0.83	24.79	470	77	232	24	0	0	0	0	803	177.04	5.61	2.27	4.96	7.02	7.59	11.02	1.08	22.02	21.59
6/9/2022 11:20:38 AM	1.20	0.24	0.40	0.64	0.00	0.00	0.00	0.35	2.47	100.00	0.90	24.79	634	235	180	19	0	0	0	0	1069	176.94	5.16	1.91	5.32	7.23	7.87	10.92	1.09	22.07	21.63
6/9/2022 11:20:41 AM	0.84	0.47	0.91	0.27	0.00	0.00	0.00	0.38	2.49	100.00	0.98	24.77	445	472	408	8	0	0	0	0	1333	177.10	5.24	2.27	5.94	7.39	7.41	10.68	1.10	22.12	21.63
6/9/2022 11:20:43 AM	0.85	0.31	1.00	0.32	0.00	0.00	0.00	0.32	2.49	100.00	1.09	24.76	452	313	450	10	0	0	0	0	1225	176.87	5.36	2.02	5.35	6.94	7.13	10.84	1.11	22.18	21.71
6/9/2022 11:20:45 AM	0.89	0.25	1.19	0.22	0.00	0.00	0.00	0.32	2.54	100.00	1.18	24.78	469	250	537	6	0	0	0	0	1262	176.76	5.46	1.86	5.02	7.09	6.70	11.30	1.12	22.22	21.70
6/9/2022 11:20:48 AM	0.72	0.37	1.68	0.00	0.00	0.00	0.00	0.30	2.76	100.00	1.29	24.77	380	365	755	0	0	0	0	0	1500	176.90	5.88	1.68	5.31	7.14	6.78	11.79	1.13	22.28	21.68
6/9/2022 11:20:50 AM	1.12	0.17	0.84	0.42	0.00	0.00	0.00	0.32	2.55	100.00	1.39	24.74	592	174	378	13	0	0	0	0	1157	176.71	5.33	1.92	4.98	7.09	7.03	11.35	1.14	22.33	21.74
6/9/2022 11:20:52 AM	0.85	0.23	0.91	0.51	0.00	0.00	0.00	0.32	2.49	100.00	1.46	24.74	449	226	409	15	0	0	0	0	1100	176.77	5.61	2.69	5.50	7.00	7.09	11.17	1.14	22.37	21.74
6/9/2022 11:20:55 AM	0.55	0.45	1.77	0.00	0.00	0.00	0.00	0.29	2.77	100.00	1.61	24.73	292	446	795	0	0	0	0	0	1534	175.70	6.05	1.89	5.67	7.09	7.02	11.66	1.16	22.43	21.78
6/9/2022 11:20:57 AM	1.64	0.16	0.57	0.61	0.00	0.00	0.00	0.23	2.98	100.00	1.64	24.70	870	157	258	18	0	0	0	0	1303	176.53	5.37	1.74	5.33	6.74	8.01	11.95	1.16	22.48	21.75
6/9/2022 11:21:00 AM	2.16	0.00	0.00	0.84	0.00	0.00	0.00	0.24	3.00	100.00	1.64	24.68	1144	0	0	25	0	0	0	0	1169	176.56	4.78	2.45	4.87	6.92	7.96	12.24	1.16	22.53	21.81
6/9/2022 11:21:02 AM	1.12	0.00	0.25	1.15	0.00	0.00	0.00	0.35	2.52	100.00	1.68	24.66	593	0	113	34	0	0	0	0	741	176.24	6.11	2.67	5.20	7.53	8.56	12.19	1.16	22.57	21.83
6/9/2022 11:21:04 AM	2.05	0.27	0.76	0.21	0.00	0.00	0.00	0.33	3.28	100.00	1.78	24.66	1085	267	342	6	0	0	0	0	1700	177.03	5.15	1.62	5.53	8.14	7.40	13.20	1.17	22.62	21.84
6/9/2022 11:21:07 AM	0.90	0.00	0.73	1.09	0.00	0.00	0.00	0.31	2.72	100.00	1.93	24.66	478	0	330	33	0	0	0	0	841	177.29	6.71	5.11	6.37	7.61	7.19	13.02	1.19	22.67	21.84
6/9/2022 11:21:09 AM	0.20	0.24	0.53	1.06	0.00	0.00	0.00	0.54	2.04	100.00	2.02	24.58	107	245	240	32	0	0	0	0	624	177.19	6.78	1.48	5.33	8.73	9.58	11.70	1.20	22.73	21.86
6/9/2022 11:21:12 AM	1.33	0.60	1.03	0.00	0.00	0.00	0.00	0.28	2.97	100.00	2.08	24.50	706	604	465	0	0	0	0	0	1775	175.99	4.83	2.54	6.89	6.94	6.78	10.87	1.20	22.77	21.88
6/9/2022 11:21:14 AM	1.55	0.00	0.20	1.16	0.00	0.00	0.00	0.27	2.92	100.00	2.12	24.50	822	0	92	35	0	0	0	0	949	176.32	6.10	2.81	5.57	7.32	8.81	12.81	1.21	22.82	21.94
6/9/2022 11:21:16 AM	0.87	0.40	1.77	0.11	0.00	0.00	0.00	0.26	3.15	100.00	2.18	24.51	459	400	796	3	0	0	0	0	1659	176.41	6.46	2.17	6.02	7.40	7.43	12.91	1.21	22.87	21.91
6/9/2022 11:21:19 AM	2.24	0.14	0.74	0.56	0.00	0.00	0.00	0.25	3.69	100.00	2.20	24.47	1186	144	333	17	0	0	0	0	1680	176.01	5.99	2.45	6.08	8.05	8.12	14.58	1.22	22.92	21.95
6/9/2022 11:21:21 AM	1.28	0.00	1.28	0.89	0.00	0.00	0.00	0.37	3.45	100.00	2.25	24.37	680	0	576	27	0	0	0	0	1283	176.69	7.84	3.24	5.59	9.23	8.73	16.33	1.22	22.97	21.98
6/9/2022 11:21:23 AM	0.90	0.20	1.89	0.37	0.00	0.00	0.00	0.37	3.37	100.00	2.28	24.29	479	204	853	11	0	0	0	0	1546	176.68	7.74	2.25	5.87	9.09	7.99	15.54	1.22	23.01	21.96
6/9/2022 11:21:26 AM	1.45	0.24	1.96	0.31	0.00	0.00	0.00	0.29	3.95	100.00	2.30	24.29	769	237	880	9	0	0	0	0	1895	176.05	7.81	2.40	6.41	9.01	8.29	16.61	1.23	23.06	22.00
6/9/2022 11:21:28 AM	1.37	0.00	1.52	0.79	0.00	0.00	0.00	0.36	3.68	100.00	2.34	24.26	726	0	685	24	0	0	0	0	1435	175.60	8.14	3.58	6.16	9.53	8.26	17.07	1.23	23.11	22.04
6/9/2022 11:21:31 AM	1.87	0.08	1.21	0.70	0.00	0.00	0.00	0.29	3.87	100.00	2.37	24.26	993	81	546	21	0	0	0	0	1642	176.76	7.36	2.73	6.29	8.89	8.61	16.34	1.23	23.15	22.08
6/9/2022 11:21:33 AM	2.17	0.11	1.31	0.55	0.00	0.00	0.00	0.21	4.14	100.00	2.43	24.24	1149	109	589	17	0	0	0	0	1864	176.21	7.10	3.20	6.62	8.46	8.11	16.47	1.24	23.19	22.08
6/9/2022 11:21:35 AM	1.49	0.51	1.82	0.32	0.00	0.00	0.00	0.35	4.14	100.00	2.50	24.24	792	508	818	10	0	0	0	0	2127	176.48	7.95	2.15	7.38	9.67	9.67	16.76	1.25	23.24	22.10
6/9/2022 11:21:38 AM	2.52	0.14	1.52	0.46	0.00	0.00	0.00	0.19	4.64	100.00	2.61	24.23	1335	138	685	14	0	0	0	0	2172	174.42	7.56	2.34	6.69	8.96	8.93	17.98	1.26	23.29	22.09
6/9/2022 11:21:40 AM	1.17	0.14	1.72	0.96	0.00	0.00	0.00	0.29	3.99	100.00	2.68	24.23	618	141	772	29	0	0	0	0	1560	176.10	9.14	1.87	6.55	9.30	10.69	17.53	1.26	23.32	22.10
6/9/2022 11:21:42 AM	1.40	0.80	2.14	0.00	0.00	0.00	0.00	0.39	4.35	100.00	2.75	24.19	743	803	963	0	0	0	0	0	2510	176.10	8.05	2.27	8.74	10.18	9.41	16.91	1.27	23.36	22.14
6/9/2022 11:21:45 AM	2.28	0.00	1.28	0.69	0.00	0.00	0.00	0.25	4.24	100.00	2.77	24.15	1207	0	574	21	0	0	0	0	1802	176.57	7.53	2.72	6.09	9.06	8.72	17.57	1.27	23.41	22.15
6/9/2022 11:21:47 AM	0.76	0.11	2.72	0.29	0.00	0.00	0.00	0.28	3.88	100.00	2.86	24.10	400	113	1224	9	0	0	0	0	1746	176.32	9.04	2.32	5.92	9.08	8.01	17.52	1.28	23.43	22.20
6/9/2022 11:21:50 AM	1.57	0.25	2.61	0.33	0.00	0.00	0.00	0.31	4.76	100.00	2.93	24.06	832	251	1173	10	0	0	0	0	2266	176.85	9.61	2.41	7.16	10.58	9.46	20.16	1.29	23.50	22.18
6/9/2022 11:21:52 AM	1.72	0.03	2.11	0.24	0.00	0.00	0.00	0.35	4.10	100.00	2.96	24.06	911	34	948	7	0	0	0	0	1900	176.04	8.00	4.09	6.47	10.06	6.51	18.28	1.29	23.53	22.19
6/9/2022 11:21:54 AM	0.00	0.00	3.49	0.60	0.00	0.00	0.00	0.29	4.08	100.00	2.97	24.03	0	0	1568	18	0	0	0	0	1586	175.57	11.43	3.31	5.74	9.89	9.03	19.94	1.29	23.57	22.23
6/9/2022 11:21:57 AM	1.30	0.03	2.36	0.60	0.00	0.00	0.00	0.40	4.29	100.00	3.00	23.90	687	26	1061	18	0	0	0	0	1793	176.88	9.69	3.85	6.89	11.07	8.35	20.07	1.29	23.60	22.30
6/9/2022 11:21:59 AM	1.39	0.32	2.33	0.47	0.00	0.00	0.00	0.36	4.51	100.00	3.10	23.85	738	316	1050	14	0	0	0	0	2117	175.13	9.47	2.28	7.26	10.65	10.00	19.39	1.30	23.66	22.28
6/9/2022 11:22:01 AM	0.77	0.10	2.15	1.32	0.00	0.00	0.00	0.35	4.34	100.00	3.22	23.83	407	101	965	40	0	0	0	0	1513	175.59	11.10	3.46	7.71	10.64	11.52	20.14	1.32	23.70	22.36
6/9/2022 11:22:04 AM	1.48	0.39	3.25	0.45	0.00	0.00	0.00	0.27	5.58	100.00	3.33	23.85	784	388	1465	14	0	0	0	0	2650	174.38	11.47	3.41	8.79	11.48	10.86	22.98	1.33	23.73	22.26
6/9/2022 11:22:06 AM	1.30	0.38	2.32	0.91	0.00	0.00	0.00	0.55	4.91	100.00	3.40	23.86	688	382	1042	27	0	0	0	0	2139	174.99	11.27	3.83	8.91	13.27	11.58	22.51	1.33	23.75	22.35
6/9/2022 11:22:09 AM	2.54	0.12	2.39	0.54	0.00	0.00	0.00	0.35	5.59	100.00	3.47	23.86	1349	123	1074	16	0	0	0	0	2562	176.04	10.22	3.82	8.14	12.24	9.65	23.46	1.34	23.78	22.30
6/9/2022 11:22:11 AM	0.82	0.28	3.04	0.67	0.00	0.00	0.00	0.42	4.82	100.00	3.53	23.72	436	283	1368	20	0	0	0	0	2108	175.54	11.57	3.34	8.08	12.01	10.67	22.05	1.35	23.84	22.35
6/9/2022 11:22:13 AM	2.83	0.00	1.46	1.17	0.00	0.00	0.00	0.41	5.45	100.00	3.60	23.48	1499	0	655	35	0	0	0	0	2190	175.38	10.26	3.45	8.02	12.73	11.40	23.56	1.35	23.87	22.43
6/9/2022 11:22:16 AM	1.33	0.30	2.92	0.61	0.00	0.00	0.00	0.41	5.16	100.00	3.67	23.02	705	295	1315	18	0	0	0	0	2335	174.81	11.41	2.93	8.15	12.39	10.98	22.86	1.36	23.91	22.45
6/9/2022 11:22:18 AM	1.37	0.26	2.93	0.67	0.00	0.00	0.00	0.48	5.23	100.00	3.73	22.49	729	260	1319	20	0	0	0	0	2328	174.94	11.73	3.66	8.46	13.18	10.77	23.78	1.37	23.93	22.41
6/9/2022 11:22:21 AM	0.80	0.12	3.16	1.02	0.00	0.00	0.00	0.53	5.10	100.00	3.77	22.03	423	124	1421	31	0	0	0	0	1999	173.96	13.10	3.94	8.40	13.85	11.47	24.90	1.37	23.99	22.44
6/9/2022 11:22:23 AM	1.47	0.19	2.98	0.99	0.00	0.00	0.00	0.56	5.63	100.00	3.79	21.80	782	191	1341	30	0	0	0	0	2343	174.70	13.07	4.37	9.17	14.83	11.78	26.40	1.37	24.02	22.46
6/9/2022 11:22:25 AM	1.41	0.23	2.89	1.03	0.00	0.00	0.00	0.57	5.57	100.00	3.83	21.63	749	233	1301	31	0	0	0	0	2314	174.88	13.02	4.37	9.30	14.77	12.03	26.09	1.38	24.03	22.50
6/9/2022 11:22:28 AM	1.36	0.10	2.84	1.24	0.00	0.00	0.00	0.59	5.53	100.00	3.89	21.24	719	98	1276	37	0	0	0	0	2131	174.02	13.45	4.19	8.96	15.03	12.35	26.67	1.38	24.06	22.48
6/9/2022 11:22:30 AM	1.31	0.20	3.23	1.00	0.00	0.00	0.00	0.59	5.74	100.00	3.90	20.89	696	196	1453	30	0	0	0	0	2376	174.76	13.73	3.80	9.09	15.27	12.42	27.24	1.38	24.09	22.52
6/9/2022 11:22:32 AM	1.63	0.15	2.81	0.89	0.00	0.00	0.00	0.51	5.49	100.00	3.92	20.76	862	153	1266	27	0	0	0	0	2307	174.26	12.35	3.56	8.49	14.04	11.51	25.34	1.38	24.11	22.55
6/9/2022 11:22:35 AM	1.53	0.12	2.72	1.04	0.00	0.00	0.00	0.54	5.41	100.00	4.05	20.70	809	120	1222	31	0	0	0	0	2183	174.71	12.53	4.20	8.72	14.20	11.50	25.42	1.40	24.15	22.60
6/9/2022 11:22:37 AM	1.36	0.14	2.84	1.34	0.00	0.00	0.00	0.58	5.67	100.00	4.16	20.48	718	135	1277	40	0	0	0	0	2171	174.83	13.78	4.62	9.46	15.16	12.77	27.07	1.41	24.18	22.57
6/9/2022 11:22:40 AM	1.79	0.27	3.09	1.03	0.00	0.00	0.00	0.56	6.18	100.00	4.22	20.18	946	272	1391	31	0	0	0	0	2640	174.43	13.73	4.44	9.95	15.58	12.77	28.10	1.41	24.21	22.57
6/9/2022 11:22:42 AM	1.31	0.25	3.51	1.19	0.00	0.00	0.00	0.65	6.26	100.00	4.31	19.93	696	249	1580	36	0	0	0	0	2562	174.48	15.16	4.92	10.33	16.83	13.33	29.86	1.42	24.22	22.57
6/9/2022 11:22:44 AM	1.80	0.15	3.50	1.23	0.00	0.00	0.00	0.53	6.68	100.00	4.37	20.05	953	152	1573	37	0	0	0	0	2715	173.78	15.17	4.68	10.24	16.24	13.56	30.53	1.43	24.25	22.64
6/9/2022 11:22:47 AM	1.63	0.33	3.52	1.11	0.00	0.00	0.00	0.62	6.60	100.00	4.42	20.05	866	332	1585	33	0	0	0	0	2817	175.54	15.13	4.61	10.66	16.85	13.83	30.33	1.43	24.27	22.62
6/9/2022 11:22:49 AM	1.94	0.28	3.66	1.35	0.00	0.00	0.00	0.58	7.23	100.00	4.48	20.16	1030	280	1645	40	0	0	0	0	2995	174.20	16.22	5.22	11.45	17.53	14.78	32.64	1.44	24.29	22.66
6/9/2022 11:22:51 AM	2.35	0.00	3.13	1.67	0.00	0.00	0.00	0.56	7.15	100.00	4.54	20.42	1244	0	1409	50	0	0	0	0	2703	174.10	15.95	5.01	10.64	17.32	14.79	32.79	1.45	24.31	22.69
6/9/2022 11:22:54 AM	1.89	0.14	3.92	1.35	0.00	0.00	0.00	0.55	7.30	100.00	4.58	20.58	1003	139	1763	40	0	0	0	0	2946	174.55	16.65	5.08	10.99	17.52	14.49	33.38	1.45	24.33	22.69
6/9/2022 11:22:56 AM	1.60	0.24	4.48	1.25	0.00	0.00	0.00	0.55	7.56	100.00	4.62	20.68	846	235	2017	37	0	0	0	0	3135	174.51	17.59	5.06	11.43	17.96	14.94	34.50	1.45	24.35	22.75
6/9/2022 11:22:59 AM	1.89	0.22	3.95	1.54	0.00	0.00	0.00	0.58	7.61	100.00	4.67	20.47	1003	220	1779	46	0	0	0	0	3049	174.11	17.47	5.47	11.85	18.25	15.63	34.62	1.46	24.38	22.72
6/9/2022 11:23:01 AM	1.66	0.31	3.93	1.53	0.00	0.00	0.00	0.70	7.44	100.00	4.71	19.99	881	314	1770	46	0	0	0	0	3010	174.76	17.62	5.88	12.22	19.16	15.64	34.73	1.46	24.39	22.74
6/9/2022 11:23:03 AM	1.55	0.49	4.76	1.02	0.00	0.00	0.00	0.53	7.82	100.00	4.73	19.77	822	490	2140	31	0	0	0	0	3483	174.60	17.66	4.97	12.24	17.91	15.44	34.45	1.46	24.42	22.76
6/9/2022 11:23:06 AM	1.53	1.09	4.85	1.02	0.00	0.00	0.00	0.50	8.49	100.00	4.77	19.64	808	1087	2184	31	0	0	0	0	4111	174.66	18.21	6.77	15.46	18.18	17.31	34.75	1.47	24.42	22.80
6/9/2022 11:23:08 AM	1.87	0.34	4.04	1.68	0.00	0.00	0.00	0.64	7.94	100.00	4.80	19.20	994	342	1818	51	0	0	0	0	3204	174.30	18.38	5.55	12.72	19.29	17.00	36.07	1.47	24.44	22.79
6/9/2022 11:23:11 AM	1.41	0.75	4.59	1.27	0.00	0.00	0.00	0.60	8.01	100.00	4.86	18.66	746	747	2064	38	0	0	0	0	3595	174.41	18.35	5.60	13.76	18.75	17.18	34.99	1.48	24.45	22.84
6/9/2022 11:23:13 AM	1.36	0.45	5.06	1.07	0.00	0.00	0.00	0.58	7.92	100.00	4.91	18.60	718	447	2275	32	0	0	0	0	3473	174.63	18.49	5.52	12.47	18.76	15.39	35.78	1.48	24.46	22.80
6/9/2022 11:23:15 AM	1.10	0.60	4.68	1.39	0.00	0.00	0.00	0.65	7.78	100.00	4.96	18.69	585	603	2106	42	0	0	0	0	3336	174.36	18.75	5.89	13.35	19.09	16.77	35.29	1.49	24.47	22.87
6/9/2022 11:23:18 AM	1.49	0.26	4.43	1.40	0.00	0.00	0.00	0.65	7.58	100.00	5.01	18.50	789	262	1994	42	0	0	0	0	3087	174.60	18.14	5.51	11.90	18.97	15.45	35.36	1.49	24.48	22.85
6/9/2022 11:23:20 AM	1.59	0.67	4.48	1.19	0.00	0.00	0.00	0.64	7.94	100.00	5.07	18.33	845	669	2017	36	0	0	0	0	3567	174.15	17.98	5.98	13.52	19.13	16.28	35.13	1.50	24.49	22.86
6/9/2022 11:23:22 AM	1.52	0.47	4.78	1.15	0.00	0.00	0.00	0.65	7.92	100.00	5.11	18.38	803	474	2150	35	0	0	0	0	3462	174.37	18.39	5.43	12.61	19.36	15.81	35.98	1.50	24.50	22.86
6/9/2022 11:23:25 AM	0.70	0.78	5.50	1.01	0.00	0.00	0.00	0.67	7.99	100.00	5.14	18.41	372	775	2477	30	0	0	0	0	3654	174.63	19.54	5.17	13.49	19.59	16.97	36.19	1.50	24.51	22.87
6/9/2022 11:23:27 AM	0.62	0.72	5.46	1.14	0.00	0.00	0.00	0.64	7.94	100.00	5.16	18.31	331	723	2456	34	0	0	0	0	3543	174.46	19.63	5.89	13.67	19.34	16.73	36.07	1.51	24.51	22.89
6/9/2022 11:23:30 AM	0.99	0.49	5.08	1.46	0.00	0.00	0.00	0.62	8.02	100.00	5.22	17.88	523	494	2285	44	0	0	0	0	3345	175.14	19.70	5.96	13.28	19.38	16.95	36.73	1.51	24.53	22.92
6/9/2022 11:23:32 AM	1.01	0.63	4.94	1.45	0.00	0.00	0.00	0.66	8.03	100.00	5.25	17.55	533	631	2222	44	0	0	0	0	3430	174.24	19.59	5.99	13.77	19.68	17.42	36.53	1.51	24.53	22.92
6/9/2022 11:23:34 AM	0.77	0.74	5.25	1.37	0.00	0.00	0.00	0.64	8.13	100.00	5.28	17.68	407	741	2361	41	0	0	0	0	3549	174.82	19.94	6.20	14.21	19.56	17.60	36.60	1.52	24.52	22.95
6/9/2022 11:23:37 AM	0.75	0.36	5.03	1.61	0.00	0.00	0.00	0.64	7.75	100.00	5.31	17.81	397	355	2264	48	0	0	0	0	3064	174.50	19.85	6.34	12.91	19.32	16.53	36.54	1.52	24.52	22.94
6/9/2022 11:23:39 AM	0.75	0.45	5.21	1.54	0.00	0.00	0.00	0.65	7.94	100.00	5.35	17.77	398	446	2344	46	0	0	0	0	3234	174.44	20.13	6.31	13.29	19.63	16.86	37.07	1.52	24.53	22.95
6/9/2022 11:23:41 AM	0.67	0.58	5.06	1.50	0.00	0.00	0.00	0.66	7.81	100.00	5.42	17.69	354	584	2278	45	0	0	0	0	3260	174.69	19.79	6.03	13.51	19.47	17.25	36.18	1.53	24.53	22.96
6/9/2022 11:23:44 AM	1.05	0.46	5.08	1.45	0.00	0.00	0.00	0.61	8.04	100.00	5.44	17.70	558	463	2285	44	0	0	0	0	3349	174.71	19.67	5.72	13.09	19.29	16.96	36.78	1.53	24.53	23.00
6/9/2022 11:23:46 AM	1.17	0.41	4.66	1.69	0.00	0.00	0.00	0.64	7.94	100.00	5.46	17.82	621	413	2099	51	0	0	0	0	3183	174.74	19.56	5.89	13.14	19.49	17.36	36.67	1.54	24.53	23.00
6/9/2022 11:23:49 AM	1.05	0.49	4.90	1.55	0.00	0.00	0.00	0.61	7.99	100.00	5.50	17.71	558	493	2203	46	0	0	0	0	3300	174.80	19.53	6.21	13.43	19.17	17.02	36.41	1.54	24.51	23.00
6/9/2022 11:23:51 AM	0.49	0.48	5.21	1.63	0.00	0.00	0.00	0.64	7.81	100.00	5.55	17.62	261	483	2343	49	0	0	0	0	3136	174.59	20.29	6.25	13.38	19.39	17.27	36.62	1.54	24.53	23.01
6/9/2022 11:23:53 AM	0.05	0.64	5.51	1.76	0.00	0.00	0.00	0.63	7.95	100.00	5.60	17.68	29	637	2478	53	0	0	0	0	3197	174.72	21.24	6.69	14.32	19.51	18.34	37.05	1.55	24.51	23.02
6/9/2022 11:23:56 AM	0.00	0.68	4.97	2.04	0.00	0.00	0.00	0.65	7.69	100.00	5.64	17.62	0	676	2238	61	0	0	0	0	2976	174.72	21.40	6.90	14.67	19.34	18.80	35.64	1.55	24.51	23.01
6/9/2022 11:23:58 AM	0.00	0.53	5.04	2.07	0.00	0.00	0.00	0.64	7.64	100.00	5.70	17.22	0	533	2268	62	0	0	0	0	2862	174.02	21.66	6.91	14.21	19.32	18.30	35.85	1.56	24.50	23.01
6/9/2022 11:24:00 AM	0.00	0.61	4.94	1.97	0.00	0.00	0.00	0.67	7.51	100.00	5.79	16.88	0	606	2222	59	0	0	0	0	2887	174.32	20.94	6.69	14.12	19.33	18.31	35.46	1.57	24.50	23.04
6/9/2022 11:24:03 AM	0.00	1.05	4.91	1.80	0.00	0.00	0.00	0.61	7.76	100.00	5.81	16.74	0	1050	2211	54	0	0	0	0	3315	174.07	20.97	7.00	15.80	18.77	19.18	34.00	1.57	24.49	23.04
6/9/2022 11:24:05 AM	0.00	0.61	4.63	2.27	0.00	0.00	0.00	0.62	7.52	100.00	5.82	16.84	0	610	2086	68	0	0	0	0	2764	174.46	21.90	7.20	14.75	18.98	18.70	34.51	1.57	24.49	23.05
6/9/2022 11:24:08 AM	0.00	0.66	4.30	2.48	0.00	0.00	0.00	0.64	7.43	100.00	5.84	16.81	0	659	1934	74	0	0	0	0	2667	174.55	21.68	7.28	15.05	18.95	19.50	34.19	1.57	24.47	23.04
6/9/2022 11:24:10 AM	0.00	0.59	4.46	2.40	0.00	0.00	0.00	0.63	7.45	100.00	5.89	16.47	0	595	2007	72	0	0	0	0	2673	174.00	21.47	7.51	14.83	18.94	18.99	34.65	1.58	24.47	23.06
6/9/2022 11:24:12 AM	0.00	0.65	4.54	2.36	0.00	0.00	0.00	0.60	7.54	100.00	5.91	16.42	0	649	2041	71	0	0	0	0	2760	174.17	21.95	7.10	14.94	18.76	19.20	34.27	1.58	24.45	23.05
6/9/2022 11:24:15 AM	0.00	0.49	4.08	2.73	0.00	0.00	0.00	0.59	7.30	100.00	5.96	16.42	0	492	1836	82	0	0	0	0	2410	174.09	22.05	7.50	14.76	18.49	19.31	33.69	1.58	24.45	23.05
6/9/2022 11:24:17 AM	0.00	0.33	3.83	3.03	0.00	0.00	0.00	0.61	7.19	100.00	6.00	16.20	0	326	1724	91	0	0	0	0	2142	174.21	22.40	7.84	14.55	18.64	19.38	33.89	1.59	24.43	23.05
6/9/2022 11:24:20 AM	0.00	0.89	4.14	2.38	0.00	0.00	0.00	0.61	7.41	100.00	6.06	16.20	0	889	1864	71	0	0	0	0	2824	174.34	21.18	7.58	15.81	18.43	19.67	32.88	1.59	24.42	23.06
6/9/2022 11:24:22 AM	0.00	0.68	4.15	2.66	0.00	0.00	0.00	0.52	7.48	100.00	6.22	16.24	0	677	1866	80	0	0	0	0	2623	174.16	22.09	7.59	15.48	17.94	19.79	33.11	1.61	24.40	23.09
6/9/2022 11:24:24 AM	0.00	0.34	3.78	2.90	0.00	0.00	0.00	0.58	7.02	100.00	6.28	16.27	0	341	1699	87	0	0	0	0	2127	174.43	21.71	7.61	14.23	18.01	18.94	32.93	1.62	24.38	23.10
6/9/2022 11:24:27 AM	0.00	0.44	3.58	2.89	0.00	0.00	0.00	0.55	6.90	100.00	6.36	16.30	0	436	1610	87	0	0	0	0	2132	174.38	21.87	7.82	14.61	17.57	18.67	31.40	1.62	24.38	23.06
6/9/2022 11:24:29 AM	0.00	0.43	3.20	2.85	0.00	0.00	0.00	0.62	6.48	100.00	6.44	16.24	0	429	1440	86	0	0	0	0	1954	174.54	20.81	7.57	14.09	17.50	18.21	30.23	1.63	24.37	23.11
6/9/2022 11:24:31 AM	0.00	0.61	3.66	2.62	0.00	0.00	0.00	0.53	6.89	100.00	6.52	15.90	0	607	1648	79	0	0	0	0	2334	174.28	21.29	7.32	14.70	17.20	18.63	30.58	1.64	24.34	23.15
6/9/2022 11:24:34 AM	0.00	0.48	3.53	2.73	0.00	0.00	0.00	0.59	6.73	100.00	6.56	15.82	0	475	1589	82	0	0	0	0	2146	174.34	20.78	7.61	14.28	17.57	18.39	31.22	1.64	24.35	23.07
6/9/2022 11:24:36 AM	0.00	0.37	2.98	3.07	0.00	0.00	0.00	0.56	6.42	100.00	6.60	15.92	0	369	1343	92	0	0	0	0	1804	174.71	21.03	7.82	14.18	16.92	18.41	29.61	1.65	24.32	23.07
6/9/2022 11:24:39 AM	0.00	0.31	3.21	3.01	0.00	0.00	0.00	0.50	6.53	100.00	6.60	16.03	0	313	1442	90	0	0	0	0	1845	174.71	21.11	7.75	13.97	16.56	18.19	29.90	1.65	24.29	23.06
6/9/2022 11:24:41 AM	0.00	0.26	2.92	3.19	0.00	0.00	0.00	0.51	6.37	100.00	6.63	16.15	0	262	1315	96	0	0	0	0	1673	174.48	21.03	7.83	13.87	16.49	18.33	29.47	1.65	24.27	23.09
6/9/2022 11:24:43 AM	0.00	0.26	2.78	3.37	0.00	0.00	0.00	0.50	6.41	100.00	6.63	16.13	0	257	1252	101	0	0	0	0	1610	174.61	21.56	7.80	14.09	16.49	18.89	29.37	1.65	24.25	23.07
6/9/2022 11:24:46 AM	0.00	0.18	2.61	3.23	0.00	0.00	0.00	0.52	6.02	100.00	6.65	16.04	0	185	1175	97	0	0	0	0	1457	175.04	20.63	7.70	13.36	16.09	17.72	28.14	1.65	24.23	23.10
6/9/2022 11:24:48 AM	0.00	0.24	2.73	3.11	0.00	0.00	0.00	0.49	6.09	100.00	6.67	15.64	0	243	1229	93	0	0	0	0	1565	174.72	20.58	7.67	13.48	15.84	17.58	27.90	1.65	24.22	23.06
6/9/2022 11:24:50 AM	0.00	0.16	2.55	3.15	0.00	0.00	0.00	0.50	5.86	100.00	6.68	15.29	0	164	1148	94	0	0	0	0	1407	175.07	19.99	7.67	13.03	15.55	17.22	27.42	1.65	24.19	23.09
6/9/2022 11:24:53 AM	0.00	0.31	2.68	3.00	0.00	0.00	0.00	0.53	5.99	100.00	6.70	15.38	0	313	1205	90	0	0	0	0	1608	174.95	19.95	7.69	13.50	15.94	17.46	27.71	1.66	24.18	23.12
6/9/2022 11:24:55 AM	0.00	0.20	2.68	3.19	0.00	0.00	0.00	0.48	6.07	100.00	6.70	15.48	0	199	1206	96	0	0	0	0	1501	175.03	20.48	7.52	13.31	15.67	17.83	28.00	1.66	24.15	23.07
6/9/2022 11:24:58 AM	0.00	0.13	2.30	3.23	0.00	0.00	0.00	0.54	5.66	100.00	6.72	15.30	0	131	1036	97	0	0	0	0	1264	174.85	19.95	7.40	12.77	15.75	17.24	26.92	1.66	24.14	23.09
6/9/2022 11:25:00 AM	0.00	0.20	2.51	3.04	0.00	0.00	0.00	0.53	5.76	100.00	6.71	15.15	0	200	1131	91	0	0	0	0	1423	175.08	20.07	7.36	12.91	15.73	16.92	26.85	1.66	24.11	23.09
6/9/2022 11:25:02 AM	0.00	0.45	2.59	3.24	0.00	0.00	0.00	0.45	6.29	100.00	6.73	14.94	0	454	1167	97	0	0	0	0	1718	174.74	20.49	8.25	14.65	15.56	18.71	27.76	1.66	24.09	23.10
6/9/2022 11:25:05 AM	0.00	0.18	2.34	3.33	0.00	0.00	0.00	0.54	5.85	100.00	6.74	14.94	0	176	1054	100	0	0	0	0	1330	174.71	20.40	7.67	13.28	16.03	17.85	27.57	1.66	24.06	23.10
6/9/2022 11:25:07 AM	0.00	0.20	2.54	2.95	0.00	0.00	0.00	0.55	5.69	100.00	6.74	15.10	0	205	1143	88	0	0	0	0	1437	174.31	19.56	7.06	12.62	15.77	16.85	26.93	1.66	24.04	23.10
6/9/2022 11:25:10 AM	0.00	0.22	2.48	3.04	0.00	0.00	0.00	0.50	5.73	100.00	6.77	15.19	0	216	1114	91	0	0	0	0	1421	174.54	19.25	7.42	12.85	15.26	17.11	26.85	1.66	24.02	23.06
6/9/2022 11:25:12 AM	0.00	0.15	1.95	3.36	0.00	0.00	0.00	0.60	5.46	100.00	6.79	15.06	0	146	877	101	0	0	0	0	1124	174.45	19.41	7.73	12.88	15.89	17.42	26.53	1.67	23.99	23.07
6/9/2022 11:25:14 AM	0.00	0.24	2.48	3.21	0.00	0.00	0.00	0.48	5.94	100.00	6.80	14.87	0	243	1117	96	0	0	0	0	1456	174.47	20.05	7.88	13.49	15.49	17.67	27.33	1.67	23.96	23.09
6/9/2022 11:25:17 AM	0.00	0.34	2.29	3.00	0.00	0.00	0.00	0.55	5.63	100.00	6.80	14.67	0	340	1030	90	0	0	0	0	1460	174.67	19.38	7.28	13.17	15.56	17.22	26.00	1.67	23.94	23.09
6/9/2022 11:25:19 AM	0.00	0.15	2.26	3.16	0.00	0.00	0.00	0.53	5.57	100.00	6.83	14.66	0	146	1016	95	0	0	0	0	1257	174.70	19.52	7.40	12.66	15.41	16.96	26.39	1.67	23.91	23.05
6/9/2022 11:25:21 AM	0.00	0.19	1.97	3.21	0.00	0.00	0.00	0.59	5.37	100.00	6.84	14.76	0	186	885	96	0	0	0	0	1168	174.65	19.08	7.30	12.64	15.61	17.15	25.86	1.67	23.88	23.07
6/9/2022 11:25:24 AM	0.00	0.23	2.08	3.09	0.00	0.00	0.00	0.55	5.40	100.00	6.85	14.70	0	233	936	93	0	0	0	0	1261	175.03	19.20	7.35	12.76	15.29	16.73	25.32	1.67	23.87	23.06
6/9/2022 11:25:26 AM	0.00	0.39	2.69	2.70	0.00	0.00	0.00	0.43	5.78	100.00	6.86	14.45	0	390	1210	81	0	0	0	0	1681	174.91	19.36	6.82	13.00	14.59	16.67	25.40	1.67	23.84	23.09
6/9/2022 11:25:29 AM	0.00	0.07	2.29	3.29	0.00	0.00	0.00	0.48	5.65	100.00	6.92	14.40	0	67	1031	99	0	0	0	0	1196	174.82	20.10	7.34	12.60	15.20	17.14	26.52	1.68	23.80	23.10
6/9/2022 11:25:31 AM	0.00	0.18	1.97	3.33	0.00	0.00	0.00	0.52	5.48	100.00	6.94	14.38	0	184	886	100	0	0	0	0	1170	174.59	19.45	7.12	12.77	15.11	17.67	25.71	1.68	23.78	23.06
6/9/2022 11:25:33 AM	0.00	0.31	1.90	3.28	0.00	0.00	0.00	0.53	5.49	100.00	6.96	14.26	0	311	855	98	0	0	0	0	1264	175.00	19.71	7.48	13.37	15.23	17.58	25.06	1.68	23.75	23.05
6/9/2022 11:25:36 AM	0.00	0.16	1.55	3.61	0.00	0.00	0.00	0.52	5.33	100.00	6.97	14.29	0	164	697	108	0	0	0	0	969	174.49	19.80	7.72	13.16	15.07	17.86	24.89	1.68	23.72	23.05
6/9/2022 11:25:38 AM	0.00	0.16	1.72	3.36	0.00	0.00	0.00	0.47	5.24	100.00	7.05	14.25	0	160	774	101	0	0	0	0	1035	174.74	19.46	7.27	12.67	14.37	17.03	23.99	1.69	23.69	23.05
6/9/2022 11:25:40 AM	0.00	0.25	1.17	3.73	0.00	0.00	0.00	0.52	5.15	100.00	7.21	14.01	0	245	526	112	0	0	0	0	883	174.35	20.13	8.06	13.65	14.83	17.81	23.27	1.71	23.67	23.00
6/9/2022 11:25:43 AM	0.00	0.30	0.37	4.78	0.00	0.00	0.00	0.37	5.46	100.00	7.34	13.94	0	304	167	143	0	0	0	0	614	174.75	23.03	9.31	15.84	14.17	20.51	22.07	1.72	23.63	23.00
6/9/2022 11:25:45 AM	0.00	0.47	0.00	5.31	0.00	0.00	0.00	0.29	5.78	100.00	7.44	14.03	0	473	0	159	0	0	0	0	632	174.84	24.89	10.65	17.31	14.20	22.61	21.19	1.73	23.60	23.01
6/9/2022 11:25:48 AM	0.00	0.37	0.00	5.19	0.00	0.00	0.00	0.33	5.56	100.00	7.46	14.12	0	371	0	156	0	0	0	0	526	174.31	24.07	10.19	16.51	14.27	21.96	21.34	1.73	23.58	23.04
6/9/2022 11:25:50 AM	0.00	0.40	0.00	5.27	0.00	0.00	0.00	0.32	5.67	100.00	7.50	14.18	0	402	0	158	0	0	0	0	560	174.12	24.77	10.34	16.79	14.46	22.37	21.31	1.74	23.55	23.01
6/9/2022 11:25:52 AM	0.00	0.54	0.00	5.21	0.00	0.00	0.00	0.38	5.75	100.00	7.52	14.07	0	539	0	156	0	0	0	0	696	174.21	24.45	10.58	17.64	14.83	22.45	21.93	1.74	23.52	23.00
6/9/2022 11:25:55 AM	0.00	0.26	0.00	5.29	0.00	0.00	0.00	0.35	5.55	100.00	7.54	13.86	0	259	0	159	0	0	0	0	417	174.41	24.47	9.88	16.31	14.45	21.85	21.86	1.74	23.48	23.01
6/9/2022 11:25:57 AM	0.00	0.60	0.00	5.39	0.00	0.00	0.00	0.30	5.99	100.00	7.57	13.69	0	601	0	162	0	0	0	0	763	173.76	25.66	10.89	18.18	14.62	23.30	21.49	1.74	23.47	22.97
6/9/2022 11:26:00 AM	0.00	0.42	0.00	5.49	0.00	0.00	0.00	0.31	5.91	100.00	7.63	13.65	0	420	0	165	0	0	0	0	584	174.32	25.54	10.68	17.67	14.65	22.96	22.24	1.75	23.43	22.99
6/9/2022 11:26:02 AM	0.00	0.70	0.00	5.76	0.00	0.00	0.00	0.16	6.45	100.00	7.77	13.57	0	697	0	173	0	0	0	0	870	173.89	27.79	11.66	18.95	14.43	25.23	20.89	1.76	23.39	22.97
6/9/2022 11:26:04 AM	0.00	1.08	0.00	5.91	0.00	0.00	0.00	0.00	6.99	100.00	7.89	13.33	0	1076	0	177	0	0	0	0	1254	174.44	29.59	12.93	20.76	14.00	27.13	19.27	1.77	23.36	22.97
6/9/2022 11:26:07 AM	0.00	1.09	0.00	5.90	0.00	0.00	0.00	0.00	6.99	100.00	7.99	13.16	0	1093	0	177	0	0	0	0	1270	173.97	29.82	13.59	20.76	14.13	26.99	18.82	1.78	23.33	22.97
6/9/2022 11:26:09 AM	0.00	1.32	0.00	5.87	0.00	0.00	0.00	0.03	7.19	100.00	8.04	13.16	0	1323	0	176	0	0	0	0	1499	174.10	29.62	13.42	22.16	14.24	27.58	19.53	1.79	23.31	22.95
6/9/2022 11:26:11 AM	0.00	1.18	0.00	5.85	0.00	0.00	0.00	0.08	7.03	100.00	8.05	13.12	0	1182	0	175	0	0	0	0	1357	173.98	29.10	12.84	21.60	14.41	26.99	20.29	1.79	23.27	22.95
6/9/2022 11:26:14 AM	0.00	0.84	0.00	5.82	0.00	0.00	0.00	0.07	6.67	100.00	8.14	12.87	0	844	0	175	0	0	0	0	1019	174.04	28.46	12.28	19.35	14.18	26.26	19.91	1.80	23.24	22.97
6/9/2022 11:26:16 AM	0.00	0.86	0.00	5.10	0.00	0.00	0.00	0.12	5.96	100.00	8.29	12.46	0	861	0	153	0	0	0	0	1014	174.66	25.65	11.20	17.76	13.16	23.66	17.55	1.81	23.21	22.92
6/9/2022 11:26:19 AM	0.00	1.16	0.00	5.33	0.00	0.00	0.00	0.07	6.49	100.00	8.49	12.13	0	1160	0	160	0	0	0	0	1319	174.53	27.13	12.42	19.84	13.46	25.28	17.77	1.83	23.17	22.91
6/9/2022 11:26:21 AM	0.00	0.79	0.00	5.09	0.00	0.00	0.00	0.13	5.88	100.00	8.61	12.00	0	790	0	153	0	0	0	0	943	174.54	25.35	10.97	17.39	13.14	23.39	17.74	1.84	23.12	22.91
6/9/2022 11:26:23 AM	0.00	0.88	0.00	5.08	0.00	0.00	0.00	0.13	5.96	100.00	8.71	11.98	0	875	0	152	0	0	0	0	1028	174.40	25.51	11.09	17.72	13.23	23.74	17.62	1.85	23.11	22.91
6/9/2022 11:26:26 AM	0.00	0.81	0.00	4.62	0.00	0.00	0.00	0.17	5.43	100.00	8.88	11.81	0	810	0	139	0	0	0	0	949	174.85	23.35	10.14	16.48	12.47	21.77	16.48	1.87	23.07	22.90
6/9/2022 11:26:28 AM	0.00	0.51	0.00	3.78	0.00	0.00	0.00	0.26	4.29	100.00	9.08	11.53	0	513	0	113	0	0	0	0	626	175.31	18.71	8.25	13.11	11.13	17.80	14.76	1.89	23.03	22.86
6/9/2022 11:26:30 AM	0.00	0.67	0.00	3.69	0.00	0.00	0.00	0.28	4.36	100.00	9.22	11.43	0	668	0	111	0	0	0	0	779	175.41	18.77	8.25	13.72	11.37	18.03	14.63	1.90	22.98	22.85
6/9/2022 11:26:33 AM	0.00	0.49	0.00	3.48	0.00	0.00	0.00	0.30	3.96	100.00	9.41	11.40	0	485	0	104	0	0	0	0	589	175.51	17.53	7.57	12.15	10.91	16.80	13.94	1.92	22.94	22.89
6/9/2022 11:26:35 AM	0.00	0.47	0.00	2.91	0.00	0.00	0.00	0.38	3.38	100.00	9.61	11.33	0	470	0	87	0	0	0	0	558	174.37	14.74	6.44	10.96	10.28	14.66	13.02	1.94	22.90	22.85
6/9/2022 11:26:38 AM	0.00	0.48	0.00	2.56	0.00	0.00	0.00	0.41	3.04	100.00	9.76	11.30	0	480	0	77	0	0	0	0	557	171.99	12.98	5.83	10.09	9.89	13.66	12.29	1.96	22.88	22.80
6/9/2022 11:26:40 AM	0.00	0.46	0.00	2.48	0.00	0.00	0.00	0.41	2.93	100.00	9.83	11.37	0	459	0	74	0	0	0	0	533	172.00	12.45	5.39	9.70	9.58	13.44	12.04	1.96	22.83	22.87
6/9/2022 11:26:42 AM	0.00	0.51	0.00	2.42	0.00	0.00	0.00	0.42	2.93	100.00	9.91	11.48	0	511	0	73	0	0	0	0	583	171.86	12.45	5.28	9.92	9.65	13.33	11.95	1.97	22.79	22.85
6/9/2022 11:26:45 AM	0.00	0.48	0.00	2.41	0.00	0.00	0.00	0.43	2.89	100.00	9.92	11.54	0	475	0	72	0	0	0	0	548	172.16	12.29	5.39	9.83	9.64	13.05	12.04	1.97	22.75	22.81
6/9/2022 11:26:47 AM	0.00	0.54	0.00	2.48	0.00	0.00	0.00	0.44	3.02	100.00	9.94	11.56	0	541	0	74	0	0	0	0	615	172.07	12.70	5.55	10.34	9.95	13.55	12.43	1.97	22.72	22.79
6/9/2022 11:26:49 AM	0.00	0.59	0.00	2.48	0.00	0.00	0.00	0.41	3.07	100.00	10.00	11.56	0	588	0	74	0	0	0	0	662	172.34	12.85	5.73	10.32	9.82	13.90	11.92	1.98	22.68	22.81
6/9/2022 11:26:52 AM	0.00	0.52	0.00	2.55	0.00	0.00	0.00	0.41	3.07	100.00	10.07	11.40	0	524	0	76	0	0	0	0	600	172.88	12.99	5.64	10.31	9.76	13.77	12.23	1.99	22.63	22.76
6/9/2022 11:26:54 AM	0.00	0.59	0.00	2.36	0.00	0.00	0.00	0.43	2.95	100.00	10.29	11.00	0	588	0	71	0	0	0	0	659	171.84	12.27	5.75	10.20	9.68	13.30	11.72	2.01	22.58	22.77
6/9/2022 11:26:57 AM	0.00	0.53	0.00	2.31	0.00	0.00	0.00	0.43	2.84	100.00	10.46	10.87	0	529	0	69	0	0	0	0	598	171.68	11.87	5.50	9.68	9.50	12.99	11.51	2.02	22.56	22.74
6/9/2022 11:26:59 AM	0.00	0.64	0.00	2.36	0.00	0.00	0.00	0.43	3.00	100.00	10.51	10.92	0	637	0	71	0	0	0	0	708	171.30	12.12	5.56	10.60	9.58	13.40	12.03	2.03	22.50	22.72
6/9/2022 11:27:01 AM	0.00	0.53	0.00	2.30	0.00	0.00	0.00	0.43	2.83	100.00	10.59	11.02	0	533	0	69	0	0	0	0	602	171.36	11.99	5.41	9.63	9.56	13.00	11.40	2.04	22.47	22.75
6/9/2022 11:27:04 AM	0.00	0.51	0.00	2.26	0.00	0.00	0.00	0.44	2.77	100.00	10.66	11.07	0	506	0	68	0	0	0	0	573	171.64	11.83	5.24	9.53	9.57	12.70	11.48	2.04	22.44	22.71
6/9/2022 11:27:06 AM	0.00	0.50	0.00	2.01	0.00	0.00	0.00	0.47	2.51	100.00	10.75	11.16	0	496	0	60	0	0	0	0	556	170.89	10.38	4.72	8.84	9.17	11.92	11.04	2.05	22.39	22.69
6/9/2022 11:27:09 AM	0.00	0.51	0.00	1.98	0.00	0.00	0.00	0.47	2.49	100.00	10.84	11.14	0	510	0	59	0	0	0	0	569	170.95	10.37	4.72	8.85	9.17	11.81	10.88	2.06	22.35	22.67
6/9/2022 11:27:11 AM	0.00	0.63	0.00	1.88	0.00	0.00	0.00	0.47	2.51	100.00	10.93	11.08	0	629	0	56	0	0	0	0	685	170.38	10.06	4.88	9.23	9.07	11.84	10.55	2.07	22.30	22.71
6/9/2022 11:27:13 AM	0.00	0.56	0.00	1.72	0.00	0.00	0.00	0.50	2.28	100.00	11.00	11.07	0	558	0	52	0	0	0	0	609	170.45	9.31	4.28	8.43	8.91	11.19	10.22	2.08	22.27	22.66
6/9/2022 11:27:16 AM	0.00	0.55	0.00	1.79	0.00	0.00	0.00	0.49	2.34	100.00	11.09	11.03	0	550	0	54	0	0	0	0	604	170.68	9.72	4.27	8.53	9.00	11.42	10.34	2.09	22.24	22.61
6/9/2022 11:27:18 AM	0.00	0.50	0.00	1.79	0.00	0.00	0.00	0.50	2.28	100.00	11.16	10.94	0	497	0	54	0	0	0	0	551	170.60	9.58	4.20	8.39	8.97	11.08	10.47	2.09	22.18	22.57
6/9/2022 11:27:20 AM	0.00	0.49	0.00	1.78	0.00	0.00	0.00	0.49	2.27	100.00	11.25	10.90	0	491	0	53	0	0	0	0	544	170.43	9.42	4.24	8.23	8.94	11.19	10.45	2.10	22.14	22.64
6/9/2022 11:27:23 AM	0.00	0.59	0.00	1.76	0.00	0.00	0.00	0.50	2.35	100.00	11.37	10.96	0	593	0	53	0	0	0	0	646	170.41	9.55	4.30	8.78	9.03	11.36	10.45	2.11	22.11	22.55
6/9/2022 11:27:25 AM	0.00	0.50	0.00	1.75	0.00	0.00	0.00	0.52	2.25	100.00	11.46	10.95	0	499	0	52	0	0	0	0	552	170.87	9.30	4.24	8.30	9.05	10.99	10.55	2.12	22.07	22.52
6/9/2022 11:27:28 AM	0.00	0.50	0.00	1.78	0.00	0.00	0.00	0.51	2.28	100.00	11.48	10.93	0	502	0	53	0	0	0	0	555	171.10	9.38	4.15	8.31	9.03	11.19	10.61	2.12	22.02	22.56
6/9/2022 11:27:30 AM	0.00	0.54	0.00	1.74	0.00	0.00	0.00	0.49	2.28	100.00	11.64	10.91	0	541	0	52	0	0	0	0	593	171.35	9.33	4.20	8.30	8.88	11.24	10.19	2.14	21.97	22.61
6/9/2022 11:27:32 AM	0.00	0.51	0.00	1.68	0.00	0.00	0.00	0.50	2.19	100.00	11.73	10.85	0	510	0	50	0	0	0	0	560	171.45	9.00	4.14	8.11	8.81	10.86	10.17	2.15	21.94	22.48
6/9/2022 11:27:35 AM	0.00	0.50	0.00	1.63	0.00	0.00	0.00	0.50	2.13	100.00	11.85	10.84	0	503	0	49	0	0	0	0	552	172.12	8.89	3.98	7.88	8.75	10.70	9.88	2.16	21.88	22.52
6/9/2022 11:27:37 AM	0.00	0.52	0.00	1.60	0.00	0.00	0.00	0.49	2.12	100.00	11.99	10.81	0	522	0	48	0	0	0	0	570	172.67	8.63	4.00	7.90	8.60	10.69	9.80	2.17	21.86	22.45
6/9/2022 11:27:39 AM	0.00	0.54	0.00	1.62	0.00	0.00	0.00	0.50	2.16	100.00	12.10	10.81	0	539	0	49	0	0	0	0	587	173.10	8.68	3.92	8.06	8.61	10.81	9.96	2.19	21.81	22.49
6/9/2022 11:27:42 AM	0.00	0.50	0.00	1.62	0.00	0.00	0.00	0.51	2.12	100.00	12.12	10.82	0	495	0	49	0	0	0	0	544	173.17	8.66	3.92	7.85	8.69	10.67	10.02	2.19	21.76	22.44
6/9/2022 11:27:44 AM	0.00	0.49	0.00	1.59	0.00	0.00	0.00	0.49	2.08	100.00	12.19	10.88	0	489	0	48	0	0	0	0	536	172.46	8.52	3.99	7.69	8.51	10.53	9.69	2.19	21.73	22.43
6/9/2022 11:27:47 AM	0.00	0.55	0.00	1.60	0.00	0.00	0.00	0.51	2.14	100.00	12.25	10.89	0	549	0	48	0	0	0	0	597	172.52	8.72	4.03	8.01	8.81	10.80	9.90	2.20	21.68	22.45
6/9/2022 11:27:49 AM	0.00	0.55	0.00	1.67	0.00	0.00	0.00	0.51	2.22	100.00	12.28	10.88	0	552	0	50	0	0	0	0	603	172.74	9.02	4.13	8.27	8.90	11.00	10.18	2.20	21.64	22.39
6/9/2022 11:27:51 AM	0.00	0.54	0.00	1.54	0.00	0.00	0.00	0.50	2.08	100.00	12.39	10.90	0	540	0	46	0	0	0	0	586	173.05	8.45	3.84	7.80	8.52	10.61	9.59	2.21	21.59	22.38
6/9/2022 11:27:54 AM	0.00	0.53	0.00	1.51	0.00	0.00	0.00	0.52	2.04	100.00	12.44	10.94	0	530	0	45	0	0	0	0	575	173.00	8.29	3.86	7.81	8.66	10.37	9.77	2.22	21.54	22.36
6/9/2022 11:27:56 AM	0.00	0.50	0.00	1.54	0.00	0.00	0.00	0.50	2.05	100.00	12.56	10.87	0	501	0	46	0	0	0	0	547	173.05	8.35	3.83	7.71	8.49	10.39	9.69	2.23	21.51	22.35
6/9/2022 11:27:59 AM	0.00	0.53	0.00	1.52	0.00	0.00	0.00	0.51	2.05	100.00	12.61	10.79	0	529	0	46	0	0	0	0	575	173.02	8.34	3.88	7.79	8.61	10.40	9.68	2.24	21.46	22.29
6/9/2022 11:28:01 AM	0.00	0.50	0.00	1.48	0.00	0.00	0.00	0.51	1.99	100.00	12.74	10.69	0	504	0	45	0	0	0	0	549	172.84	8.07	3.66	7.51	8.43	10.28	9.53	2.25	21.44	22.28
6/9/2022 11:28:03 AM	0.00	0.50	0.00	1.47	0.00	0.00	0.00	0.51	1.97	100.00	12.81	10.65	0	500	0	44	0	0	0	0	544	172.63	8.11	3.69	7.42	8.46	10.21	9.39	2.26	21.38	22.30
6/9/2022 11:28:06 AM	0.00	0.51	0.00	1.44	0.00	0.00	0.00	0.51	1.95	100.00	13.06	10.62	0	514	0	43	0	0	0	0	557	172.29	7.95	3.66	7.40	8.42	10.16	9.30	2.28	21.34	22.23
6/9/2022 11:28:08 AM	0.00	0.50	0.00	1.44	0.00	0.00	0.00	0.52	1.94	100.00	13.11	10.65	0	500	0	43	0	0	0	0	543	172.57	7.94	3.66	7.38	8.50	10.07	9.42	2.28	21.30	22.24
6/9/2022 11:28:10 AM	0.00	0.53	0.00	1.41	0.00	0.00	0.00	0.51	1.94	100.00	13.24	10.69	0	528	0	42	0	0	0	0	571	172.49	7.91	3.66	7.54	8.33	10.00	9.23	2.30	21.24	22.24
6/9/2022 11:28:13 AM	0.00	0.61	0.00	1.37	0.00	0.00	0.00	0.52	1.98	100.00	13.39	10.64	0	607	0	41	0	0	0	0	648	172.17	7.87	3.54	7.75	8.43	10.24	9.17	2.31	21.23	22.15
6/9/2022 11:28:15 AM	0.00	0.55	0.00	1.41	0.00	0.00	0.00	0.52	1.96	100.00	13.55	10.62	0	553	0	42	0	0	0	0	595	172.64	7.95	3.75	7.58	8.47	10.13	9.24	2.33	21.16	22.20
6/9/2022 11:28:18 AM	0.00	0.57	0.00	1.43	0.00	0.00	0.00	0.53	2.01	100.00	13.60	10.65	0	573	0	43	0	0	0	0	616	172.53	8.06	3.68	7.79	8.60	10.29	9.51	2.33	21.13	22.18
6/9/2022 11:28:20 AM	0.00	0.55	0.00	1.39	0.00	0.00	0.00	0.54	1.94	100.00	13.68	10.64	0	548	0	42	0	0	0	0	589	172.38	7.84	3.67	7.56	8.63	10.04	9.45	2.34	21.09	22.13
6/9/2022 11:28:22 AM	0.00	0.50	0.00	1.41	0.00	0.00	0.00	0.52	1.91	100.00	13.80	10.61	0	501	0	42	0	0	0	0	543	172.47	7.78	3.61	7.29	8.40	9.99	9.28	2.35	21.05	22.11
6/9/2022 11:28:25 AM	0.00	0.54	0.00	1.33	0.00	0.00	0.00	0.54	1.87	100.00	13.89	10.57	0	537	0	40	0	0	0	0	577	172.27	7.71	3.53	7.25	8.53	9.89	9.07	2.36	21.01	22.11
6/9/2022 11:28:27 AM	0.00	0.55	0.00	1.45	0.00	0.00	0.00	0.54	1.99	100.00	13.91	10.63	0	545	0	43	0	0	0	0	588	171.98	8.11	3.73	7.62	8.78	10.30	9.62	2.36	20.98	22.05
6/9/2022 11:28:29 AM	0.00	0.53	0.00	1.35	0.00	0.00	0.00	0.53	1.88	100.00	14.11	10.62	0	528	0	41	0	0	0	0	568	172.00	7.66	3.56	7.25	8.51	9.96	9.19	2.38	20.93	22.05
6/9/2022 11:28:32 AM	0.00	0.52	0.00	1.42	0.00	0.00	0.00	0.52	1.94	100.00	14.20	10.62	0	522	0	43	0	0	0	0	565	171.89	7.96	3.67	7.46	8.47	10.07	9.30	2.39	20.88	22.09
6/9/2022 11:28:34 AM	0.00	0.53	0.00	1.44	0.00	0.00	0.00	0.52	1.97	100.00	14.26	10.64	0	533	0	43	0	0	0	0	576	172.06	8.12	3.75	7.58	8.56	10.16	9.37	2.40	20.84	22.08
6/9/2022 11:28:37 AM	0.00	0.53	0.00	1.45	0.00	0.00	0.00	0.52	1.97	100.00	14.34	10.64	0	525	0	43	0	0	0	0	568	171.93	7.98	3.60	7.46	8.55	10.29	9.49	2.40	20.81	22.03
6/9/2022 11:28:39 AM	0.00	0.55	0.00	1.35	0.00	0.00	0.00	0.54	1.90	100.00	14.47	10.62	0	552	0	40	0	0	0	0	592	171.46	7.67	3.52	7.43	8.57	9.98	9.31	2.42	20.77	21.94
6/9/2022 11:28:41 AM	0.00	0.52	0.00	1.37	0.00	0.00	0.00	0.53	1.89	100.00	14.62	10.56	0	518	0	41	0	0	0	0	560	171.37	7.78	3.46	7.25	8.52	10.00	9.23	2.43	20.73	21.98
6/9/2022 11:28:44 AM	0.00	0.54	0.00	1.37	0.00	0.00	0.00	0.54	1.91	100.00	14.73	10.55	0	541	0	41	0	0	0	0	582	171.55	7.89	3.63	7.41	8.65	9.98	9.25	2.44	20.68	21.95
6/9/2022 11:28:46 AM	0.00	0.57	0.00	1.38	0.00	0.00	0.00	0.55	1.95	100.00	14.84	10.55	0	570	0	42	0	0	0	0	612	171.23	7.83	3.60	7.60	8.72	10.20	9.51	2.45	20.66	21.95
6/9/2022 11:28:49 AM	0.00	0.58	0.00	1.35	0.00	0.00	0.00	0.54	1.93	100.00	14.96	10.55	0	581	0	40	0	0	0	0	621	171.28	7.66	3.60	7.51	8.63	10.14	9.33	2.47	20.61	21.94
6/9/2022 11:28:51 AM	0.00	0.59	0.00	1.46	0.00	0.00	0.00	0.54	2.04	100.00	15.01	10.57	0	589	0	44	0	0	0	0	632	171.36	8.19	3.79	7.92	8.84	10.44	9.74	2.47	20.57	21.90
6/9/2022 11:28:53 AM	0.00	0.53	0.00	1.42	0.00	0.00	0.00	0.56	1.95	100.00	15.02	10.60	0	533	0	43	0	0	0	0	576	171.67	7.99	3.57	7.51	8.84	10.20	9.70	2.47	20.54	21.91
6/9/2022 11:28:56 AM	0.00	0.55	0.00	1.34	0.00	0.00	0.00	0.54	1.89	100.00	15.23	10.58	0	546	0	40	0	0	0	0	586	171.80	7.65	3.49	7.32	8.54	10.00	9.22	2.49	20.50	21.86
6/9/2022 11:28:58 AM	0.00	0.52	0.00	1.32	0.00	0.00	0.00	0.53	1.84	100.00	15.42	10.50	0	519	0	40	0	0	0	0	559	171.96	7.45	3.42	7.09	8.37	9.86	9.05	2.51	20.46	21.85
6/9/2022 11:29:00 AM	0.00	0.55	0.00	1.32	0.00	0.00	0.00	0.55	1.87	100.00	15.53	10.47	0	551	0	40	0	0	0	0	591	172.09	7.63	3.57	7.37	8.61	9.85	9.21	2.52	20.43	21.84
6/9/2022 11:29:03 AM	0.00	0.54	0.00	1.30	0.00	0.00	0.00	0.55	1.84	100.00	15.67	10.48	0	535	0	39	0	0	0	0	575	172.20	7.53	3.42	7.14	8.55	9.85	9.08	2.54	20.39	21.81
6/9/2022 11:29:05 AM	0.00	0.57	0.00	1.28	0.00	0.00	0.00	0.55	1.84	100.00	15.68	10.49	0	569	0	38	0	0	0	0	607	172.29	7.43	3.46	7.32	8.57	9.80	9.11	2.54	20.35	21.76
6/9/2022 11:29:08 AM	0.00	0.55	0.00	1.27	0.00	0.00	0.00	0.54	1.81	100.00	15.79	10.51	0	547	0	38	0	0	0	0	585	172.21	7.45	3.35	7.08	8.45	9.77	8.84	2.55	20.32	21.80
6/9/2022 11:29:10 AM	0.00	0.55	0.00	1.27	0.00	0.00	0.00	0.55	1.82	100.00	15.88	10.48	0	553	0	38	0	0	0	0	591	172.25	7.53	3.46	7.13	8.55	9.78	8.86	2.56	20.28	21.74
6/9/2022 11:29:12 AM	0.00	0.55	0.00	1.23	0.00	0.00	0.00	0.56	1.78	100.00	16.02	10.50	0	554	0	37	0	0	0	0	591	172.48	7.27	3.27	7.05	8.52	9.66	8.91	2.57	20.25	21.71
6/9/2022 11:29:15 AM	0.00	0.59	0.00	1.16	0.00	0.00	0.00	0.57	1.75	100.00	16.13	10.51	0	590	0	35	0	0	0	0	625	172.60	7.05	3.27	7.10	8.51	9.53	8.77	2.58	20.21	21.70
6/9/2022 11:29:17 AM	0.00	0.59	0.00	1.19	0.00	0.00	0.00	0.57	1.79	100.00	16.17	10.51	0	594	0	36	0	0	0	0	630	172.68	7.13	3.47	7.22	8.57	9.60	8.88	2.58	20.18	21.69
6/9/2022 11:29:19 AM	0.00	0.60	0.00	1.27	0.00	0.00	0.00	0.56	1.87	100.00	16.20	10.54	0	599	0	38	0	0	0	0	637	172.61	7.50	3.64	7.48	8.72	9.84	9.14	2.59	20.14	21.66
6/9/2022 11:29:22 AM	0.00	0.66	0.00	1.32	0.00	0.00	0.00	0.58	1.98	100.00	16.23	10.55	0	659	0	40	0	0	0	0	698	172.54	7.66	3.84	8.03	8.93	10.13	9.61	2.59	20.10	21.64
6/9/2022 11:29:24 AM	0.00	0.54	0.00	1.32	0.00	0.00	0.00	0.58	1.86	100.00	16.26	10.55	0	535	0	40	0	0	0	0	575	172.35	7.49	3.46	7.28	8.90	9.90	9.64	2.59	20.06	21.60
6/9/2022 11:29:27 AM	0.00	0.57	0.00	1.25	0.00	0.00	0.00	0.57	1.82	100.00	16.28	10.54	0	573	0	37	0	0	0	0	610	172.53	7.35	3.45	7.27	8.68	9.71	9.13	2.60	20.02	21.59
6/9/2022 11:29:29 AM	0.00	0.58	0.00	1.15	0.00	0.00	0.00	0.56	1.73	100.00	16.42	10.50	0	583	0	34	0	0	0	0	617	172.36	6.95	3.32	7.03	8.39	9.44	8.62	2.61	19.99	21.60
6/9/2022 11:29:31 AM	0.00	0.60	0.00	1.18	0.00	0.00	0.00	0.56	1.78	100.00	16.60	10.45	0	602	0	35	0	0	0	0	637	172.70	7.16	3.41	7.27	8.50	9.52	8.76	2.63	19.96	21.57
6/9/2022 11:29:34 AM	0.00	0.61	0.00	1.22	0.00	0.00	0.00	0.56	1.83	100.00	16.64	10.45	0	607	0	37	0	0	0	0	643	172.34	7.31	3.49	7.37	8.61	9.72	8.94	2.63	19.92	21.54
6/9/2022 11:29:36 AM	0.00	0.62	0.00	1.06	0.00	0.00	0.00	0.59	1.68	100.00	16.71	10.48	0	617	0	32	0	0	0	0	649	172.15	6.84	3.18	6.98	8.57	9.25	8.44	2.64	19.89	21.50
6/9/2022 11:29:38 AM	0.00	0.62	0.00	1.05	0.00	0.00	0.00	0.56	1.67	100.00	16.87	10.48	0	624	0	31	0	0	0	0	655	172.38	6.66	3.18	6.93	8.27	9.28	8.20	2.65	19.85	21.49
6/9/2022 11:29:41 AM	0.00	0.63	0.00	1.01	0.00	0.00	0.00	0.58	1.64	100.00	17.01	10.47	0	633	0	30	0	0	0	0	663	172.44	6.64	3.11	6.87	8.40	9.19	8.13	2.67	19.82	21.49
6/9/2022 11:29:43 AM	0.00	0.64	0.00	1.04	0.00	0.00	0.00	0.57	1.68	100.00	17.06	10.46	0	641	0	31	0	0	0	0	672	172.37	6.72	3.18	7.00	8.35	9.29	8.19	2.67	19.78	21.45
6/9/2022 11:29:46 AM	0.00	1.06	0.00	1.07	0.00	0.00	0.00	0.57	2.13	100.00	17.08	10.49	0	1063	0	32	0	0	0	0	1095	172.27	7.25	3.66	9.06	8.80	11.07	8.50	2.67	19.75	21.47
6/9/2022 11:29:48 AM	0.00	0.71	0.00	1.17	0.00	0.00	0.00	0.57	1.88	100.00	17.09	10.50	0	715	0	35	0	0	0	0	750	172.38	7.29	3.54	7.70	8.72	10.00	8.76	2.68	19.72	21.43
6/9/2022 11:29:50 AM	0.00	0.72	0.00	1.13	0.00	0.00	0.00	0.58	1.85	100.00	17.10	10.53	0	723	0	34	0	0	0	0	756	172.51	7.15	3.63	7.78	8.73	9.77	8.78	2.68	19.69	21.39
6/9/2022 11:29:53 AM	0.00	0.67	0.00	0.99	0.00	0.00	0.00	0.58	1.66	100.00	17.21	10.49	0	672	0	30	0	0	0	0	702	172.32	6.54	3.17	7.10	8.36	9.16	8.15	2.69	19.67	21.38
6/9/2022 11:29:55 AM	0.00	0.63	0.00	0.97	0.00	0.00	0.00	0.58	1.59	100.00	17.29	10.45	0	627	0	29	0	0	0	0	656	172.26	6.44	3.08	6.87	8.27	8.87	8.03	2.69	19.63	21.35
6/9/2022 11:29:58 AM	0.00	0.67	0.00	1.06	0.00	0.00	0.00	0.57	1.74	100.00	17.34	10.47	0	675	0	32	0	0	0	0	707	172.22	6.86	3.34	7.15	8.52	9.57	8.29	2.70	19.60	21.33
6/9/2022 11:30:00 AM	0.00	0.68	0.00	1.11	0.00	0.00	0.00	0.58	1.79	100.00	17.39	10.46	0	680	0	33	0	0	0	0	714	172.53	7.05	3.54	7.40	8.65	9.61	8.53	2.70	19.56	21.34
6/9/2022 11:30:02 AM	0.00	0.62	0.00	1.03	0.00	0.00	0.00	0.57	1.65	100.00	17.46	10.45	0	625	0	31	0	0	0	0	655	172.48	6.63	3.17	6.87	8.41	9.22	8.22	2.71	19.54	21.30
6/9/2022 11:30:05 AM	0.00	0.63	0.00	1.01	0.00	0.00	0.00	0.57	1.64	100.00	17.57	10.44	0	635	0	30	0	0	0	0	665	172.38	6.56	3.17	6.89	8.32	9.16	8.10	2.72	19.51	21.25
6/9/2022 11:30:07 AM	0.00	0.62	0.00	0.96	0.00	0.00	0.00	0.58	1.58	100.00	17.64	10.44	0	620	0	29	0	0	0	0	649	172.35	6.35	3.02	6.73	8.30	8.93	8.05	2.73	19.48	21.24
6/9/2022 11:30:09 AM	0.00	0.62	0.00	0.99	0.00	0.00	0.00	0.56	1.61	100.00	17.72	10.45	0	617	0	30	0	0	0	0	646	172.31	6.49	3.15	6.74	8.24	9.04	7.95	2.74	19.44	21.19
6/9/2022 11:30:12 AM	0.00	0.64	0.00	0.95	0.00	0.00	0.00	0.58	1.59	100.00	17.73	10.46	0	641	0	28	0	0	0	0	670	172.41	6.32	3.08	6.81	8.29	8.95	7.99	2.74	19.43	21.18
6/9/2022 11:30:14 AM	0.00	0.65	0.00	0.99	0.00	0.00	0.00	0.58	1.64	100.00	17.79	10.47	0	651	0	30	0	0	0	0	680	172.35	6.62	3.26	6.92	8.42	9.13	8.02	2.74	19.39	21.20
6/9/2022 11:30:17 AM	0.00	0.68	0.00	0.85	0.00	0.00	0.00	0.60	1.54	100.00	17.87	10.49	0	681	0	26	0	0	0	0	707	172.11	6.14	3.00	6.76	8.35	8.77	7.69	2.75	19.36	21.18
6/9/2022 11:30:19 AM	0.00	0.63	0.00	0.93	0.00	0.00	0.00	0.60	1.56	100.00	17.92	10.45	0	630	0	28	0	0	0	0	658	172.04	6.29	3.05	6.75	8.42	8.80	8.06	2.76	19.32	21.15
6/9/2022 11:30:21 AM	0.00	0.64	0.00	0.91	0.00	0.00	0.00	0.60	1.55	100.00	17.92	10.44	0	641	0	27	0	0	0	0	668	172.37	6.29	2.97	6.72	8.47	8.85	8.02	2.76	19.29	21.13
6/9/2022 11:30:24 AM	0.00	0.63	0.00	0.85	0.00	0.00	0.00	0.60	1.49	100.00	17.95	10.44	0	635	0	26	0	0	0	0	660	171.90	6.04	2.83	6.48	8.28	8.65	7.69	2.76	19.26	21.13
6/9/2022 11:30:26 AM	0.00	0.65	0.00	0.94	0.00	0.00	0.00	0.59	1.59	100.00	18.02	10.43	0	652	0	28	0	0	0	0	680	171.99	6.51	3.05	6.85	8.45	8.93	7.96	2.77	19.24	21.10
6/9/2022 11:30:28 AM	0.00	0.66	0.00	0.94	0.00	0.00	0.00	0.60	1.60	100.00	18.11	10.42	0	661	0	28	0	0	0	0	690	172.29	6.41	3.06	6.89	8.48	9.01	8.08	2.77	19.20	21.08
6/9/2022 11:30:31 AM	0.00	0.66	0.00	0.84	0.00	0.00	0.00	0.61	1.50	100.00	18.19	10.42	0	656	0	25	0	0	0	0	682	172.19	6.06	2.94	6.63	8.39	8.63	7.74	2.78	19.18	21.09
6/9/2022 11:30:33 AM	0.00	0.66	0.00	0.85	0.00	0.00	0.00	0.60	1.51	100.00	18.26	10.43	0	658	0	26	0	0	0	0	684	172.26	6.16	2.98	6.63	8.42	8.68	7.71	2.79	19.16	21.02
6/9/2022 11:30:36 AM	0.00	0.67	0.00	0.85	0.00	0.00	0.00	0.59	1.52	100.00	18.40	10.40	0	668	0	25	0	0	0	0	694	172.11	6.04	2.87	6.66	8.21	8.75	7.64	2.80	19.12	21.02
6/9/2022 11:30:38 AM	0.00	0.68	0.00	0.82	0.00	0.00	0.00	0.61	1.50	100.00	18.51	10.37	0	681	0	25	0	0	0	0	705	172.04	5.96	2.84	6.68	8.36	8.69	7.73	2.81	19.09	21.00
6/9/2022 11:30:40 AM	0.00	0.72	0.00	0.91	0.00	0.00	0.00	0.58	1.63	100.00	18.59	10.37	0	721	0	27	0	0	0	0	748	171.91	6.43	3.17	6.94	8.44	9.23	7.69	2.82	19.08	20.97
6/9/2022 11:30:43 AM	0.00	0.63	0.00	0.84	0.00	0.00	0.00	0.59	1.48	100.00	18.70	10.38	0	633	0	25	0	0	0	0	658	172.05	6.00	2.85	6.46	8.22	8.60	7.61	2.83	19.05	20.94
6/9/2022 11:30:45 AM	0.00	0.64	0.00	0.81	0.00	0.00	0.00	0.60	1.44	100.00	18.85	10.38	0	637	0	24	0	0	0	0	661	171.83	5.94	2.76	6.34	8.23	8.53	7.44	2.85	19.02	20.93
6/9/2022 11:30:48 AM	0.00	0.64	0.00	0.79	0.00	0.00	0.00	0.59	1.44	100.00	18.97	10.40	0	644	0	24	0	0	0	0	667	172.22	5.85	2.75	6.42	8.17	8.42	7.45	2.86	19.00	20.90
6/9/2022 11:30:50 AM	0.00	0.67	0.00	0.85	0.00	0.00	0.00	0.58	1.52	100.00	19.00	10.41	0	668	0	26	0	0	0	0	693	171.71	6.11	3.08	6.69	8.21	8.67	7.52	2.86	18.96	20.90
6/9/2022 11:30:52 AM	0.00	0.65	0.00	0.81	0.00	0.00	0.00	0.61	1.46	100.00	19.09	10.41	0	649	0	24	0	0	0	0	674	171.91	5.98	2.79	6.47	8.40	8.54	7.65	2.87	18.94	20.87
6/9/2022 11:30:55 AM	0.00	0.66	0.00	0.73	0.00	0.00	0.00	0.59	1.39	100.00	19.23	10.38	0	664	0	22	0	0	0	0	686	171.74	5.77	2.82	6.29	8.12	8.29	7.03	2.88	18.92	20.84
6/9/2022 11:30:57 AM	0.00	0.69	0.00	0.68	0.00	0.00	0.00	0.61	1.38	100.00	19.37	10.35	0	695	0	20	0	0	0	0	715	171.68	5.56	2.73	6.43	8.15	8.17	7.11	2.90	18.89	20.85
6/9/2022 11:30:59 AM	0.00	0.68	0.00	0.68	0.00	0.00	0.00	0.60	1.36	100.00	19.44	10.37	0	683	0	20	0	0	0	0	703	171.65	5.61	2.69	6.27	8.10	8.17	6.90	2.91	18.86	20.83
6/9/2022 11:31:02 AM	0.00	0.70	0.00	0.68	0.00	0.00	0.00	0.60	1.38	100.00	19.52	10.38	0	696	0	20	0	0	0	0	716	171.59	5.62	2.76	6.41	8.09	8.17	6.95	2.91	18.83	20.82
6/9/2022 11:31:04 AM	0.00	0.71	0.00	0.70	0.00	0.00	0.00	0.61	1.40	100.00	19.54	10.40	0	707	0	21	0	0	0	0	728	171.44	5.67	2.79	6.53	8.18	8.25	7.12	2.91	18.81	20.80
6/9/2022 11:31:07 AM	0.00	0.70	0.00	0.69	0.00	0.00	0.00	0.61	1.38	100.00	19.58	10.40	0	695	0	21	0	0	0	0	716	171.57	5.63	2.74	6.33	8.22	8.30	7.05	2.92	18.80	20.77
6/9/2022 11:31:09 AM	0.00	0.72	0.00	0.66	0.00	0.00	0.00	0.60	1.38	100.00	19.66	10.40	0	719	0	20	0	0	0	0	739	171.57	5.57	2.79	6.45	8.08	8.20	6.86	2.93	18.77	20.73
6/9/2022 11:31:11 AM	0.00	0.69	0.00	0.71	0.00	0.00	0.00	0.61	1.41	100.00	19.66	10.40	0	692	0	21	0	0	0	0	713	171.58	5.61	2.82	6.44	8.21	8.34	7.23	2.93	18.74	20.74
6/9/2022 11:31:14 AM	0.00	0.66	0.00	0.69	0.00	0.00	0.00	0.60	1.36	100.00	19.76	10.38	0	665	0	21	0	0	0	0	686	171.41	5.48	2.63	6.18	8.06	8.24	7.06	2.94	18.72	20.73
6/9/2022 11:31:16 AM	0.00	0.69	0.00	0.65	0.00	0.00	0.00	0.62	1.33	100.00	19.89	10.34	0	686	0	19	0	0	0	0	706	171.28	5.49	2.56	6.27	8.17	8.07	7.00	2.95	18.70	20.74
6/9/2022 11:31:18 AM	0.00	0.70	0.00	0.60	0.00	0.00	0.00	0.61	1.30	100.00	20.03	10.34	0	697	0	18	0	0	0	0	715	171.28	5.33	2.60	6.17	8.07	7.95	6.74	2.96	18.67	20.69
6/9/2022 11:31:21 AM	0.00	0.68	0.00	0.61	0.00	0.00	0.00	0.60	1.29	100.00	20.11	10.34	0	679	0	18	0	0	0	0	697	171.48	5.28	2.60	6.12	7.95	7.87	6.70	2.97	18.65	20.63
6/9/2022 11:31:23 AM	0.00	0.71	0.00	0.60	0.00	0.00	0.00	0.61	1.32	100.00	20.20	10.34	0	715	0	18	0	0	0	0	733	171.58	5.35	2.64	6.21	8.11	8.06	6.72	2.98	18.62	20.63
6/9/2022 11:31:26 AM	0.00	0.73	0.00	0.61	0.00	0.00	0.00	0.60	1.34	100.00	20.24	10.34	0	732	0	18	0	0	0	0	750	171.37	5.41	2.69	6.32	7.98	8.10	6.57	2.98	18.60	20.59
6/9/2022 11:31:28 AM	0.00	0.67	0.00	0.57	0.00	0.00	0.00	0.61	1.24	100.00	20.41	10.33	0	670	0	17	0	0	0	0	687	171.13	5.24	2.42	5.95	7.97	7.73	6.54	3.00	18.57	20.61
6/9/2022 11:31:30 AM	0.00	0.65	0.00	0.63	0.00	0.00	0.00	0.62	1.28	100.00	20.45	10.33	0	653	0	19	0	0	0	0	672	171.10	5.39	2.61	6.07	8.17	7.84	6.92	3.00	18.56	20.59
6/9/2022 11:31:33 AM	0.00	0.73	0.00	0.60	0.00	0.00	0.00	0.62	1.33	100.00	20.47	10.35	0	731	0	18	0	0	0	0	749	171.34	5.39	2.67	6.39	8.14	8.00	6.78	3.01	18.53	20.57
6/9/2022 11:31:35 AM	0.00	0.71	0.00	0.64	0.00	0.00	0.00	0.61	1.35	100.00	20.49	10.36	0	710	0	19	0	0	0	0	730	171.24	5.57	2.80	6.40	8.13	7.99	6.78	3.01	18.51	20.56
6/9/2022 11:31:38 AM	0.00	0.69	0.00	0.63	0.00	0.00	0.00	0.61	1.32	100.00	20.55	10.36	0	689	0	19	0	0	0	0	708	170.89	5.48	2.68	6.26	8.12	7.94	6.82	3.01	18.49	20.52
6/9/2022 11:31:40 AM	0.00	0.71	0.00	0.59	0.00	0.00	0.00	0.63	1.30	100.00	20.58	10.37	0	711	0	18	0	0	0	0	729	170.95	5.39	2.60	6.23	8.22	7.96	6.79	3.02	18.47	20.47
6/9/2022 11:31:42 AM	0.00	0.69	0.00	0.60	0.00	0.00	0.00	0.62	1.29	100.00	20.61	10.37	0	692	0	18	0	0	0	0	710	171.07	5.42	2.59	6.16	8.13	7.91	6.74	3.02	18.45	20.47
6/9/2022 11:31:45 AM	0.00	0.65	0.00	0.62	0.00	0.00	0.00	0.62	1.27	100.00	20.62	10.37	0	653	0	19	0	0	0	0	672	171.15	5.40	2.49	6.00	8.15	7.87	6.85	3.02	18.43	20.48
6/9/2022 11:31:47 AM	0.00	0.67	0.00	0.64	0.00	0.00	0.00	0.61	1.31	100.00	20.62	10.39	0	673	0	19	0	0	0	0	692	170.76	5.46	2.70	6.18	8.14	7.93	6.86	3.02	18.41	20.44
6/9/2022 11:31:49 AM	0.00	0.65	0.00	0.61	0.00	0.00	0.00	0.62	1.26	100.00	20.63	10.39	0	654	0	18	0	0	0	0	672	170.78	5.39	2.49	5.96	8.17	7.85	6.81	3.02	18.38	20.42
6/9/2022 11:31:52 AM	0.00	0.69	0.00	0.60	0.00	0.00	0.00	0.62	1.29	100.00	20.68	10.36	0	692	0	18	0	0	0	0	710	170.73	5.37	2.61	6.19	8.12	7.87	6.76	3.03	18.37	20.44
6/9/2022 11:31:54 AM	0.00	0.69	0.00	0.64	0.00	0.00	0.00	0.62	1.33	100.00	20.72	10.34	0	689	0	19	0	0	0	0	709	169.81	5.61	2.66	6.23	8.25	8.06	6.86	3.03	18.33	20.39
6/9/2022 11:31:57 AM	0.00	0.66	0.00	0.67	0.00	0.00	0.00	0.63	1.33	100.00	20.78	10.32	0	662	0	20	0	0	0	0	682	169.07	5.63	2.57	6.28	8.34	7.96	7.21	3.04	18.33	20.37
6/9/2022 11:31:59 AM	0.00	0.70	0.00	0.67	0.00	0.00	0.00	0.69	1.37	100.00	20.88	10.30	0	702	0	20	0	0	0	0	722	166.44	5.75	2.64	6.55	8.93	8.12	7.76	3.05	18.32	20.33
6/9/2022 11:32:01 AM	0.00	0.68	0.00	0.71	0.00	0.00	0.00	0.71	1.39	100.00	20.97	10.29	0	679	0	21	0	0	0	0	701	165.25	5.82	2.67	6.56	9.13	8.27	8.16	3.05	18.29	20.31
6/9/2022 11:32:04 AM	0.00	0.75	0.20	0.66	0.00	0.00	0.00	0.71	1.61	100.00	21.06	10.32	0	746	88	20	0	0	0	0	853	164.60	6.32	2.71	6.96	9.52	8.53	8.83	3.06	18.26	20.34
6/9/2022 11:32:06 AM	0.00	0.75	0.16	0.68	0.00	0.00	0.00	0.73	1.58	100.00	21.08	10.32	0	745	71	20	0	0	0	0	837	164.37	6.45	2.69	6.97	9.65	8.53	8.77	3.07	18.25	20.31
6/9/2022 11:32:08 AM	0.00	0.77	0.17	0.61	0.00	0.00	0.00	0.71	1.55	100.00	21.09	10.29	0	766	77	18	0	0	0	0	861	165.13	6.12	2.60	6.88	9.34	8.40	8.43	3.07	18.22	20.27
6/9/2022 11:32:11 AM	0.00	0.75	0.20	0.62	0.00	0.00	0.00	0.73	1.56	100.00	21.20	10.28	0	746	91	19	0	0	0	0	855	164.00	6.22	2.62	6.85	9.57	8.38	8.75	3.08	18.21	20.29
6/9/2022 11:32:13 AM	0.00	0.81	0.35	0.58	0.00	0.00	0.00	0.73	1.73	100.00	21.25	10.27	0	807	156	17	0	0	0	0	981	163.36	6.51	2.74	7.21	9.82	8.61	9.25	3.08	18.20	20.22
6/9/2022 11:32:16 AM	0.00	0.75	0.15	0.70	0.00	0.00	0.00	0.73	1.60	100.00	21.28	10.28	0	753	67	21	0	0	0	0	841	164.03	6.41	2.81	7.06	9.68	8.59	8.86	3.09	18.17	20.22
6/9/2022 11:32:18 AM	0.00	0.70	0.24	0.64	0.00	0.00	0.00	0.71	1.57	100.00	21.29	10.28	0	698	106	19	0	0	0	0	824	164.45	6.27	2.58	6.69	9.42	8.31	8.82	3.09	18.15	20.21
6/9/2022 11:32:20 AM	0.00	0.69	0.05	0.75	0.00	0.00	0.00	0.72	1.49	100.00	21.37	10.30	0	690	22	23	0	0	0	0	734	164.38	6.21	2.64	6.73	9.43	8.53	8.58	3.09	18.13	20.22
6/9/2022 11:32:23 AM	0.00	0.73	0.13	0.70	0.00	0.00	0.00	0.72	1.56	100.00	21.40	10.30	0	731	59	21	0	0	0	0	811	164.35	6.26	2.61	6.86	9.57	8.64	8.82	3.10	18.11	20.17
6/9/2022 11:32:25 AM	0.00	0.81	0.20	0.64	0.00	0.00	0.00	0.73	1.64	100.00	21.44	10.31	0	805	88	19	0	0	0	0	913	164.54	6.42	2.68	7.17	9.73	8.73	8.87	3.10	18.10	20.13
6/9/2022 11:32:28 AM	0.00	0.76	0.15	0.73	0.00	0.00	0.00	0.73	1.64	100.00	21.46	10.31	0	761	66	22	0	0	0	0	849	164.51	6.48	2.84	7.16	9.77	8.79	9.07	3.10	18.07	20.09
6/9/2022 11:32:30 AM	0.00	0.77	0.16	0.66	0.00	0.00	0.00	0.75	1.59	100.00	21.48	10.31	0	769	73	20	0	0	0	0	862	163.83	6.32	2.72	7.03	9.82	8.60	8.95	3.10	18.06	20.16
6/9/2022 11:32:32 AM	0.00	0.86	0.24	0.62	0.00	0.00	0.00	0.78	1.72	100.00	21.53	10.30	0	857	110	19	0	0	0	0	986	159.07	6.64	2.80	7.45	10.35	8.91	9.42	3.11	18.05	20.07
6/9/2022 11:32:35 AM	0.00	1.11	0.61	0.49	0.00	0.00	0.00	0.86	2.21	95.83	21.57	10.26	0	1107	275	15	0	0	0	0	1397	145.43	7.52	3.11	8.71	11.73	9.85	11.17	3.11	18.02	20.09
6/9/2022 11:32:37 AM	0.00	1.28	0.81	0.38	0.00	0.00	0.00	0.87	2.47	92.45	21.60	10.23	0	1275	364	12	0	0	0	0	1651	140.30	7.96	3.19	9.44	12.11	10.30	11.59	3.12	18.02	20.07
6/9/2022 11:32:39 AM	0.00	1.19	0.64	0.53	0.00	0.00	0.00	0.88	2.36	94.23	21.61	10.24	0	1188	290	16	0	0	0	0	1494	143.00	7.98	3.22	9.21	12.12	10.37	11.56	3.12	17.99	20.06
6/9/2022 11:32:42 AM	0.00	1.32	1.02	0.38	0.00	0.00	0.00	0.91	2.72	91.23	21.66	10.26	0	1321	457	12	0	0	0	0	1790	138.45	8.48	3.44	9.89	12.91	10.73	12.92	3.12	17.98	20.07
6/9/2022 11:32:44 AM	0.00	1.43	1.29	0.26	0.00	0.00	0.00	0.92	2.99	87.13	21.73	10.21	0	1427	583	8	0	0	0	0	2018	132.22	8.93	3.41	10.35	13.36	11.05	13.71	3.13	17.96	20.03
6/9/2022 11:32:47 AM	0.00	1.44	1.28	0.29	0.00	0.00	0.00	0.93	3.01	86.37	21.75	10.15	0	1442	576	9	0	0	0	0	2026	131.07	9.02	3.39	10.44	13.47	11.23	13.81	3.13	17.94	20.01
6/9/2022 11:32:49 AM	0.00	1.47	1.35	0.30	0.00	0.00	0.00	0.93	3.12	86.96	21.78	10.13	0	1470	608	9	0	0	0	0	2087	131.97	9.31	3.56	10.71	13.72	11.40	14.21	3.13	17.93	19.99
6/9/2022 11:32:51 AM	0.00	1.49	1.29	0.27	0.00	0.00	0.00	0.94	3.05	87.21	21.82	10.13	0	1488	580	8	0	0	0	0	2076	132.35	9.07	3.46	10.63	13.66	11.33	13.90	3.14	17.90	19.99
6/9/2022 11:32:54 AM	0.00	1.56	1.80	0.27	0.00	0.00	0.00	0.97	3.63	84.59	21.87	10.10	0	1564	809	8	0	0	0	0	2381	128.36	10.39	3.75	11.49	14.85	12.23	16.40	3.14	17.89	19.94
6/9/2022 11:32:56 AM	0.00	1.75	2.51	0.15	0.00	0.00	0.00	0.99	4.42	80.62	21.95	10.07	0	1753	1131	5	0	0	0	0	2889	122.35	12.03	4.13	12.84	16.24	13.31	19.22	3.15	17.88	19.96
6/9/2022 11:32:58 AM	0.00	2.21	4.21	0.00	0.00	0.00	0.00	1.12	6.43	74.33	22.04	10.07	0	2215	1896	0	0	0	0	0	4110	112.79	16.54	5.04	16.49	20.60	16.39	27.13	3.16	17.87	19.89
6/9/2022 11:33:01 AM	0.00	2.45	5.43	0.00	0.00	0.00	0.00	1.19	7.88	71.56	22.11	10.10	0	2450	2443	0	0	0	0	0	4893	108.60	19.94	5.64	18.96	23.68	18.61	33.15	3.17	17.85	19.89
6/9/2022 11:33:03 AM	0.00	3.49	8.14	0.00	0.00	0.00	0.00	1.02	11.64	68.60	22.14	10.08	0	3494	3665	0	0	0	0	0	7159	104.09	27.72	7.49	26.26	27.56	25.77	43.60	3.17	17.82	19.89
6/9/2022 11:33:06 AM	0.00	6.66	16.40	0.00	0.00	0.00	0.00	0.21	23.06	55.22	22.21	10.09	0	6662	7380	0	0	0	0	0	14042	83.78	46.90	11.70	50.35	35.47	46.14	75.29	3.18	17.81	19.87
6/9/2022 11:33:08 AM	0.00	10.39	31.32	0.00	0.00	0.00	0.00	0.00	41.70	18.63	22.23	10.10	0	10389	14092	0	0	0	0	0	24481	28.24	88.27	20.53	84.06	56.39	76.30	141.10	3.18	17.79	19.82
6/9/2022 11:33:10 AM	0.00	12.65	36.23	0.00	0.00	0.00	0.00	0.00	48.89	12.57	22.23	10.13	0	12653	16304	0	0	0	0	0	28957	19.04	103.39	25.52	103.03	63.41	87.30	164.01	3.18	17.78	19.80
6/9/2022 11:33:13 AM	0.00	12.87	38.63	0.00	0.00	0.00	0.00	0.00	51.50	11.87	22.23	10.16	0	12873	17383	0	0	0	0	0	30255	17.98	118.71	27.16	105.86	71.45	89.34	168.55	3.18	17.76	19.83
6/9/2022 11:33:15 AM	0.00	7.56	27.59	0.00	0.00	0.00	0.00	0.30	35.16	19.04	22.11	10.16	0	7565	12416	0	0	0	0	0	19981	28.87	82.43	17.16	64.64	58.02	61.93	121.24	3.17	17.74	19.78
6/9/2022 11:33:17 AM	0.00	7.68	25.76	0.00	0.00	0.00	0.00	0.24	33.44	20.30	22.03	10.11	0	7676	11593	0	0	0	0	0	19269	30.78	73.80	16.21	65.14	53.42	59.23	115.20	3.16	17.73	19.78
