Date/Time	Green Algae	Bluegreen	Diatoms	Cryptophyta	#5	#6	#7	Yellow substances	Total conc.	Transmission	Depth	Temp. Sample	Green Algae	Bluegreen	Diatoms	Cryptophyta	#5	#6	#7	Yellow substances	Total cell count	Trans. 700 nm	LED 3 [525 nm]	LED 4 [570 nm]	LED 5 [610 nm]	LED 6 [370 nm]	LED 7 [590 nm]	LED 8 [470 nm]	Pressure	Temp. LEDs	Temp. Sensor
date	µg/l	µg/l	µg/l	µg/l	µg/l	µg/l	µg/l	r.u.	µg/l	%	m	°C	cells/ml	cells/ml	cells/ml	cells/ml	cells/ml	cells/ml	cells/ml	r.u.	cells/ml	digits	digits	digits	digits	digits	digits	digits	bar	°C	°C
8/14/2023 1:37:29 PM	17.64	5.93	5.08	0.00	0.00	0.00	0.00	0.22	28.65	100.00	0.01	26.34	9347	5934	2287	0	0	0	0	0	17567	179.37	28.56	11.16	49.64	40.50	46.35	82.35	1.00	27.50	26.56
8/14/2023 1:37:31 PM	18.48	5.90	4.84	0.00	0.00	0.00	0.00	0.11	29.23	100.00	0.03	26.34	9797	5898	2180	0	0	0	0	0	17875	179.36	28.14	10.60	48.80	40.19	47.85	83.21	1.00	27.53	26.54
8/14/2023 1:37:34 PM	19.56	6.08	4.39	0.00	0.00	0.00	0.00	0.00	30.03	100.00	0.06	26.35	10366	6075	1977	0	0	0	0	0	18419	181.04	27.59	10.41	50.26	39.82	48.72	83.83	1.01	27.56	26.58
8/14/2023 1:37:36 PM	18.69	5.64	5.10	0.00	0.00	0.00	0.00	0.00	29.44	100.00	0.07	26.32	9908	5638	2296	0	0	0	0	0	17843	180.27	28.38	9.50	48.80	38.42	46.67	84.48	1.01	27.57	26.55
8/14/2023 1:37:39 PM	19.06	5.99	4.47	0.00	0.00	0.00	0.00	0.00	29.52	100.00	0.09	26.30	10103	5992	2011	0	0	0	0	0	18107	180.22	27.41	10.16	50.78	38.39	46.89	82.87	1.01	27.59	26.56
8/14/2023 1:37:41 PM	19.78	6.24	3.86	0.00	0.00	0.00	0.00	0.00	29.87	100.00	0.11	26.29	10482	6235	1735	0	0	0	0	0	18453	179.86	26.71	9.77	51.46	39.43	48.19	82.18	1.01	27.60	26.58
8/14/2023 1:37:43 PM	18.49	6.01	4.83	0.00	0.00	0.00	0.00	0.00	29.33	100.00	0.13	26.32	9800	6013	2172	0	0	0	0	0	17986	180.07	28.06	9.81	50.27	38.96	47.33	82.30	1.01	27.63	26.61
8/14/2023 1:37:46 PM	18.54	5.88	4.52	0.00	0.00	0.00	0.00	0.00	28.94	100.00	0.15	26.33	9826	5877	2035	0	0	0	0	0	17738	180.12	27.14	9.79	48.63	38.29	47.26	81.12	1.01	27.64	26.63
8/14/2023 1:37:48 PM	18.76	5.89	4.67	0.00	0.00	0.00	0.00	0.00	29.33	100.00	0.16	26.33	9945	5891	2102	0	0	0	0	0	17938	179.58	27.65	10.20	49.32	39.00	47.29	82.46	1.02	27.65	26.71
8/14/2023 1:37:51 PM	18.86	6.00	4.65	0.00	0.00	0.00	0.00	0.05	29.51	100.00	0.17	26.32	9994	6005	2093	0	0	0	0	0	18092	180.02	28.00	9.82	50.39	39.84	47.43	83.07	1.02	27.68	26.63
8/14/2023 1:37:53 PM	17.54	5.97	5.29	0.00	0.00	0.00	0.00	0.09	28.79	100.00	0.18	26.30	9294	5969	2380	0	0	0	0	0	17643	178.91	28.78	9.56	49.15	39.38	47.59	81.91	1.02	27.71	26.65
8/14/2023 1:37:55 PM	18.46	6.06	4.72	0.00	0.00	0.00	0.00	0.00	29.23	100.00	0.20	26.29	9781	6059	2123	0	0	0	0	0	17963	179.64	27.68	10.62	49.77	38.81	47.83	81.71	1.02	27.71	26.68
8/14/2023 1:37:58 PM	17.38	6.20	5.11	0.00	0.00	0.00	0.00	0.05	28.69	100.00	0.22	26.25	9214	6199	2298	0	0	0	0	0	17711	179.60	28.37	10.20	50.61	38.69	47.33	80.42	1.02	27.73	26.70
8/14/2023 1:38:00 PM	17.27	5.84	5.20	0.00	0.00	0.00	0.00	0.16	28.31	100.00	0.23	26.25	9155	5837	2340	0	0	0	0	0	17331	179.48	28.46	10.05	48.72	39.48	46.18	81.18	1.02	27.75	26.69
8/14/2023 1:38:02 PM	17.08	6.03	5.64	0.00	0.00	0.00	0.00	0.07	28.75	100.00	0.25	26.23	9051	6033	2538	0	0	0	0	0	17622	180.30	29.40	9.72	49.80	39.23	47.42	81.89	1.02	27.76	26.71
8/14/2023 1:38:05 PM	18.16	5.99	5.36	0.00	0.00	0.00	0.00	0.00	29.50	100.00	0.26	26.21	9622	5986	2412	0	0	0	0	0	18021	177.66	29.01	10.50	50.55	38.94	47.35	83.75	1.03	27.79	26.68
8/14/2023 1:38:07 PM	19.54	6.16	4.73	0.00	0.00	0.00	0.00	0.00	30.42	100.00	0.27	26.17	10356	6155	2126	0	0	0	0	0	18638	178.79	28.53	9.54	50.92	40.36	49.61	85.28	1.03	27.79	26.79
8/14/2023 1:38:10 PM	18.23	6.31	5.09	0.00	0.00	0.00	0.00	0.00	29.63	100.00	0.29	26.12	9661	6313	2291	0	0	0	0	0	18265	179.75	28.72	10.01	51.71	38.70	48.73	82.96	1.03	27.81	26.70
8/14/2023 1:38:12 PM	17.91	6.27	5.37	0.00	0.00	0.00	0.00	0.05	29.55	100.00	0.33	26.05	9492	6272	2416	0	0	0	0	0	18180	179.51	29.32	10.76	51.48	39.94	48.48	83.28	1.03	27.82	26.84
8/14/2023 1:38:14 PM	20.12	6.60	4.72	0.00	0.00	0.00	0.00	0.08	31.44	100.00	0.32	25.99	10662	6603	2123	0	0	0	0	0	19388	178.54	29.40	10.65	53.64	42.43	51.70	87.80	1.03	27.83	26.80
8/14/2023 1:38:17 PM	20.38	6.78	4.69	0.00	0.00	0.00	0.00	0.12	31.86	100.00	0.32	25.98	10801	6781	2113	0	0	0	0	0	19695	179.50	29.70	10.90	53.91	43.37	53.46	88.99	1.03	27.87	26.75
8/14/2023 1:38:19 PM	19.62	6.54	5.71	0.00	0.00	0.00	0.00	0.00	31.86	100.00	0.33	25.99	10396	6536	2569	0	0	0	0	0	19502	179.10	31.14	10.32	53.21	42.02	52.92	90.18	1.03	27.87	26.81
8/14/2023 1:38:21 PM	20.44	6.70	5.08	0.00	0.00	0.00	0.00	0.00	32.22	100.00	0.33	25.98	10832	6702	2287	0	0	0	0	0	19822	179.79	30.57	9.43	55.91	42.53	51.74	89.97	1.03	27.91	26.80
8/14/2023 1:38:24 PM	19.38	6.72	5.90	0.00	0.00	0.00	0.00	0.06	32.01	100.00	0.33	25.99	10273	6724	2656	0	0	0	0	0	19653	177.88	31.90	10.33	54.22	43.36	53.57	90.60	1.03	27.90	26.84
8/14/2023 1:38:26 PM	20.05	6.80	5.28	0.00	0.00	0.00	0.00	0.00	32.13	100.00	0.39	25.96	10628	6799	2375	0	0	0	0	0	19802	178.32	30.61	10.77	55.62	41.73	52.58	89.92	1.04	27.93	26.81
8/14/2023 1:38:29 PM	20.81	7.05	5.26	0.00	0.00	0.00	0.00	0.07	33.12	100.00	0.44	25.91	11027	7053	2369	0	0	0	0	0	20449	179.09	31.45	12.07	57.17	44.67	54.26	92.55	1.04	27.94	26.93
8/14/2023 1:38:31 PM	19.95	7.46	6.25	0.00	0.00	0.00	0.00	0.00	33.67	100.00	0.47	25.92	10572	7465	2815	0	0	0	0	0	20851	176.77	33.41	12.12	58.46	44.43	57.29	93.83	1.05	27.96	26.85
8/14/2023 1:38:33 PM	20.61	7.25	5.81	0.00	0.00	0.00	0.00	0.00	33.67	100.00	0.48	25.94	10923	7250	2617	0	0	0	0	0	20790	177.74	32.52	11.89	57.38	44.28	56.73	94.02	1.05	27.97	26.85
8/14/2023 1:38:36 PM	19.65	7.64	6.11	0.00	0.00	0.00	0.00	0.18	33.40	100.00	0.50	25.96	10413	7643	2749	0	0	0	0	0	20805	177.36	33.60	11.99	59.40	46.00	57.26	93.61	1.05	27.98	26.90
8/14/2023 1:38:38 PM	20.78	7.45	5.54	0.00	0.00	0.00	0.00	0.00	33.78	100.00	0.51	25.99	11016	7452	2494	0	0	0	0	0	20962	178.31	32.39	11.14	59.54	44.52	56.07	93.31	1.05	28.00	26.94
8/14/2023 1:38:41 PM	20.61	7.31	5.97	0.00	0.00	0.00	0.00	0.00	33.88	100.00	0.52	25.99	10922	7310	2685	0	0	0	0	0	20917	178.52	33.07	12.21	58.84	45.06	55.94	94.52	1.05	28.01	26.99
8/14/2023 1:38:43 PM	21.01	7.65	5.73	0.00	0.00	0.00	0.00	0.05	34.39	100.00	0.53	26.00	11135	7653	2577	0	0	0	0	0	21365	178.54	33.18	11.70	60.11	45.93	58.03	95.24	1.05	28.02	26.95
8/14/2023 1:38:45 PM	21.21	7.46	6.02	0.00	0.00	0.00	0.00	0.00	34.69	100.00	0.55	26.00	11242	7455	2710	0	0	0	0	0	21407	176.51	33.65	11.92	60.21	45.45	57.16	97.01	1.05	28.06	26.93
8/14/2023 1:38:48 PM	21.07	7.58	5.60	0.00	0.00	0.00	0.00	0.09	34.25	100.00	0.58	25.98	11167	7578	2519	0	0	0	0	0	21264	177.60	33.03	11.67	60.74	46.15	56.55	95.13	1.06	28.05	27.01
8/14/2023 1:38:50 PM	21.29	7.32	5.65	0.00	0.00	0.00	0.00	0.07	34.26	100.00	0.60	25.97	11282	7324	2543	0	0	0	0	0	21149	178.35	32.89	11.76	58.47	46.16	57.10	95.85	1.06	28.08	26.93
8/14/2023 1:38:52 PM	21.67	7.39	5.67	0.00	0.00	0.00	0.00	0.00	34.74	100.00	0.61	25.92	11485	7393	2552	0	0	0	0	0	21431	178.68	33.04	11.38	60.03	45.21	56.94	97.02	1.06	28.09	26.91
8/14/2023 1:38:55 PM	22.22	7.79	5.42	0.00	0.00	0.00	0.00	0.00	35.43	100.00	0.64	25.81	11775	7790	2441	0	0	0	0	0	22006	177.59	33.18	12.84	63.04	46.56	57.44	97.53	1.06	28.12	26.93
8/14/2023 1:38:57 PM	21.33	7.91	5.83	0.00	0.00	0.00	0.00	0.00	35.08	100.00	0.65	25.68	11305	7913	2625	0	0	0	0	0	21843	177.81	33.66	12.94	62.65	45.91	58.32	96.61	1.06	28.12	26.99
8/14/2023 1:39:00 PM	21.95	8.57	5.69	0.00	0.00	0.00	0.00	0.00	36.22	100.00	0.64	25.62	11634	8574	2561	0	0	0	0	0	22770	177.11	34.32	13.22	65.84	47.47	61.65	98.05	1.06	28.15	27.01
8/14/2023 1:39:02 PM	21.93	9.24	6.09	0.00	0.00	0.00	0.00	0.05	37.26	100.00	0.65	25.69	11624	9241	2739	0	0	0	0	0	23604	177.02	36.10	12.68	69.74	49.11	64.60	100.32	1.06	28.14	26.94
8/14/2023 1:39:04 PM	22.01	9.17	5.61	0.00	0.00	0.00	0.00	0.12	36.79	100.00	0.67	25.67	11664	9171	2525	0	0	0	0	0	23360	177.52	34.90	13.87	68.07	49.06	64.68	99.02	1.07	28.15	26.99
8/14/2023 1:39:07 PM	22.37	8.77	6.10	0.00	0.00	0.00	0.00	0.00	37.23	100.00	0.69	25.53	11856	8768	2743	0	0	0	0	0	23367	177.14	35.57	13.17	67.35	47.86	63.63	101.65	1.07	28.18	27.00
8/14/2023 1:39:09 PM	21.51	9.06	6.33	0.00	0.00	0.00	0.00	0.04	36.90	100.00	0.71	25.49	11401	9056	2849	0	0	0	0	0	23307	176.76	36.11	13.48	68.12	48.72	64.29	99.95	1.07	28.17	27.07
8/14/2023 1:39:11 PM	22.35	9.56	5.82	0.00	0.00	0.00	0.00	0.00	37.73	100.00	0.73	25.51	11846	9559	2619	0	0	0	0	0	24023	176.55	35.77	12.32	70.03	48.85	67.35	100.24	1.07	28.18	27.05
8/14/2023 1:39:14 PM	22.72	9.83	5.54	0.00	0.00	0.00	0.00	0.00	38.09	100.00	0.73	25.53	12043	9829	2493	0	0	0	0	0	24365	176.17	35.49	14.24	72.46	49.25	66.93	100.26	1.07	28.21	27.02
8/14/2023 1:39:16 PM	22.79	9.35	6.31	0.00	0.00	0.00	0.00	0.00	38.45	100.00	0.75	25.59	12078	9349	2839	0	0	0	0	0	24266	176.66	36.87	13.61	70.75	49.42	66.45	104.06	1.07	28.22	27.11
8/14/2023 1:39:19 PM	21.78	9.54	6.79	0.00	0.00	0.00	0.00	0.00	38.10	100.00	0.75	25.59	11542	9535	3054	0	0	0	0	0	24131	177.00	37.52	14.91	71.16	49.40	66.69	102.80	1.07	28.22	27.15
8/14/2023 1:39:21 PM	23.14	9.74	5.54	0.00	0.00	0.00	0.00	0.03	38.42	100.00	0.76	25.57	12265	9740	2491	0	0	0	0	0	24496	176.79	35.79	13.52	72.19	50.07	67.29	101.80	1.07	28.23	27.05
8/14/2023 1:39:23 PM	22.31	9.84	6.06	0.00	0.00	0.00	0.00	0.00	38.21	100.00	0.79	25.57	11823	9841	2729	0	0	0	0	0	24392	175.89	36.58	13.62	72.79	49.44	67.25	101.27	1.08	28.25	27.20
8/14/2023 1:39:26 PM	22.26	10.29	5.65	0.00	0.00	0.00	0.00	0.00	38.20	100.00	0.80	25.54	11795	10293	2542	0	0	0	0	0	24631	176.41	35.98	13.66	74.89	48.92	68.15	99.45	1.08	28.28	27.05
8/14/2023 1:39:28 PM	22.72	10.05	5.37	0.00	0.00	0.00	0.00	0.12	38.15	100.00	0.82	25.55	12043	10051	2417	0	0	0	0	0	24511	176.85	35.68	13.68	73.47	50.37	67.75	100.57	1.08	28.26	27.11
8/14/2023 1:39:31 PM	23.14	9.81	5.65	0.00	0.00	0.00	0.00	0.00	38.59	100.00	0.83	25.54	12262	9807	2543	0	0	0	0	0	24612	176.80	36.01	13.44	72.76	49.60	67.60	102.22	1.08	28.29	27.12
8/14/2023 1:39:33 PM	23.38	10.10	5.52	0.00	0.00	0.00	0.00	0.00	39.00	100.00	0.83	25.52	12392	10103	2483	0	0	0	0	0	24979	177.07	36.15	13.96	74.74	50.26	68.20	102.39	1.08	28.28	27.15
8/14/2023 1:39:35 PM	23.53	9.93	5.64	0.00	0.00	0.00	0.00	0.03	39.09	100.00	0.84	25.51	12470	9927	2537	0	0	0	0	0	24934	175.94	36.35	14.60	73.62	50.93	68.21	103.55	1.08	28.32	27.15
8/14/2023 1:39:38 PM	22.45	10.28	6.30	0.00	0.00	0.00	0.00	0.11	39.03	100.00	0.85	25.52	11900	10280	2835	0	0	0	0	0	25014	175.96	37.83	15.13	75.60	51.60	68.91	103.73	1.08	28.31	27.16
8/14/2023 1:39:40 PM	23.53	9.91	5.78	0.00	0.00	0.00	0.00	0.00	39.22	100.00	0.85	25.55	12471	9911	2600	0	0	0	0	0	24982	176.51	36.62	14.46	73.87	50.83	68.11	103.92	1.08	28.31	27.27
8/14/2023 1:39:42 PM	23.08	9.58	5.98	0.00	0.00	0.00	0.00	0.00	38.63	100.00	0.86	25.57	12230	9577	2692	0	0	0	0	0	24499	176.09	36.49	13.97	71.76	49.86	67.10	103.44	1.08	28.35	27.12
8/14/2023 1:39:45 PM	22.02	9.80	6.43	0.00	0.00	0.00	0.00	0.08	38.24	100.00	0.87	25.57	11671	9797	2892	0	0	0	0	0	24360	176.59	37.36	14.35	72.19	50.56	67.74	102.56	1.08	28.36	27.19
8/14/2023 1:39:47 PM	22.49	9.75	6.33	0.00	0.00	0.00	0.00	0.00	38.58	100.00	0.88	25.58	11921	9754	2848	0	0	0	0	0	24523	176.41	37.07	14.50	72.39	49.66	67.72	103.20	1.09	28.34	27.17
8/14/2023 1:39:50 PM	22.35	9.68	6.16	0.00	0.00	0.00	0.00	0.03	38.19	100.00	0.90	25.57	11844	9681	2774	0	0	0	0	0	24299	176.59	36.67	14.07	71.18	49.97	67.73	102.02	1.09	28.40	27.17
8/14/2023 1:39:52 PM	21.76	10.00	6.39	0.00	0.00	0.00	0.00	0.00	38.14	100.00	0.90	25.56	11532	9996	2874	0	0	0	0	0	24403	176.87	37.04	14.26	72.83	49.15	68.30	101.07	1.09	28.38	27.16
8/14/2023 1:39:54 PM	22.28	10.40	5.94	0.00	0.00	0.00	0.00	0.06	38.62	100.00	0.91	25.56	11807	10404	2674	0	0	0	0	0	24885	175.42	36.80	14.91	74.99	50.32	69.57	101.26	1.09	28.38	27.20
8/14/2023 1:39:57 PM	23.63	10.58	5.43	0.00	0.00	0.00	0.00	0.00	39.65	100.00	0.92	25.56	12526	10576	2446	0	0	0	0	0	25548	175.70	36.57	13.55	77.12	50.75	70.34	103.02	1.09	28.39	27.17
8/14/2023 1:39:59 PM	23.65	10.81	5.21	0.00	0.00	0.00	0.00	0.05	39.66	100.00	0.92	25.58	12532	10806	2346	0	0	0	0	0	25684	176.01	36.21	14.63	77.16	51.18	71.76	102.47	1.09	28.38	27.25
8/14/2023 1:40:01 PM	22.29	10.98	5.56	0.00	0.00	0.00	0.00	0.23	38.84	100.00	0.92	25.59	11814	10983	2504	0	0	0	0	0	25301	175.62	36.82	15.01	76.85	51.91	72.26	101.24	1.09	28.41	27.27
8/14/2023 1:40:04 PM	22.19	10.64	6.03	0.00	0.00	0.00	0.00	0.14	38.87	100.00	0.93	25.61	11763	10641	2715	0	0	0	0	0	25119	176.31	37.40	14.82	75.87	51.40	70.97	102.15	1.09	28.41	27.34
8/14/2023 1:40:06 PM	22.03	10.59	6.52	0.00	0.00	0.00	0.00	0.00	39.14	100.00	0.93	25.59	11678	10591	2934	0	0	0	0	0	25202	175.64	38.00	15.40	76.05	50.42	70.87	102.65	1.09	28.42	27.31
8/14/2023 1:40:09 PM	22.61	10.70	6.13	0.00	0.00	0.00	0.00	0.11	39.44	100.00	0.94	25.53	11981	10701	2759	0	0	0	0	0	25441	176.31	37.86	14.56	76.35	51.83	71.95	103.65	1.09	28.43	27.26
8/14/2023 1:40:11 PM	22.23	11.20	6.03	0.00	0.00	0.00	0.00	0.17	39.46	100.00	0.94	25.47	11783	11203	2713	0	0	0	0	0	25699	176.23	38.07	14.37	78.58	52.20	73.40	102.70	1.09	28.44	27.25
8/14/2023 1:40:13 PM	22.83	11.37	5.73	0.00	0.00	0.00	0.00	0.08	39.94	100.00	0.96	25.43	12102	11373	2578	0	0	0	0	0	26053	175.12	37.36	16.70	79.40	51.72	73.97	102.62	1.09	28.46	27.30
8/14/2023 1:40:16 PM	22.31	11.92	5.52	0.00	0.00	0.00	0.00	0.19	39.74	100.00	0.98	25.41	11823	11919	2483	0	0	0	0	0	26224	175.16	37.49	15.00	81.23	52.17	76.04	101.08	1.10	28.47	27.30
8/14/2023 1:40:18 PM	22.28	11.81	5.75	0.00	0.00	0.00	0.00	0.20	39.84	100.00	0.99	25.39	11811	11814	2585	0	0	0	0	0	26210	174.44	37.88	16.23	81.46	52.53	75.11	102.03	1.10	28.46	27.29
8/14/2023 1:40:20 PM	21.95	12.58	5.72	0.00	0.00	0.00	0.00	0.24	40.25	100.00	1.01	25.36	11634	12585	2573	0	0	0	0	0	26792	175.51	38.43	16.26	84.93	52.97	77.86	101.39	1.10	28.47	27.32
8/14/2023 1:40:23 PM	21.79	12.88	5.66	0.00	0.00	0.00	0.00	0.32	40.32	100.00	1.02	25.31	11547	12876	2546	0	0	0	0	0	26969	175.99	38.47	17.56	85.49	53.66	79.37	101.33	1.10	28.46	27.35
8/14/2023 1:40:25 PM	21.30	12.85	5.94	0.00	0.00	0.00	0.00	0.32	40.10	100.00	1.04	25.31	11292	12853	2674	0	0	0	0	0	26818	175.66	38.86	17.03	84.61	53.48	79.98	101.08	1.10	28.48	27.29
8/14/2023 1:40:28 PM	22.35	13.00	5.66	0.00	0.00	0.00	0.00	0.21	41.01	100.00	1.05	25.30	11845	13000	2547	0	0	0	0	0	27392	176.32	38.77	16.70	86.89	53.42	80.03	102.30	1.10	28.52	27.36
8/14/2023 1:40:30 PM	22.29	13.26	5.61	0.00	0.00	0.00	0.00	0.30	41.16	100.00	1.06	25.32	11811	13258	2526	0	0	0	0	0	27595	174.99	38.97	17.37	87.40	54.37	81.62	102.71	1.10	28.47	27.44
8/14/2023 1:40:32 PM	22.55	13.04	5.42	0.00	0.00	0.00	0.00	0.26	41.01	100.00	1.07	25.32	11949	13044	2438	0	0	0	0	0	27431	176.00	38.34	17.65	86.43	53.91	80.63	102.35	1.10	28.51	27.39
8/14/2023 1:40:35 PM	22.07	13.11	5.49	0.00	0.00	0.00	0.00	0.32	40.68	100.00	1.08	25.31	11699	13115	2472	0	0	0	0	0	27285	175.89	38.61	16.54	87.02	54.00	80.25	101.63	1.11	28.51	27.44
8/14/2023 1:40:37 PM	22.57	13.05	5.20	0.00	0.00	0.00	0.00	0.33	40.83	100.00	1.10	25.27	11965	13047	2342	0	0	0	0	0	27354	174.70	38.04	17.06	85.84	54.29	81.05	102.07	1.11	28.52	27.41
8/14/2023 1:40:40 PM	21.80	13.20	5.51	0.00	0.00	0.00	0.00	0.33	40.50	100.00	1.11	25.25	11552	13198	2478	0	0	0	0	0	27227	175.12	38.56	16.73	87.09	53.85	80.45	100.95	1.11	28.52	27.35
8/14/2023 1:40:42 PM	21.58	12.99	5.58	0.00	0.00	0.00	0.00	0.36	40.14	100.00	1.12	25.23	11435	12991	2509	0	0	0	0	0	26935	176.53	38.44	16.90	85.83	53.77	79.68	100.70	1.11	28.54	27.41
8/14/2023 1:40:44 PM	21.98	12.94	5.53	0.00	0.00	0.00	0.00	0.35	40.45	100.00	1.13	25.21	11649	12941	2490	0	0	0	0	0	27081	175.44	38.68	15.93	86.74	54.09	79.02	101.66	1.11	28.53	27.42
8/14/2023 1:40:47 PM	21.39	12.76	5.38	0.00	0.00	0.00	0.00	0.46	39.52	100.00	1.14	25.19	11335	12756	2419	0	0	0	0	0	26510	175.43	37.86	16.65	83.80	54.02	79.06	99.97	1.11	28.53	27.52
8/14/2023 1:40:49 PM	21.49	12.41	5.56	0.00	0.00	0.00	0.00	0.37	39.47	100.00	1.14	25.20	11390	12412	2504	0	0	0	0	0	26306	176.22	37.94	15.86	82.90	53.27	77.50	100.25	1.11	28.54	27.40
8/14/2023 1:40:51 PM	22.15	13.02	5.19	0.00	0.00	0.00	0.00	0.24	40.37	100.00	1.16	25.22	11741	13020	2337	0	0	0	0	0	27098	176.34	37.61	16.63	86.11	52.73	79.71	99.91	1.11	28.56	27.41
8/14/2023 1:40:54 PM	21.75	13.46	5.11	0.00	0.00	0.00	0.00	0.47	40.32	100.00	1.17	25.21	11527	13458	2301	0	0	0	0	0	27286	174.23	38.16	17.03	88.13	54.67	80.89	100.22	1.11	28.57	27.44
8/14/2023 1:40:56 PM	21.65	13.52	5.21	0.00	0.00	0.00	0.00	0.37	40.38	100.00	1.19	25.23	11476	13515	2345	0	0	0	0	0	27336	175.14	38.14	17.00	88.32	53.79	81.14	99.61	1.12	28.55	27.46
8/14/2023 1:40:59 PM	20.75	13.57	5.33	0.00	0.00	0.00	0.00	0.56	39.65	100.00	1.20	25.20	10996	13572	2398	0	0	0	0	0	26965	175.25	38.35	17.15	87.50	54.60	81.39	98.71	1.12	28.54	27.57
8/14/2023 1:41:01 PM	20.71	13.46	5.72	0.00	0.00	0.00	0.00	0.38	39.89	100.00	1.22	25.15	10978	13459	2574	0	0	0	0	0	27010	175.77	38.78	16.87	87.65	53.35	80.84	98.88	1.12	28.58	27.45
8/14/2023 1:41:03 PM	21.14	12.84	5.65	0.00	0.00	0.00	0.00	0.29	39.64	100.00	1.24	25.10	11205	12840	2544	0	0	0	0	0	26589	175.90	38.08	16.39	84.73	52.41	78.86	99.01	1.12	28.57	27.42
8/14/2023 1:41:06 PM	21.58	12.70	4.93	0.00	0.00	0.00	0.00	0.38	39.20	100.00	1.26	25.05	11436	12696	2218	0	0	0	0	0	26350	175.14	36.73	15.89	83.63	52.66	78.07	97.93	1.12	28.55	27.55
8/14/2023 1:41:08 PM	21.89	12.72	4.99	0.00	0.00	0.00	0.00	0.29	39.61	100.00	1.27	25.00	11604	12721	2246	0	0	0	0	0	26571	175.97	36.79	17.12	84.63	52.29	77.61	98.48	1.12	28.57	27.52
8/14/2023 1:41:10 PM	21.24	12.33	4.93	0.00	0.00	0.00	0.00	0.52	38.50	100.00	1.28	24.93	11256	12333	2219	0	0	0	0	0	25809	176.53	36.54	16.54	82.09	53.36	75.86	97.86	1.13	28.56	27.57
8/14/2023 1:41:13 PM	21.11	12.31	4.70	0.00	0.00	0.00	0.00	0.50	38.12	100.00	1.30	24.95	11190	12305	2115	0	0	0	0	0	25611	176.57	35.79	16.09	80.85	52.51	76.24	96.25	1.13	28.57	27.49
8/14/2023 1:41:15 PM	20.79	12.06	4.89	0.00	0.00	0.00	0.00	0.51	37.75	100.00	1.31	24.92	11020	12064	2201	0	0	0	0	0	25285	176.75	35.95	15.85	80.19	52.36	74.65	96.10	1.13	28.61	27.51
8/14/2023 1:41:18 PM	20.62	12.19	4.85	0.00	0.00	0.00	0.00	0.57	37.65	100.00	1.32	24.89	10926	12186	2184	0	0	0	0	0	25296	176.46	36.03	16.27	81.11	52.76	74.39	95.88	1.13	28.60	27.51
8/14/2023 1:41:20 PM	21.20	11.96	4.78	0.00	0.00	0.00	0.00	0.49	37.95	100.00	1.34	24.85	11237	11962	2152	0	0	0	0	0	25351	175.77	35.86	15.78	80.80	52.46	73.54	96.70	1.13	28.57	27.54
8/14/2023 1:41:22 PM	20.39	11.16	4.95	0.00	0.00	0.00	0.00	0.62	36.50	100.00	1.36	24.80	10804	11160	2228	0	0	0	0	0	24192	177.74	35.37	15.51	76.29	52.28	70.13	95.59	1.13	28.60	27.52
8/14/2023 1:41:25 PM	21.28	11.08	4.34	0.00	0.00	0.00	0.00	0.53	36.70	100.00	1.39	24.75	11280	11079	1953	0	0	0	0	0	24312	176.88	34.22	15.00	76.47	51.56	69.40	95.04	1.14	28.59	27.51
8/14/2023 1:41:27 PM	21.61	10.23	4.45	0.00	0.00	0.00	0.00	0.50	36.29	100.00	1.40	24.68	11451	10234	2002	0	0	0	0	0	23687	177.52	33.93	13.89	73.06	51.19	66.26	95.98	1.14	28.60	27.52
8/14/2023 1:41:30 PM	19.69	9.40	5.03	0.00	0.00	0.00	0.00	0.74	34.13	100.00	1.43	24.63	10438	9397	2266	0	0	0	0	0	22101	178.06	34.12	13.35	68.10	51.40	62.20	94.15	1.14	28.58	27.66
8/14/2023 1:41:32 PM	19.78	9.21	4.92	0.00	0.00	0.00	0.00	0.68	33.91	100.00	1.45	24.39	10483	9208	2214	0	0	0	0	0	21905	178.69	33.53	13.84	67.61	50.50	60.73	93.31	1.14	28.60	27.60
8/14/2023 1:41:34 PM	19.59	8.83	5.03	0.00	0.00	0.00	0.00	0.68	33.45	100.00	1.46	24.21	10383	8832	2261	0	0	0	0	0	21476	178.97	33.36	12.96	65.25	50.12	59.84	93.05	1.14	28.60	27.55
8/14/2023 1:41:37 PM	19.72	8.67	4.79	0.00	0.00	0.00	0.00	0.72	33.17	100.00	1.46	24.28	10449	8666	2154	0	0	0	0	0	21269	179.44	32.81	12.74	63.97	50.21	59.46	92.71	1.14	28.58	27.71
8/14/2023 1:41:39 PM	18.98	7.91	5.22	0.00	0.00	0.00	0.00	0.80	32.11	100.00	1.47	24.38	10061	7906	2351	0	0	0	0	0	20317	179.27	32.90	12.51	59.73	50.11	56.83	92.64	1.14	28.60	27.56
8/14/2023 1:41:41 PM	19.66	7.67	5.25	0.00	0.00	0.00	0.00	0.66	32.58	100.00	1.49	24.39	10420	7667	2363	0	0	0	0	0	20451	179.23	32.79	12.41	59.10	49.49	56.42	93.73	1.15	28.60	27.55
8/14/2023 1:41:44 PM	19.98	7.59	5.06	0.00	0.00	0.00	0.00	0.73	32.63	100.00	1.51	24.30	10589	7592	2277	0	0	0	0	0	20458	179.60	32.61	12.73	58.92	50.29	56.08	94.45	1.15	28.62	27.57
8/14/2023 1:41:46 PM	19.85	7.25	5.18	0.00	0.00	0.00	0.00	0.75	32.28	100.00	1.52	24.25	10519	7248	2331	0	0	0	0	0	20098	179.17	32.63	12.14	57.48	50.27	54.63	94.62	1.15	28.60	27.60
8/14/2023 1:41:49 PM	19.80	7.09	5.66	0.00	0.00	0.00	0.00	0.65	32.55	100.00	1.53	24.26	10494	7092	2546	0	0	0	0	0	20132	179.14	33.35	12.41	57.14	49.94	54.40	95.76	1.15	28.62	27.57
8/14/2023 1:41:51 PM	19.15	7.14	5.99	0.00	0.00	0.00	0.00	0.70	32.28	100.00	1.56	24.27	10151	7139	2695	0	0	0	0	0	19985	179.34	33.87	13.09	57.29	50.11	54.20	95.54	1.15	28.61	27.66
8/14/2023 1:41:53 PM	19.50	6.54	5.78	0.00	0.00	0.00	0.00	0.76	31.82	100.00	1.57	24.31	10334	6540	2601	0	0	0	0	0	19474	179.87	33.26	11.57	53.75	50.40	52.95	96.03	1.15	28.60	27.72
8/14/2023 1:41:56 PM	19.59	6.39	5.95	0.00	0.00	0.00	0.00	0.76	31.93	100.00	1.58	24.30	10383	6387	2678	0	0	0	0	0	19447	179.84	33.61	11.96	53.96	50.74	51.81	97.03	1.16	28.58	27.65
8/14/2023 1:41:58 PM	20.37	6.20	5.79	0.00	0.00	0.00	0.00	0.69	32.35	100.00	1.59	24.27	10794	6198	2605	0	0	0	0	0	19597	179.42	33.23	12.29	52.85	50.67	52.13	98.17	1.16	28.60	27.76
8/14/2023 1:42:00 PM	20.13	6.08	6.33	0.00	0.00	0.00	0.00	0.69	32.54	100.00	1.60	24.18	10671	6076	2847	0	0	0	0	0	19595	179.29	34.36	11.54	52.60	51.18	52.20	99.77	1.16	28.61	27.57
8/14/2023 1:42:03 PM	19.82	6.39	6.16	0.00	0.00	0.00	0.00	0.73	32.37	100.00	1.61	23.99	10504	6392	2770	0	0	0	0	0	19666	180.14	34.11	12.45	54.24	51.09	52.30	98.42	1.16	28.59	27.57
8/14/2023 1:42:05 PM	20.47	6.28	5.94	0.00	0.00	0.00	0.00	0.69	32.69	100.00	1.62	23.93	10849	6277	2675	0	0	0	0	0	19801	180.88	33.86	11.83	54.41	51.11	51.81	99.17	1.16	28.58	27.67
8/14/2023 1:42:08 PM	21.03	5.62	6.84	0.00	0.00	0.00	0.00	0.62	33.49	100.00	1.63	23.88	11147	5616	3078	0	0	0	0	0	19840	180.22	35.62	12.08	53.14	52.28	49.97	104.16	1.16	28.58	27.60
8/14/2023 1:42:10 PM	23.11	4.66	6.64	0.00	0.00	0.00	0.00	0.66	34.41	100.00	1.64	23.71	12249	4657	2988	0	0	0	0	0	19894	179.69	35.64	11.31	49.65	54.53	48.31	109.94	1.16	28.59	27.66
8/14/2023 1:42:12 PM	23.94	4.42	6.85	0.00	0.00	0.00	0.00	0.61	35.20	100.00	1.65	23.64	12687	4416	3083	0	0	0	0	0	20186	179.66	36.29	11.78	49.70	55.44	47.86	113.08	1.16	28.57	27.69
8/14/2023 1:42:15 PM	24.34	3.90	6.94	0.00	0.00	0.00	0.00	0.65	35.18	100.00	1.67	23.71	12902	3902	3123	0	0	0	0	0	19927	179.36	36.45	11.15	47.82	56.17	46.22	114.92	1.16	28.58	27.86
8/14/2023 1:42:17 PM	24.19	4.12	7.18	0.00	0.00	0.00	0.00	0.62	35.49	100.00	1.68	23.73	12818	4120	3233	0	0	0	0	0	20171	179.03	37.00	11.49	48.51	56.21	47.66	115.32	1.17	28.61	27.67
8/14/2023 1:42:20 PM	24.50	4.06	6.71	0.00	0.00	0.00	0.00	0.73	35.27	100.00	1.71	23.66	12984	4060	3020	0	0	0	0	0	20064	179.73	36.30	11.48	48.40	56.90	46.84	115.07	1.17	28.57	27.64
8/14/2023 1:42:22 PM	25.29	3.96	6.89	0.00	0.00	0.00	0.00	0.55	36.15	100.00	1.73	23.57	13406	3959	3102	0	0	0	0	0	20467	179.84	36.66	11.40	48.51	56.48	47.42	117.00	1.17	28.57	27.81
8/14/2023 1:42:24 PM	25.11	3.92	7.21	0.00	0.00	0.00	0.00	0.60	36.24	100.00	1.76	23.51	13307	3920	3246	0	0	0	0	0	20473	180.55	37.45	11.24	48.63	57.22	47.41	118.18	1.17	28.57	27.64
8/14/2023 1:42:27 PM	24.95	4.00	7.87	0.00	0.00	0.00	0.00	0.57	36.83	100.00	1.77	23.56	13226	4004	3543	0	0	0	0	0	20772	179.48	38.83	11.90	48.74	57.91	49.11	120.41	1.17	28.57	27.69
8/14/2023 1:42:29 PM	24.93	3.81	8.18	0.00	0.00	0.00	0.00	0.63	36.92	100.00	1.77	23.57	13211	3813	3682	0	0	0	0	0	20706	179.47	39.55	11.77	48.12	58.84	48.76	122.08	1.17	28.60	27.69
8/14/2023 1:42:31 PM	26.36	3.76	7.77	0.00	0.00	0.00	0.00	0.57	37.89	100.00	1.79	23.50	13971	3760	3496	0	0	0	0	0	21227	179.98	39.23	11.75	48.77	59.55	49.13	124.39	1.18	28.56	27.81
8/14/2023 1:42:34 PM	26.09	3.77	7.93	0.00	0.00	0.00	0.00	0.58	37.79	100.00	1.80	23.46	13826	3775	3570	0	0	0	0	0	21170	180.54	39.49	11.81	48.94	59.48	48.95	124.26	1.18	28.59	27.70
8/14/2023 1:42:36 PM	26.32	3.58	7.82	0.02	0.00	0.00	0.00	0.62	37.74	100.00	1.82	23.50	13952	3579	3518	1	0	0	0	0	21049	180.37	39.30	12.14	47.95	59.99	48.49	124.90	1.18	28.55	27.71
8/14/2023 1:42:39 PM	25.91	3.45	7.95	0.00	0.00	0.00	0.00	0.59	37.31	100.00	1.83	23.47	13734	3453	3576	0	0	0	0	0	20763	180.56	39.16	11.62	47.17	59.13	47.66	123.75	1.18	28.54	27.71
8/14/2023 1:42:41 PM	26.67	3.43	7.41	0.00	0.00	0.00	0.00	0.55	37.51	100.00	1.86	23.36	14134	3433	3332	0	0	0	0	0	20899	180.94	38.27	10.71	47.25	58.85	47.62	123.45	1.18	28.54	27.70
8/14/2023 1:42:43 PM	24.88	3.81	8.23	0.00	0.00	0.00	0.00	0.69	36.92	100.00	1.87	23.26	13186	3813	3704	0	0	0	0	0	20703	179.70	39.68	13.47	48.80	59.47	47.84	122.61	1.18	28.53	27.89
8/14/2023 1:42:46 PM	24.96	3.42	8.20	0.00	0.00	0.00	0.00	0.67	36.58	100.00	1.89	23.21	13227	3420	3690	0	0	0	0	0	20338	179.79	39.49	10.84	46.77	59.03	46.90	122.45	1.18	28.52	27.76
8/14/2023 1:42:48 PM	25.84	3.49	8.03	0.00	0.00	0.00	0.00	0.50	37.36	100.00	1.89	23.20	13697	3488	3613	0	0	0	0	0	20798	179.66	39.22	11.22	47.90	58.33	47.23	123.21	1.19	28.52	27.80
8/14/2023 1:42:50 PM	26.60	3.47	7.77	0.00	0.00	0.00	0.00	0.50	37.84	100.00	1.91	23.21	14099	3474	3495	0	0	0	0	0	21069	181.03	38.94	11.95	48.09	58.93	47.53	124.47	1.19	28.51	27.87
8/14/2023 1:42:53 PM	26.07	3.34	8.17	0.00	0.00	0.00	0.00	0.60	37.59	100.00	1.92	23.26	13819	3342	3678	0	0	0	0	0	20839	180.19	39.77	11.52	47.30	59.79	47.33	125.31	1.19	28.54	27.75
8/14/2023 1:42:55 PM	27.33	3.30	7.86	0.00	0.00	0.00	0.00	0.52	38.49	100.00	1.94	23.18	14483	3304	3536	0	0	0	0	0	21323	179.42	39.52	11.88	48.12	60.21	47.46	127.31	1.19	28.49	27.92
8/14/2023 1:42:58 PM	27.41	3.16	8.29	0.00	0.00	0.00	0.00	0.57	38.86	100.00	1.95	23.00	14528	3156	3733	0	0	0	0	0	21416	179.23	40.70	11.38	48.05	61.51	47.45	129.88	1.19	28.49	27.76
8/14/2023 1:43:00 PM	27.98	3.16	8.78	0.00	0.00	0.00	0.00	0.56	39.92	100.00	1.96	22.94	14830	3159	3950	0	0	0	0	0	21938	179.46	42.15	11.43	48.77	63.00	48.77	133.72	1.19	28.49	27.71
8/14/2023 1:43:02 PM	28.13	3.25	8.97	0.00	0.00	0.00	0.00	0.56	40.35	100.00	1.98	23.00	14909	3248	4037	0	0	0	0	0	22194	178.39	42.75	12.11	49.55	63.65	49.34	135.11	1.19	28.49	27.80
8/14/2023 1:43:05 PM	28.85	3.29	9.00	0.00	0.00	0.00	0.00	0.46	41.14	100.00	1.99	23.00	15289	3294	4050	0	0	0	0	0	22632	179.24	43.06	11.86	50.53	63.68	49.97	136.72	1.19	28.47	27.91
8/14/2023 1:43:07 PM	28.64	3.26	9.23	0.00	0.00	0.00	0.00	0.45	41.13	100.00	1.99	22.97	15180	3263	4152	0	0	0	0	0	22595	179.24	43.44	11.64	50.28	63.66	50.13	136.97	1.19	28.47	27.70
8/14/2023 1:43:09 PM	28.99	3.42	9.31	0.00	0.00	0.00	0.00	0.45	41.72	100.00	2.01	22.94	15364	3423	4188	0	0	0	0	0	22975	179.11	43.88	13.08	51.67	64.44	50.66	138.51	1.20	28.45	27.79
8/14/2023 1:43:12 PM	29.41	3.16	9.54	0.00	0.00	0.00	0.00	0.55	42.11	100.00	2.03	22.85	15586	3156	4294	0	0	0	0	0	23036	177.87	44.81	12.20	51.16	66.20	50.29	141.56	1.20	28.45	27.75
8/14/2023 1:43:14 PM	29.73	3.06	9.81	0.00	0.00	0.00	0.00	0.51	42.59	100.00	2.04	22.56	15755	3057	4413	0	0	0	0	0	23225	178.26	45.48	12.41	51.56	66.69	50.03	143.44	1.20	28.45	27.90
8/14/2023 1:43:17 PM	30.07	2.79	9.51	0.00	0.00	0.00	0.00	0.51	42.36	100.00	2.04	22.40	15935	2788	4278	0	0	0	0	0	23001	176.04	44.64	12.52	49.74	66.40	49.42	143.09	1.20	28.43	27.75
8/14/2023 1:43:19 PM	29.07	2.86	9.90	0.00	0.00	0.00	0.00	0.51	41.83	100.00	2.06	22.50	15409	2863	4454	0	0	0	0	0	22726	178.54	45.06	12.26	49.44	65.70	49.58	141.64	1.20	28.42	27.93
8/14/2023 1:43:21 PM	28.57	2.96	10.21	0.00	0.00	0.00	0.00	0.52	41.74	100.00	2.07	22.63	15141	2957	4596	0	0	0	0	0	22694	178.42	45.59	12.71	49.53	65.79	50.10	141.60	1.20	28.42	27.87
8/14/2023 1:43:24 PM	27.91	3.13	10.15	0.42	0.00	0.00	0.00	0.50	41.61	100.00	2.08	22.58	14791	3134	4567	13	0	0	0	0	22505	178.55	46.42	13.07	50.34	65.32	52.25	140.88	1.20	28.42	27.98
8/14/2023 1:43:26 PM	26.57	3.83	11.60	0.34	0.00	0.00	0.00	0.55	42.33	100.00	2.11	22.37	14081	3834	5218	10	0	0	0	0	23144	177.41	49.50	14.71	53.91	66.79	54.95	143.22	1.21	28.39	27.87
8/14/2023 1:43:29 PM	26.25	3.90	11.75	1.69	0.00	0.00	0.00	0.51	43.59	100.00	2.14	22.05	13910	3903	5287	51	0	0	0	0	23150	177.20	53.84	17.23	57.46	68.63	60.12	148.52	1.21	28.38	27.80
8/14/2023 1:43:31 PM	25.86	3.92	11.76	3.06	0.00	0.00	0.00	0.51	44.61	100.00	2.16	21.79	13705	3924	5294	92	0	0	0	0	23014	177.92	57.98	19.09	60.43	70.57	65.34	153.41	1.21	28.38	27.81
8/14/2023 1:43:33 PM	25.47	4.19	12.45	3.49	0.00	0.00	0.00	0.49	45.61	100.00	2.17	21.80	13501	4194	5601	105	0	0	0	0	23401	175.36	60.95	19.73	62.83	71.95	68.85	157.02	1.21	28.37	27.89
8/14/2023 1:43:36 PM	25.29	3.88	11.85	4.96	0.00	0.00	0.00	0.48	45.98	100.00	2.21	21.82	13403	3877	5335	149	0	0	0	0	22763	175.36	63.73	21.29	64.10	72.85	72.46	160.04	1.22	28.34	27.85
8/14/2023 1:43:38 PM	24.60	3.93	12.50	5.29	0.00	0.00	0.00	0.50	46.32	100.00	2.21	21.81	13040	3929	5625	159	0	0	0	0	22752	176.59	65.98	22.04	65.20	73.82	74.06	162.31	1.22	28.36	27.80
8/14/2023 1:43:40 PM	24.34	4.80	13.47	4.91	0.00	0.00	0.00	0.46	47.53	100.00	2.23	21.73	12901	4797	6063	147	0	0	0	0	23908	174.66	67.56	23.22	69.19	74.70	76.74	164.07	1.22	28.34	27.77
8/14/2023 1:43:43 PM	24.01	4.73	12.90	6.10	0.00	0.00	0.00	0.52	47.73	100.00	2.24	21.68	12723	4729	5806	183	0	0	0	0	23441	176.45	69.81	24.39	70.75	75.87	80.35	166.14	1.22	28.33	27.80
8/14/2023 1:43:45 PM	23.65	5.17	13.60	6.00	0.00	0.00	0.00	0.49	48.43	100.00	2.24	21.76	12535	5168	6121	180	0	0	0	0	24005	174.99	71.26	24.99	72.94	76.44	82.22	167.58	1.22	28.30	27.81
8/14/2023 1:43:48 PM	23.51	5.13	13.44	6.83	0.00	0.00	0.00	0.42	48.92	100.00	2.26	21.70	12460	5134	6049	205	0	0	0	0	23847	175.09	73.19	25.96	74.38	76.68	85.03	169.50	1.22	28.29	27.82
8/14/2023 1:43:50 PM	23.41	4.88	12.73	7.49	0.00	0.00	0.00	0.45	48.51	100.00	2.28	21.55	12409	4875	5729	225	0	0	0	0	23238	173.00	73.40	26.21	73.94	76.65	85.81	169.17	1.22	28.29	27.85
8/14/2023 1:43:52 PM	22.97	5.07	12.67	7.82	0.00	0.00	0.00	0.49	48.52	100.00	2.31	21.44	12175	5068	5700	235	0	0	0	0	23178	174.38	74.18	27.98	75.62	77.03	86.76	169.25	1.23	28.27	27.87
8/14/2023 1:43:55 PM	21.83	5.25	13.06	8.63	0.00	0.00	0.00	0.59	48.77	100.00	2.37	21.41	11569	5252	5876	259	0	0	0	0	22956	175.40	77.46	28.63	77.55	78.68	90.68	171.78	1.23	28.26	27.80
8/14/2023 1:43:57 PM	21.30	5.49	12.78	9.64	0.00	0.00	0.00	0.58	49.21	100.00	2.35	21.38	11290	5490	5751	289	0	0	0	0	22820	173.30	79.78	30.26	80.32	79.24	94.77	173.24	1.23	28.25	27.85
8/14/2023 1:43:59 PM	19.99	4.86	11.74	11.16	0.00	0.00	0.00	0.54	47.75	100.00	2.44	21.28	10595	4859	5284	335	0	0	0	0	21072	174.91	80.70	30.91	78.78	77.41	96.03	170.65	1.24	28.24	27.80
8/14/2023 1:44:02 PM	19.60	4.56	12.36	10.41	0.00	0.00	0.00	0.47	46.93	100.00	2.45	21.20	10389	4563	5561	312	0	0	0	0	20825	174.32	79.21	28.59	75.48	75.60	92.78	168.11	1.24	28.23	27.81
8/14/2023 1:44:04 PM	20.54	5.63	13.11	10.48	0.00	0.00	0.00	0.27	49.76	100.00	2.58	21.32	10887	5633	5900	314	0	0	0	0	22735	175.29	82.10	30.77	82.18	77.10	98.63	173.49	1.25	28.20	27.80
8/14/2023 1:44:07 PM	19.43	6.76	14.32	10.32	0.00	0.00	0.00	0.45	50.84	100.00	2.48	21.47	10300	6762	6443	310	0	0	0	0	23815	174.57	85.17	33.50	87.86	80.09	102.41	176.44	1.24	28.18	27.81
8/14/2023 1:44:09 PM	19.35	6.12	13.83	12.81	0.00	0.00	0.00	0.35	52.11	100.00	2.54	21.30	10255	6120	6225	384	0	0	0	0	22984	173.11	90.95	36.82	90.44	82.04	108.46	183.97	1.25	28.18	27.76
8/14/2023 1:44:11 PM	19.26	5.72	13.71	17.78	0.00	0.00	0.00	0.38	56.48	100.00	2.56	21.05	10207	5722	6171	534	0	0	0	0	22634	171.78	106.04	42.14	99.57	90.35	126.97	205.09	1.25	28.15	27.86
8/14/2023 1:44:14 PM	18.78	6.91	14.50	18.50	0.00	0.00	0.00	0.54	58.69	100.00	2.59	20.95	9954	6909	6527	555	0	0	0	0	23944	171.11	111.22	45.70	107.49	94.86	134.69	211.89	1.25	28.14	27.84
8/14/2023 1:44:16 PM	18.39	6.84	14.93	21.92	0.00	0.00	0.00	0.31	62.08	100.00	2.67	20.79	9748	6836	6718	658	0	0	0	0	23959	171.70	122.02	51.88	115.69	98.68	147.07	225.71	1.26	28.15	27.81
8/14/2023 1:44:19 PM	17.04	7.08	15.19	21.01	0.00	0.00	0.00	0.70	60.32	100.00	2.63	20.69	9029	7085	6834	630	0	0	0	0	23578	170.17	120.32	49.06	113.28	99.78	144.97	221.73	1.26	28.11	27.82
8/14/2023 1:44:21 PM	17.08	7.38	15.66	22.58	0.00	0.00	0.00	0.64	62.69	100.00	2.70	20.53	9050	7376	7046	677	0	0	0	0	24150	170.80	126.47	51.89	118.79	103.03	152.80	230.47	1.26	28.10	27.80
8/14/2023 1:44:23 PM	16.85	8.74	17.60	24.71	0.00	0.00	0.00	0.53	67.91	100.00	2.72	20.31	8930	8745	7921	741	0	0	0	0	26338	170.42	138.49	57.35	131.80	109.64	168.58	247.22	1.27	28.08	27.81
8/14/2023 1:44:26 PM	15.10	9.74	20.49	26.30	0.00	0.00	0.00	0.51	71.64	100.00	2.73	20.14	8002	9744	9222	789	0	0	0	0	27757	168.93	150.11	61.87	141.58	115.50	180.47	261.53	1.27	28.06	27.79
8/14/2023 1:44:28 PM	18.91	13.64	23.81	31.02	0.00	0.00	0.00	0.00	87.37	100.00	2.75	20.17	10021	13638	10716	930	0	0	0	0	35305	168.24	176.66	78.35	178.18	132.40	219.38	306.40	1.27	28.05	27.82
8/14/2023 1:44:30 PM	20.93	15.33	25.51	38.04	0.00	0.00	0.00	0.00	99.81	100.00	2.76	20.07	11093	15328	11480	1141	0	0	0	0	39042	167.26	205.34	89.87	205.34	151.06	258.30	352.15	1.27	28.02	27.84
8/14/2023 1:44:33 PM	15.61	19.69	33.80	36.46	0.00	0.00	0.00	0.00	105.56	100.00	2.77	19.91	8271	19694	15209	1094	0	0	0	0	44268	165.43	220.38	98.52	226.82	158.11	272.56	366.20	1.27	28.01	27.82
8/14/2023 1:44:35 PM	12.22	23.34	42.48	39.95	0.00	0.00	0.00	0.41	117.99	100.00	2.79	19.78	6476	23339	19117	1199	0	0	0	0	50131	164.40	254.71	104.36	254.89	182.39	312.03	413.01	1.27	27.99	27.80
8/14/2023 1:44:38 PM	13.08	32.40	46.75	52.24	0.00	0.00	0.00	0.58	144.48	100.00	2.80	19.53	6934	32402	21037	1567	0	0	0	0	61941	159.79	311.56	137.78	331.67	221.27	400.81	493.10	1.27	27.96	27.82
8/14/2023 1:44:40 PM	9.63	34.82	51.25	52.52	0.00	0.00	0.00	0.41	148.21	100.00	2.81	19.30	5102	34817	23062	1576	0	0	0	0	64556	156.72	322.91	138.20	343.32	224.58	416.02	502.49	1.28	27.95	27.79
8/14/2023 1:44:42 PM	8.33	45.22	54.52	46.77	0.00	0.00	0.00	0.00	154.85	100.00	2.83	19.13	4417	45216	24536	1403	0	0	0	0	75573	154.13	318.58	151.41	383.09	221.11	433.01	488.07	1.28	27.93	27.81
8/14/2023 1:44:45 PM	8.37	50.65	57.95	38.19	0.00	0.00	0.00	0.00	155.16	100.00	2.84	18.96	4436	50650	26076	1146	0	0	0	0	82308	155.62	303.77	139.04	389.91	208.55	429.29	470.50	1.28	27.91	27.77
8/14/2023 1:44:47 PM	11.00	42.13	43.21	44.34	0.00	0.00	0.00	0.00	140.68	100.00	2.84	18.78	5829	42134	19443	1330	0	0	0	0	68737	155.38	283.40	125.20	349.04	195.17	409.23	436.43	1.28	27.88	27.79
8/14/2023 1:44:49 PM	8.04	43.64	46.14	40.40	0.00	0.00	0.00	0.00	138.22	100.00	2.85	18.62	4262	43637	20762	1212	0	0	0	0	69874	155.55	277.13	130.26	350.20	191.28	395.84	422.67	1.28	27.86	27.85
8/14/2023 1:44:52 PM	13.34	41.64	39.37	41.68	0.00	0.00	0.00	0.00	136.03	100.00	2.86	18.61	7069	41636	17718	1250	0	0	0	0	67674	155.79	266.87	124.99	340.15	189.84	391.51	413.94	1.28	27.84	27.80
8/14/2023 1:44:54 PM	13.13	42.60	39.85	23.76	0.00	0.00	0.00	0.00	119.35	100.00	2.90	18.63	6960	42601	17934	713	0	0	0	0	68208	155.72	212.01	104.81	304.86	158.44	322.77	337.46	1.28	27.82	27.82
8/14/2023 1:44:57 PM	9.71	36.99	31.89	16.29	0.00	0.00	0.00	0.21	94.88	100.00	2.92	18.54	5148	36988	14349	489	0	0	0	0	56974	158.66	163.69	86.12	251.16	127.52	257.88	257.17	1.29	27.79	27.75
8/14/2023 1:44:59 PM	9.44	32.05	23.17	16.15	0.00	0.00	0.00	0.66	80.80	100.00	2.92	18.22	5001	32053	10426	484	0	0	0	0	47964	159.62	139.48	75.11	218.81	112.72	228.62	219.15	1.29	27.78	27.76
8/14/2023 1:45:01 PM	10.73	28.50	20.99	8.82	0.00	0.00	0.00	0.20	69.05	100.00	2.93	18.09	5688	28505	9446	265	0	0	0	0	43904	159.87	108.14	56.74	182.91	90.45	185.47	176.57	1.29	27.74	27.75
8/14/2023 1:45:04 PM	12.45	26.95	19.29	6.27	0.00	0.00	0.00	0.07	64.97	100.00	2.95	18.20	6600	26948	8682	188	0	0	0	0	42417	160.49	95.64	48.67	168.64	82.97	169.88	161.85	1.29	27.73	27.75
8/14/2023 1:45:06 PM	11.50	29.85	23.59	4.63	0.00	0.00	0.00	0.01	69.57	100.00	2.96	18.10	6096	29847	10617	139	0	0	0	0	46699	159.72	102.22	54.41	182.80	87.78	177.27	171.04	1.29	27.71	27.77
8/14/2023 1:45:09 PM	11.30	26.57	20.21	6.43	0.00	0.00	0.00	0.17	64.51	100.00	2.97	17.94	5991	26565	9096	193	0	0	0	0	41845	159.92	97.40	52.24	168.65	84.01	166.96	163.60	1.29	27.67	27.75
8/14/2023 1:45:11 PM	11.70	22.48	16.89	6.33	0.00	0.00	0.00	0.22	57.40	100.00	3.01	17.91	6199	22477	7602	190	0	0	0	0	36469	159.70	86.47	42.01	145.10	76.03	149.03	148.83	1.29	27.64	27.70
8/14/2023 1:45:13 PM	11.25	19.79	14.62	6.30	0.00	0.00	0.00	0.35	51.96	100.00	3.03	17.99	5961	19793	6578	189	0	0	0	0	32521	159.12	78.82	38.05	130.18	70.71	135.09	137.34	1.30	27.61	27.72
8/14/2023 1:45:16 PM	11.22	17.91	13.66	4.13	0.00	0.00	0.00	0.43	46.93	100.00	3.07	17.98	5947	17911	6147	124	0	0	0	0	30129	158.75	68.40	32.43	115.54	64.62	117.86	123.52	1.30	27.60	27.71
8/14/2023 1:45:18 PM	11.65	15.67	11.03	4.48	0.00	0.00	0.00	0.56	42.83	100.00	3.11	17.55	6176	15666	4964	134	0	0	0	0	26940	157.80	62.00	28.69	103.57	60.93	108.00	115.10	1.30	27.56	27.74
8/14/2023 1:45:20 PM	11.57	16.75	12.44	3.26	0.00	0.00	0.00	0.41	44.02	100.00	3.12	16.73	6129	16748	5598	98	0	0	0	0	28573	158.09	61.99	28.82	107.00	60.34	108.96	114.84	1.31	27.55	27.69
8/14/2023 1:45:23 PM	12.19	16.55	11.91	3.44	0.00	0.00	0.00	0.39	44.09	100.00	3.15	16.63	6462	16553	5358	103	0	0	0	0	28476	158.40	61.44	28.52	106.43	60.26	108.91	115.04	1.31	27.52	27.72
8/14/2023 1:45:25 PM	12.78	16.90	12.50	3.11	0.00	0.00	0.00	0.33	45.30	100.00	3.16	17.06	6776	16905	5625	93	0	0	0	0	29399	158.68	62.26	29.27	108.52	61.23	109.85	117.75	1.31	27.48	27.67
8/14/2023 1:45:28 PM	12.35	18.48	15.38	0.55	0.00	0.00	0.00	0.21	46.76	100.00	3.17	17.07	6545	18479	6922	17	0	0	0	0	31963	158.05	61.73	30.28	112.92	61.05	107.90	117.37	1.31	27.45	27.67
8/14/2023 1:45:30 PM	13.26	16.41	12.51	1.59	0.00	0.00	0.00	0.23	43.77	100.00	3.20	17.03	7026	16414	5630	48	0	0	0	0	29118	158.23	57.00	28.72	103.92	57.85	100.95	111.63	1.31	27.42	27.70
8/14/2023 1:45:32 PM	12.58	14.17	12.05	0.62	0.00	0.00	0.00	0.23	39.42	100.00	3.22	16.80	6668	14171	5422	18	0	0	0	0	26281	158.86	50.65	24.36	90.30	52.72	86.97	102.42	1.32	27.39	27.70
8/14/2023 1:45:35 PM	12.72	11.36	9.16	2.21	0.00	0.00	0.00	0.34	35.46	100.00	3.22	16.60	6740	11363	4123	66	0	0	0	0	22293	159.65	46.94	21.30	78.06	49.79	79.41	97.15	1.32	27.36	27.67
8/14/2023 1:45:37 PM	12.99	11.26	9.90	0.42	0.00	0.00	0.00	0.18	34.58	100.00	3.24	16.71	6887	11264	4454	13	0	0	0	0	22617	159.90	42.75	18.75	74.23	46.56	72.99	92.06	1.32	27.33	27.66
8/14/2023 1:45:39 PM	13.04	10.54	8.20	1.68	0.00	0.00	0.00	0.31	33.46	100.00	3.27	16.97	6909	10535	3692	50	0	0	0	0	21186	159.61	42.40	19.26	72.32	46.69	73.11	91.05	1.32	27.29	27.66
8/14/2023 1:45:42 PM	12.49	8.62	7.50	1.25	0.00	0.00	0.00	0.34	29.87	100.00	3.32	16.79	6622	8618	3376	38	0	0	0	0	18653	159.92	37.59	16.04	61.37	42.77	62.43	83.91	1.33	27.27	27.66
8/14/2023 1:45:44 PM	12.50	8.16	7.10	1.27	0.00	0.00	0.00	0.32	29.04	100.00	3.36	16.15	6627	8163	3195	38	0	0	0	0	18024	159.79	36.27	15.46	58.95	41.66	60.14	81.98	1.33	27.24	27.66
8/14/2023 1:45:47 PM	12.78	10.98	9.53	0.00	0.00	0.00	0.00	0.23	33.29	100.00	3.40	15.98	6772	10985	4287	0	0	0	0	0	22044	159.50	40.25	18.93	72.14	45.19	68.66	88.17	1.33	27.21	27.60
8/14/2023 1:45:49 PM	12.84	9.14	7.59	0.53	0.00	0.00	0.00	0.34	30.11	100.00	3.44	16.20	6804	9142	3417	16	0	0	0	0	19379	159.14	36.15	16.02	62.59	42.57	61.93	82.43	1.34	27.17	27.59
8/14/2023 1:45:51 PM	12.66	8.13	7.15	0.06	0.00	0.00	0.00	0.28	28.00	100.00	3.47	16.29	6708	8131	3219	2	0	0	0	0	18060	159.39	32.54	13.99	56.24	39.41	55.25	77.05	1.34	27.14	27.61
8/14/2023 1:45:54 PM	10.97	6.32	6.26	0.16	0.00	0.00	0.00	0.27	23.71	100.00	3.50	15.63	5813	6324	2815	5	0	0	0	0	14957	159.40	28.20	11.61	45.94	34.10	45.75	67.38	1.34	27.10	27.60
8/14/2023 1:45:56 PM	10.58	5.75	5.77	0.00	0.00	0.00	0.00	0.18	22.10	100.00	3.54	15.14	5610	5752	2596	0	0	0	0	0	13957	159.59	25.61	10.52	42.13	31.12	41.81	62.41	1.35	27.07	27.59
8/14/2023 1:45:59 PM	10.34	5.43	5.58	0.00	0.00	0.00	0.00	0.14	21.36	100.00	3.57	15.15	5481	5430	2513	0	0	0	0	0	13424	159.18	24.66	10.32	40.50	29.82	39.75	60.39	1.35	27.05	27.59
8/14/2023 1:46:01 PM	9.05	4.23	4.62	0.27	0.00	0.00	0.00	0.13	18.16	100.00	3.64	14.98	4794	4225	2078	8	0	0	0	0	11106	160.02	21.42	8.68	33.40	25.77	33.93	52.69	1.36	27.00	27.56
8/14/2023 1:46:03 PM	7.11	3.22	3.99	0.65	0.00	0.00	0.00	0.17	14.96	100.00	3.69	14.90	3768	3216	1794	19	0	0	0	0	8797	163.99	19.24	7.47	27.39	22.24	29.02	45.33	1.36	26.97	27.57
8/14/2023 1:46:06 PM	5.68	2.97	3.99	0.10	0.00	0.00	0.00	0.13	12.75	100.00	3.74	14.69	3012	2974	1795	3	0	0	0	0	7785	164.40	16.37	6.40	23.88	18.65	24.52	37.94	1.37	26.92	27.59
8/14/2023 1:46:08 PM	4.20	2.92	3.78	0.60	0.00	0.00	0.00	0.37	11.50	100.00	3.77	13.68	2226	2922	1702	18	0	0	0	0	6869	167.83	17.12	6.85	23.47	19.44	24.90	36.32	1.37	26.88	27.52
8/14/2023 1:46:10 PM	3.69	2.81	3.70	0.57	0.00	0.00	0.00	0.43	10.77	100.00	3.79	13.05	1955	2809	1664	17	0	0	0	0	6445	167.29	16.63	6.31	22.30	19.11	24.02	34.69	1.37	26.85	27.51
8/14/2023 1:46:13 PM	3.76	2.89	3.76	0.52	0.00	0.00	0.00	0.43	10.92	100.00	3.82	13.27	1992	2885	1692	15	0	0	0	0	6584	167.67	16.68	6.36	22.64	19.19	24.23	34.89	1.37	26.80	27.52
8/14/2023 1:46:15 PM	3.90	3.27	3.95	0.42	0.00	0.00	0.00	0.41	11.53	100.00	3.84	13.75	2065	3271	1775	13	0	0	0	0	7123	168.22	17.18	6.89	24.53	19.71	25.66	35.77	1.38	26.75	27.46
8/14/2023 1:46:18 PM	3.47	3.50	4.29	0.19	0.00	0.00	0.00	0.46	11.46	100.00	3.88	14.01	1840	3504	1933	6	0	0	0	0	7282	166.90	17.31	7.32	25.22	19.92	25.51	35.34	1.38	26.72	27.46
8/14/2023 1:46:20 PM	3.33	3.28	4.31	0.32	0.00	0.00	0.00	0.48	11.23	100.00	3.91	13.99	1765	3278	1938	10	0	0	0	0	6990	167.89	17.57	7.04	24.32	20.06	25.14	35.66	1.38	26.68	27.47
8/14/2023 1:46:22 PM	3.23	3.43	4.49	0.14	0.00	0.00	0.00	0.48	11.29	100.00	3.97	14.01	1712	3429	2023	4	0	0	0	0	7168	169.22	17.51	7.09	24.72	20.03	25.13	35.41	1.39	26.64	27.44
8/14/2023 1:46:25 PM	2.29	2.74	3.57	1.03	0.00	0.00	0.00	0.60	9.63	100.00	4.00	14.18	1215	2741	1605	31	0	0	0	0	5592	169.91	17.30	6.81	21.88	19.40	24.24	32.97	1.39	26.59	27.46
8/14/2023 1:46:27 PM	1.24	2.25	2.97	1.09	0.00	0.00	0.00	0.58	7.56	100.00	4.04	14.35	656	2254	1338	33	0	0	0	0	4281	170.36	15.01	5.56	18.16	16.33	21.17	26.87	1.40	26.55	27.46
8/14/2023 1:46:29 PM	1.04	2.30	2.74	1.04	0.00	0.00	0.00	0.43	7.12	100.00	4.07	13.79	553	2301	1231	31	0	0	0	0	4116	170.54	13.79	5.78	17.95	14.08	20.38	23.80	1.40	26.50	27.41
8/14/2023 1:46:32 PM	1.38	2.25	2.62	0.74	0.00	0.00	0.00	0.44	6.99	100.00	4.08	13.16	733	2248	1178	22	0	0	0	0	4181	170.84	12.75	5.20	17.14	13.88	19.21	23.10	1.40	26.46	27.37
8/14/2023 1:46:34 PM	1.30	2.53	3.11	0.63	0.00	0.00	0.00	0.49	7.56	100.00	4.11	13.72	687	2527	1397	19	0	0	0	0	4630	170.88	13.87	5.86	18.72	15.14	20.25	25.00	1.40	26.42	27.39
8/14/2023 1:46:37 PM	1.46	2.73	3.25	0.57	0.00	0.00	0.00	0.50	8.00	100.00	4.13	14.17	772	2735	1461	17	0	0	0	0	4985	170.54	14.30	5.95	19.75	15.77	21.22	26.00	1.40	26.37	27.37
8/14/2023 1:46:39 PM	1.44	2.37	2.41	1.07	0.00	0.00	0.00	0.46	7.30	100.00	4.16	14.05	761	2374	1087	32	0	0	0	0	4254	170.22	13.49	6.02	18.46	14.52	20.72	24.07	1.41	26.34	27.34
8/14/2023 1:46:41 PM	1.20	2.94	3.52	0.11	0.00	0.00	0.00	0.37	7.78	100.00	4.19	13.65	637	2945	1584	3	0	0	0	0	5169	170.87	13.20	5.78	19.73	13.92	20.17	23.43	1.41	26.28	27.34
8/14/2023 1:46:44 PM	1.45	2.15	2.38	1.08	0.00	0.00	0.00	0.41	7.06	100.00	4.24	13.37	769	2154	1069	32	0	0	0	0	4024	170.89	13.13	5.79	17.43	13.84	19.76	23.52	1.42	26.25	27.30
8/14/2023 1:46:46 PM	1.65	2.20	2.62	0.79	0.00	0.00	0.00	0.37	7.26	100.00	4.27	13.41	875	2196	1179	24	0	0	0	0	4274	170.57	12.85	5.46	17.31	13.63	19.27	23.64	1.42	26.18	27.27
8/14/2023 1:46:49 PM	1.01	1.97	2.36	0.92	0.00	0.00	0.00	0.34	6.26	100.00	4.31	13.63	536	1972	1062	28	0	0	0	0	3597	170.91	11.99	5.21	15.79	12.03	17.99	20.70	1.42	26.14	27.29
8/14/2023 1:46:51 PM	0.75	2.07	2.34	0.75	0.00	0.00	0.00	0.37	5.91	100.00	4.33	13.05	397	2069	1053	23	0	0	0	0	3541	171.40	11.42	4.90	15.56	11.68	17.58	19.28	1.42	26.10	27.24
8/14/2023 1:46:53 PM	0.95	2.23	2.52	0.79	0.00	0.00	0.00	0.36	6.49	100.00	4.34	12.56	503	2230	1135	24	0	0	0	0	3891	170.77	12.19	5.12	16.67	12.33	18.80	20.83	1.42	26.06	27.24
8/14/2023 1:46:56 PM	0.78	2.35	2.73	0.63	0.00	0.00	0.00	0.35	6.48	100.00	4.37	13.08	411	2346	1227	19	0	0	0	0	4003	171.07	12.15	5.54	17.08	12.22	18.47	20.51	1.43	26.00	27.21
8/14/2023 1:46:58 PM	0.96	2.34	2.45	0.81	0.00	0.00	0.00	0.35	6.55	100.00	4.39	13.39	507	2338	1101	24	0	0	0	0	3970	170.54	12.13	5.47	17.23	12.29	19.10	20.61	1.43	25.96	27.20
8/14/2023 1:47:00 PM	0.94	2.36	2.18	1.06	0.00	0.00	0.00	0.38	6.53	100.00	4.41	13.25	496	2360	980	32	0	0	0	0	3868	170.84	12.34	5.84	17.69	12.50	19.83	20.67	1.43	25.91	27.20
8/14/2023 1:47:03 PM	0.78	2.50	2.72	0.55	0.00	0.00	0.00	0.34	6.54	100.00	4.44	13.26	411	2498	1222	16	0	0	0	0	4148	170.11	11.95	5.38	17.48	12.03	18.85	20.03	1.43	25.87	27.15
8/14/2023 1:47:05 PM	0.84	2.21	2.23	1.04	0.00	0.00	0.00	0.36	6.32	100.00	4.46	13.45	446	2208	1004	31	0	0	0	0	3689	170.75	12.20	5.44	16.83	12.11	19.22	20.32	1.44	25.81	27.14
8/14/2023 1:47:08 PM	0.76	2.64	2.70	0.60	0.00	0.00	0.00	0.33	6.70	100.00	4.47	13.48	405	2638	1215	18	0	0	0	0	4276	170.71	12.14	5.73	18.26	12.09	19.51	20.11	1.44	25.77	27.11
8/14/2023 1:47:10 PM	0.81	2.51	2.49	0.83	0.00	0.00	0.00	0.35	6.64	100.00	4.50	13.15	428	2508	1120	25	0	0	0	0	4082	171.04	12.35	5.96	18.10	12.34	19.66	20.50	1.44	25.73	27.09
8/14/2023 1:47:12 PM	0.90	2.33	2.31	0.88	0.00	0.00	0.00	0.33	6.42	100.00	4.55	12.94	478	2329	1038	26	0	0	0	0	3872	170.71	11.91	5.68	17.24	11.87	19.02	19.96	1.45	25.68	27.07
8/14/2023 1:47:15 PM	0.63	2.04	1.99	0.91	0.00	0.00	0.00	0.35	5.57	100.00	4.62	12.47	333	2043	894	27	0	0	0	0	3297	170.55	10.91	5.06	15.39	10.97	17.50	17.86	1.45	25.63	27.04
8/14/2023 1:47:17 PM	0.63	2.13	2.22	0.76	0.00	0.00	0.00	0.34	5.74	100.00	4.64	11.81	335	2133	1001	23	0	0	0	0	3491	170.39	11.03	5.12	15.71	11.05	17.47	18.17	1.46	25.59	27.01
8/14/2023 1:47:19 PM	0.60	2.17	2.36	0.67	0.00	0.00	0.00	0.34	5.80	100.00	4.66	11.89	318	2167	1063	20	0	0	0	0	3568	170.22	11.11	5.05	15.77	11.10	17.42	18.31	1.46	25.53	26.99
8/14/2023 1:47:22 PM	0.57	2.10	2.10	0.94	0.00	0.00	0.00	0.35	5.72	100.00	4.70	12.21	304	2095	945	28	0	0	0	0	3373	170.20	11.29	5.26	15.80	11.14	17.90	18.33	1.46	25.48	26.95
8/14/2023 1:47:24 PM	0.49	2.07	2.26	0.89	0.00	0.00	0.00	0.35	5.70	100.00	4.75	12.25	259	2069	1018	27	0	0	0	0	3373	170.53	11.44	5.08	15.59	11.23	17.74	18.54	1.47	25.43	26.98
8/14/2023 1:47:27 PM	0.46	2.12	2.24	0.86	0.00	0.00	0.00	0.36	5.68	100.00	4.80	12.12	243	2115	1010	26	0	0	0	0	3395	170.24	11.38	5.25	15.78	11.27	17.72	18.39	1.47	25.37	26.93
8/14/2023 1:47:29 PM	0.61	2.31	2.48	0.53	0.00	0.00	0.00	0.32	5.92	100.00	4.87	12.23	321	2312	1114	16	0	0	0	0	3763	170.18	11.03	5.00	16.19	11.04	17.62	18.16	1.48	25.32	26.90
8/14/2023 1:47:31 PM	0.55	1.89	1.90	0.98	0.00	0.00	0.00	0.37	5.32	100.00	4.98	12.02	290	1894	855	29	0	0	0	0	3068	170.29	10.80	4.97	14.73	10.91	16.98	17.63	1.49	25.28	26.86
8/14/2023 1:47:34 PM	0.48	2.08	2.09	0.95	0.00	0.00	0.00	0.36	5.60	100.00	5.05	11.63	252	2081	940	29	0	0	0	0	3302	170.46	11.27	5.24	15.68	11.17	17.79	18.14	1.49	25.22	26.83
8/14/2023 1:47:36 PM	0.52	2.09	2.11	0.84	0.00	0.00	0.00	0.36	5.55	100.00	5.14	11.64	273	2093	948	25	0	0	0	0	3339	170.19	10.98	5.06	15.49	11.06	17.46	17.84	1.50	25.17	26.84
8/14/2023 1:47:38 PM	0.52	1.96	1.93	0.92	0.00	0.00	0.00	0.36	5.33	100.00	5.20	11.67	273	1963	869	28	0	0	0	0	3132	170.17	10.71	4.91	14.89	10.79	17.08	17.36	1.51	25.12	26.83
8/14/2023 1:47:41 PM	0.57	2.01	1.93	0.97	0.00	0.00	0.00	0.35	5.48	100.00	5.27	11.71	300	2009	871	29	0	0	0	0	3209	169.90	10.91	5.03	15.25	10.89	17.50	17.70	1.52	25.07	26.81
8/14/2023 1:47:43 PM	0.53	2.11	2.15	0.80	0.00	0.00	0.00	0.36	5.59	100.00	5.36	11.68	281	2114	965	24	0	0	0	0	3384	169.89	10.97	4.89	15.48	11.03	17.54	17.84	1.53	25.02	26.74
8/14/2023 1:47:46 PM	0.55	2.18	2.15	0.75	0.00	0.00	0.00	0.36	5.64	100.00	5.44	11.66	294	2182	967	23	0	0	0	0	3465	170.35	10.89	5.12	15.79	11.04	17.53	17.76	1.53	24.97	26.74
8/14/2023 1:47:48 PM	0.50	2.09	2.14	0.77	0.00	0.00	0.00	0.37	5.50	100.00	5.57	11.62	263	2087	964	23	0	0	0	0	3337	169.93	10.85	5.02	15.35	11.00	17.18	17.67	1.55	24.92	26.70
8/14/2023 1:47:50 PM	0.49	2.11	2.25	0.67	0.00	0.00	0.00	0.36	5.52	100.00	5.64	11.51	259	2106	1013	20	0	0	0	0	3398	170.38	10.80	4.85	15.27	10.94	17.03	17.64	1.55	24.86	26.71
8/14/2023 1:47:53 PM	0.44	2.05	2.18	0.86	0.00	0.00	0.00	0.37	5.53	100.00	5.69	11.51	235	2051	979	26	0	0	0	0	3291	169.86	11.14	5.18	15.40	11.13	17.31	18.02	1.56	24.81	26.68
8/14/2023 1:47:55 PM	0.69	2.28	2.36	0.75	0.00	0.00	0.00	0.34	6.08	100.00	5.74	11.73	368	2280	1061	22	0	0	0	0	3732	169.68	11.49	5.38	16.57	11.46	18.22	18.98	1.56	24.77	26.61
8/14/2023 1:47:58 PM	0.54	2.54	2.61	0.59	0.00	0.00	0.00	0.34	6.28	100.00	5.82	11.97	287	2538	1175	18	0	0	0	0	4017	170.12	11.71	5.66	17.56	11.65	18.71	19.02	1.57	24.70	26.61
8/14/2023 1:48:00 PM	0.81	2.12	2.00	1.00	0.00	0.00	0.00	0.34	5.94	100.00	5.89	12.06	430	2123	901	30	0	0	0	0	3484	169.86	11.39	5.32	16.14	11.42	18.35	18.91	1.58	24.66	26.59
8/14/2023 1:48:02 PM	0.60	2.65	2.64	0.69	0.00	0.00	0.00	0.34	6.59	100.00	5.95	12.19	319	2655	1189	21	0	0	0	0	4183	169.87	12.22	6.21	18.52	12.03	19.55	19.83	1.58	24.62	26.55
8/14/2023 1:48:05 PM	0.62	2.70	2.77	0.33	0.00	0.00	0.00	0.33	6.41	100.00	6.02	12.27	327	2701	1245	10	0	0	0	0	4282	169.78	11.40	5.52	17.90	11.54	18.59	18.74	1.59	24.55	26.54
8/14/2023 1:48:07 PM	0.47	2.28	2.21	0.93	0.00	0.00	0.00	0.37	5.90	100.00	6.08	12.42	251	2284	993	28	0	0	0	0	3556	169.88	11.65	5.68	16.74	11.54	18.55	18.67	1.60	24.51	26.51
8/14/2023 1:48:09 PM	0.68	2.48	2.51	0.71	0.00	0.00	0.00	0.35	6.37	100.00	6.20	12.23	359	2475	1130	21	0	0	0	0	3986	169.53	11.91	5.71	17.56	11.94	18.97	19.62	1.61	24.46	26.51
8/14/2023 1:48:12 PM	0.74	2.28	2.35	0.78	0.00	0.00	0.00	0.33	6.15	100.00	6.28	11.73	393	2276	1058	23	0	0	0	0	3750	169.14	11.58	5.48	16.68	11.51	18.33	19.19	1.62	24.41	26.48
8/14/2023 1:48:14 PM	0.72	2.05	1.96	0.99	0.00	0.00	0.00	0.38	5.72	100.00	6.34	11.70	381	2049	882	30	0	0	0	0	3342	169.85	11.24	5.08	15.63	11.48	17.97	18.62	1.62	24.37	26.41
8/14/2023 1:48:17 PM	0.77	2.03	1.99	1.14	0.00	0.00	0.00	0.37	5.92	100.00	6.42	11.93	408	2029	895	34	0	0	0	0	3366	169.66	11.76	5.49	16.03	11.80	18.42	19.51	1.63	24.31	26.41
8/14/2023 1:48:19 PM	1.07	2.24	2.12	0.92	0.00	0.00	0.00	0.32	6.35	100.00	6.50	12.01	568	2236	955	28	0	0	0	0	3786	169.27	11.60	5.53	16.84	11.73	18.75	19.78	1.64	24.26	26.41
8/14/2023 1:48:21 PM	0.75	2.34	2.24	0.66	0.00	0.00	0.00	0.34	5.99	100.00	6.59	12.18	396	2338	1010	20	0	0	0	0	3764	169.18	11.03	5.40	16.62	11.29	17.98	18.33	1.65	24.22	26.35
8/14/2023 1:48:24 PM	0.68	2.24	2.18	0.90	0.00	0.00	0.00	0.34	6.00	100.00	6.67	12.27	363	2242	981	27	0	0	0	0	3613	169.39	11.51	5.46	16.56	11.44	18.46	18.85	1.65	24.15	26.30
8/14/2023 1:48:26 PM	0.66	2.21	2.17	0.91	0.00	0.00	0.00	0.35	5.95	100.00	6.71	12.10	352	2209	977	27	0	0	0	0	3565	169.37	11.49	5.65	16.49	11.49	18.22	18.87	1.66	24.11	26.25
8/14/2023 1:48:28 PM	0.75	2.43	2.52	0.59	0.00	0.00	0.00	0.35	6.30	100.00	6.81	11.95	400	2429	1135	18	0	0	0	0	3981	168.96	11.59	5.38	17.10	11.84	18.46	19.39	1.67	24.06	26.30
8/14/2023 1:48:31 PM	0.67	2.26	2.24	0.84	0.00	0.00	0.00	0.38	6.02	100.00	6.86	11.87	353	2265	1010	25	0	0	0	0	3653	169.09	11.58	5.51	16.62	11.78	18.38	19.11	1.67	24.01	26.24
8/14/2023 1:48:33 PM	0.67	2.13	2.03	1.14	0.00	0.00	0.00	0.38	5.98	100.00	6.93	11.92	357	2132	914	34	0	0	0	0	3437	169.24	11.91	5.75	16.53	11.90	18.75	19.51	1.68	23.96	26.21
8/14/2023 1:48:36 PM	0.61	2.31	2.33	0.83	0.00	0.00	0.00	0.37	6.08	100.00	7.02	11.85	323	2309	1050	25	0	0	0	0	3706	169.18	11.74	5.49	16.80	11.80	18.59	19.23	1.69	23.91	26.20
8/14/2023 1:48:38 PM	0.47	2.19	2.20	0.72	0.00	0.00	0.00	0.40	5.58	100.00	7.12	11.74	248	2193	991	22	0	0	0	0	3453	169.15	10.96	5.20	15.80	11.35	17.39	17.87	1.70	23.87	26.14
8/14/2023 1:48:40 PM	0.40	2.05	2.04	0.76	0.00	0.00	0.00	0.39	5.24	100.00	7.16	11.79	211	2049	916	23	0	0	0	0	3199	169.36	10.54	4.67	14.88	10.85	16.93	16.99	1.70	23.82	26.14
8/14/2023 1:48:43 PM	0.64	2.24	2.17	0.70	0.00	0.00	0.00	0.36	5.74	100.00	7.24	11.94	338	2241	975	21	0	0	0	0	3575	168.84	10.85	5.27	16.08	11.13	17.56	17.87	1.71	23.76	26.10
8/14/2023 1:48:45 PM	0.67	2.20	2.19	0.80	0.00	0.00	0.00	0.36	5.86	100.00	7.31	11.93	356	2197	987	24	0	0	0	0	3564	168.66	11.23	5.01	16.02	11.38	18.04	18.53	1.72	23.71	26.08
8/14/2023 1:48:48 PM	0.79	2.29	2.22	0.60	0.00	0.00	0.00	0.34	5.90	100.00	7.36	11.89	418	2287	1001	18	0	0	0	0	3724	168.91	10.79	4.92	16.12	11.12	17.74	18.06	1.72	23.67	26.05
8/14/2023 1:48:50 PM	0.74	2.28	2.29	0.66	0.00	0.00	0.00	0.36	5.97	100.00	7.42	12.07	394	2276	1029	20	0	0	0	0	3719	169.04	11.12	5.18	16.31	11.44	17.87	18.59	1.73	23.62	26.03
8/14/2023 1:48:52 PM	0.68	2.04	1.95	0.78	0.00	0.00	0.00	0.41	5.46	100.00	7.53	12.00	360	2043	879	23	0	0	0	0	3305	168.49	10.60	4.89	15.13	11.32	17.03	17.75	1.74	23.58	25.99
8/14/2023 1:48:55 PM	0.56	1.94	1.89	0.54	0.00	0.00	0.00	0.39	4.93	100.00	7.59	11.66	298	1936	852	16	0	0	0	0	3102	168.90	9.53	4.27	13.87	10.40	15.55	15.92	1.74	23.52	25.98
8/14/2023 1:48:57 PM	0.73	1.91	1.75	0.81	0.00	0.00	0.00	0.39	5.19	100.00	7.69	11.60	388	1906	787	24	0	0	0	0	3105	168.62	10.09	4.39	14.28	10.81	16.56	16.96	1.75	23.48	25.95
8/14/2023 1:48:59 PM	0.56	2.29	2.31	0.36	0.00	0.00	0.00	0.37	5.51	100.00	7.78	11.57	298	2287	1037	11	0	0	0	0	3633	168.73	10.17	4.43	15.40	10.82	16.79	16.87	1.76	23.42	25.92
8/14/2023 1:49:02 PM	0.56	2.06	1.90	0.68	0.00	0.00	0.00	0.39	5.19	100.00	7.87	11.66	295	2057	855	20	0	0	0	0	3227	168.84	10.05	4.62	14.75	10.70	16.57	16.54	1.77	23.40	25.92
8/14/2023 1:49:04 PM	0.46	2.04	1.92	0.54	0.00	0.00	0.00	0.41	4.96	100.00	7.96	11.63	246	2035	866	16	0	0	0	0	3163	168.96	9.64	4.34	14.25	10.54	15.91	15.87	1.78	23.35	25.84
8/14/2023 1:49:07 PM	0.51	2.12	2.08	0.44	0.00	0.00	0.00	0.40	5.15	100.00	8.02	11.54	270	2124	936	13	0	0	0	0	3343	168.95	9.79	4.40	14.63	10.74	16.07	16.27	1.79	23.29	25.83
8/14/2023 1:49:09 PM	0.47	2.28	2.18	0.46	0.00	0.00	0.00	0.42	5.38	100.00	8.08	11.73	247	2281	979	14	0	0	0	0	3521	168.77	10.23	4.68	15.48	11.16	16.86	16.84	1.79	23.24	25.82
8/14/2023 1:49:11 PM	0.57	2.00	1.79	0.50	0.00	0.00	0.00	0.41	4.86	100.00	8.14	11.95	300	2004	804	15	0	0	0	0	3124	169.38	9.24	4.18	13.96	10.38	15.60	15.43	1.80	23.20	25.75
8/14/2023 1:49:14 PM	0.57	2.08	1.87	0.68	0.00	0.00	0.00	0.41	5.21	100.00	8.19	12.02	304	2084	839	20	0	0	0	0	3248	168.89	10.06	4.86	14.96	10.93	16.57	16.65	1.80	23.16	25.73
8/14/2023 1:49:16 PM	0.65	2.20	2.09	0.48	0.00	0.00	0.00	0.39	5.43	100.00	8.23	12.02	347	2204	941	14	0	0	0	0	3506	168.94	10.06	4.76	15.30	10.98	16.59	16.91	1.81	23.11	25.73
8/14/2023 1:49:18 PM	0.72	2.32	2.09	0.60	0.00	0.00	0.00	0.39	5.73	100.00	8.27	12.09	382	2318	941	18	0	0	0	0	3659	168.81	10.56	5.29	16.24	11.38	17.46	17.69	1.81	23.05	25.70
8/14/2023 1:49:21 PM	0.48	2.20	2.00	0.72	0.00	0.00	0.00	0.42	5.40	100.00	8.30	12.13	254	2197	902	22	0	0	0	0	3374	168.78	10.56	5.37	15.74	11.27	17.11	17.23	1.81	23.02	25.68
8/14/2023 1:49:23 PM	0.45	2.09	1.89	0.77	0.00	0.00	0.00	0.44	5.21	100.00	8.35	12.19	240	2091	852	23	0	0	0	0	3206	168.96	10.40	5.03	15.15	11.26	16.86	17.00	1.82	22.97	25.64
8/14/2023 1:49:26 PM	0.43	2.14	1.85	0.73	0.00	0.00	0.00	0.46	5.15	100.00	8.42	12.22	225	2139	833	22	0	0	0	0	3219	169.22	10.26	5.10	15.26	11.33	16.81	16.75	1.82	22.93	25.59
8/14/2023 1:49:28 PM	0.54	2.02	1.66	0.71	0.00	0.00	0.00	0.44	4.94	100.00	8.47	12.07	286	2024	748	21	0	0	0	0	3080	168.63	9.67	4.91	14.60	10.85	16.11	16.00	1.83	22.89	25.55
8/14/2023 1:49:30 PM	0.51	1.86	1.59	0.83	0.00	0.00	0.00	0.44	4.80	100.00	8.53	12.07	270	1863	717	25	0	0	0	0	2876	168.54	9.75	4.90	14.07	10.83	15.82	16.12	1.84	22.84	25.54
8/14/2023 1:49:33 PM	0.68	2.08	1.86	0.63	0.00	0.00	0.00	0.43	5.26	100.00	8.63	12.13	362	2084	838	19	0	0	0	0	3303	168.29	9.99	4.95	14.99	11.15	16.37	16.89	1.85	22.81	25.52
8/14/2023 1:49:35 PM	0.55	1.91	1.54	0.75	0.00	0.00	0.00	0.45	4.75	100.00	8.77	11.84	293	1907	693	23	0	0	0	0	2915	167.95	9.44	4.78	14.04	10.75	15.68	15.72	1.86	22.76	25.50
8/14/2023 1:49:37 PM	0.46	1.91	1.49	0.60	0.00	0.00	0.00	0.45	4.46	100.00	8.86	11.56	245	1911	672	18	0	0	0	0	2845	168.84	8.79	4.43	13.53	10.25	15.01	14.52	1.87	22.72	25.47
8/14/2023 1:49:40 PM	0.51	1.76	1.35	0.63	0.00	0.00	0.00	0.46	4.25	100.00	8.95	11.43	272	1755	608	19	0	0	0	0	2654	168.45	8.51	4.24	12.81	10.16	14.43	14.28	1.88	22.68	25.44
8/14/2023 1:49:42 PM	0.58	1.90	1.43	0.57	0.00	0.00	0.00	0.45	4.49	100.00	9.00	11.47	306	1903	645	17	0	0	0	0	2872	168.26	8.63	4.52	13.54	10.28	14.84	14.54	1.88	22.63	25.42
8/14/2023 1:49:45 PM	0.58	1.79	1.36	0.63	0.00	0.00	0.00	0.45	4.36	100.00	9.12	11.50	308	1788	614	19	0	0	0	0	2729	168.23	8.56	4.47	13.09	10.19	14.51	14.47	1.89	22.59	25.38
8/14/2023 1:49:47 PM	0.41	1.96	1.50	0.38	0.00	0.00	0.00	0.45	4.25	100.00	9.17	11.42	216	1963	674	11	0	0	0	0	2865	168.49	8.15	4.22	13.25	9.90	14.32	13.50	1.90	22.55	25.37
8/14/2023 1:49:49 PM	0.57	2.00	1.45	0.51	0.00	0.00	0.00	0.45	4.53	100.00	9.22	11.48	303	2004	651	15	0	0	0	0	2974	168.36	8.54	4.58	13.87	10.25	14.99	14.33	1.90	22.52	25.35
8/14/2023 1:49:52 PM	0.46	1.93	1.53	0.49	0.00	0.00	0.00	0.47	4.41	100.00	9.32	11.51	245	1926	687	15	0	0	0	0	2872	168.82	8.59	4.35	13.41	10.31	14.69	14.36	1.91	22.48	25.32
8/14/2023 1:49:54 PM	0.48	1.93	1.52	0.25	0.00	0.00	0.00	0.46	4.18	100.00	9.47	11.47	254	1932	683	8	0	0	0	0	2876	167.73	7.82	3.94	12.85	9.83	13.81	13.26	1.93	22.43	25.25
8/14/2023 1:49:57 PM	0.43	1.69	1.14	0.43	0.00	0.00	0.00	0.47	3.69	100.00	9.61	11.37	228	1691	513	13	0	0	0	0	2444	168.10	7.28	3.68	11.71	9.36	13.11	12.23	1.94	22.38	25.24
8/14/2023 1:49:59 PM	0.42	1.83	1.37	0.32	0.00	0.00	0.00	0.47	3.94	100.00	9.67	11.35	224	1827	618	10	0	0	0	0	2679	168.19	7.60	3.76	12.31	9.66	13.49	12.80	1.95	22.34	25.24
8/14/2023 1:50:01 PM	0.39	2.04	1.50	0.19	0.00	0.00	0.00	0.47	4.12	100.00	9.73	11.40	207	2040	676	6	0	0	0	0	2928	168.48	7.64	3.99	13.13	9.74	13.90	12.74	1.95	22.30	25.22
8/14/2023 1:50:04 PM	0.51	1.88	1.31	0.17	0.00	0.00	0.00	0.48	3.86	100.00	9.79	11.44	270	1878	588	5	0	0	0	0	2741	168.55	7.09	3.64	12.22	9.53	13.10	12.21	1.96	22.26	25.14
8/14/2023 1:50:06 PM	0.64	1.79	1.25	0.36	0.00	0.00	0.00	0.44	4.05	100.00	9.85	11.45	340	1794	563	11	0	0	0	0	2707	168.54	7.47	3.68	12.27	9.48	13.61	12.88	1.96	22.23	25.13
8/14/2023 1:50:08 PM	1.49	2.74	2.12	0.00	0.00	0.00	0.00	0.23	6.35	100.00	9.93	11.48	789	2742	955	0	0	0	0	0	4486	168.44	9.18	4.36	17.26	10.14	17.65	16.51	1.97	22.18	25.08
