Date/Time	Green Algae	Bluegreen	Diatoms	Cryptophyta	#5	#6	#7	Yellow substances	Total conc.	Transmission	Depth	Temp. Sample	Green Algae	Bluegreen	Diatoms	Cryptophyta	#5	#6	#7	Yellow substances	Total cell count	Trans. 700 nm	LED 3 [525 nm]	LED 4 [570 nm]	LED 5 [610 nm]	LED 6 [370 nm]	LED 7 [590 nm]	LED 8 [470 nm]	Pressure	Temp. LEDs	Temp. Sensor
date	µg/l	µg/l	µg/l	µg/l	µg/l	µg/l	µg/l	r.u.	µg/l	%	m	°C	cells/ml	cells/ml	cells/ml	cells/ml	cells/ml	cells/ml	cells/ml	r.u.	cells/ml	digits	digits	digits	digits	digits	digits	digits	bar	°C	°C
5/22/2023 10:14:21 AM	1.77	0.06	1.50	0.84	0.00	0.00	0.00	0.40	4.17	100.00	0.01	21.43	937	59	676	25	0	0	0	0	1698	192.04	8.71	3.23	6.86	10.62	9.29	18.80	1.00	22.09	21.64
5/22/2023 10:14:23 AM	2.34	0.56	1.89	0.00	0.00	0.00	0.00	0.30	4.80	100.00	0.11	21.36	1241	563	852	0	0	0	0	0	2655	192.52	7.49	2.77	8.00	9.97	8.89	18.02	1.01	22.13	21.64
5/22/2023 10:14:26 AM	2.67	0.10	1.14	0.54	0.00	0.00	0.00	0.37	4.46	100.00	0.11	21.39	1415	104	514	16	0	0	0	0	2049	191.69	7.45	2.21	6.49	10.55	9.00	18.62	1.01	22.16	21.61
5/22/2023 10:14:28 AM	1.99	0.56	1.48	0.26	0.00	0.00	0.00	0.43	4.29	100.00	0.15	21.43	1052	562	666	8	0	0	0	0	2288	192.71	7.48	2.83	7.91	10.61	9.35	17.31	1.01	22.21	21.63
5/22/2023 10:14:30 AM	2.27	0.29	1.44	0.46	0.00	0.00	0.00	0.39	4.45	100.00	0.19	21.41	1201	289	646	14	0	0	0	0	2150	192.67	7.88	1.88	6.92	10.63	9.72	18.45	1.02	22.24	21.68
5/22/2023 10:14:33 AM	2.20	0.00	1.29	0.84	0.00	0.00	0.00	0.40	4.33	100.00	0.24	21.39	1166	0	581	25	0	0	0	0	1772	192.47	8.32	3.78	6.40	10.81	9.12	19.40	1.02	22.28	21.70
5/22/2023 10:14:35 AM	2.23	0.24	1.65	0.49	0.00	0.00	0.00	0.31	4.62	100.00	0.28	21.37	1183	243	742	15	0	0	0	0	2183	193.14	8.18	3.09	7.40	10.22	9.14	18.82	1.03	22.32	21.73
5/22/2023 10:14:38 AM	1.20	0.57	2.72	0.00	0.00	0.00	0.00	0.37	4.48	100.00	0.31	21.34	635	565	1222	0	0	0	0	0	2423	191.35	9.07	2.20	7.94	10.55	8.99	18.60	1.03	22.35	21.73
5/22/2023 10:14:40 AM	2.46	0.08	0.93	1.02	0.00	0.00	0.00	0.34	4.48	100.00	0.33	21.35	1302	79	419	30	0	0	0	0	1830	191.64	8.17	3.16	7.26	10.34	10.08	18.80	1.03	22.38	21.71
5/22/2023 10:14:42 AM	1.59	0.17	1.30	0.87	0.00	0.00	0.00	0.46	3.93	100.00	0.38	21.36	841	175	583	26	0	0	0	0	1626	191.87	8.50	2.92	6.97	10.84	9.77	18.03	1.04	22.43	21.79
5/22/2023 10:14:45 AM	2.06	0.29	1.80	0.38	0.00	0.00	0.00	0.41	4.53	100.00	0.44	21.36	1092	288	810	11	0	0	0	0	2201	191.67	8.37	2.91	7.33	11.02	9.04	19.19	1.04	22.46	21.84
5/22/2023 10:14:47 AM	3.37	0.12	0.68	0.69	0.00	0.00	0.00	0.31	4.86	100.00	0.47	21.36	1789	116	304	21	0	0	0	0	2229	192.81	7.07	2.21	6.95	10.32	9.75	18.95	1.05	22.51	21.74
5/22/2023 10:14:49 AM	1.32	0.57	2.63	0.00	0.00	0.00	0.00	0.38	4.52	100.00	0.51	21.35	700	572	1184	0	0	0	0	0	2456	191.65	8.99	1.64	7.61	10.68	9.54	18.71	1.05	22.53	21.75
5/22/2023 10:14:52 AM	2.43	0.32	2.17	0.18	0.00	0.00	0.00	0.19	5.10	100.00	0.57	21.37	1286	322	977	6	0	0	0	0	2591	191.72	8.36	2.16	7.35	9.62	9.36	19.40	1.06	22.56	21.84
5/22/2023 10:14:54 AM	2.50	0.06	0.95	1.06	0.00	0.00	0.00	0.42	4.57	100.00	0.63	21.35	1323	62	429	32	0	0	0	0	1846	192.82	8.59	3.50	7.48	11.38	10.16	19.91	1.06	22.61	21.80
5/22/2023 10:14:57 AM	2.04	0.00	0.99	0.99	0.00	0.00	0.00	0.44	4.02	100.00	0.65	21.33	1082	0	444	30	0	0	0	0	1555	192.37	8.13	3.35	6.45	10.71	9.39	18.42	1.06	22.61	21.84
5/22/2023 10:14:59 AM	2.22	0.58	1.62	0.19	0.00	0.00	0.00	0.39	4.61	100.00	0.70	21.34	1176	581	729	6	0	0	0	0	2492	191.68	7.66	2.39	7.97	10.66	9.72	18.04	1.07	22.64	21.85
5/22/2023 10:15:01 AM	2.27	0.35	1.87	0.28	0.00	0.00	0.00	0.31	4.77	100.00	0.73	21.34	1204	348	840	8	0	0	0	0	2400	191.84	8.14	2.82	7.56	10.31	9.11	18.97	1.07	22.68	21.85
5/22/2023 10:15:04 AM	1.68	0.47	2.49	0.04	0.00	0.00	0.00	0.35	4.69	100.00	0.75	21.32	892	473	1121	1	0	0	0	0	2487	192.29	8.78	1.94	7.37	10.57	9.38	19.10	1.07	22.72	21.86
5/22/2023 10:15:06 AM	2.30	0.19	1.35	0.51	0.00	0.00	0.00	0.34	4.34	100.00	0.78	21.33	1219	187	609	15	0	0	0	0	2029	191.87	7.58	2.86	6.91	10.09	8.75	17.99	1.08	22.75	21.85
5/22/2023 10:15:09 AM	1.81	0.17	1.39	0.67	0.00	0.00	0.00	0.44	4.04	100.00	0.80	21.31	957	175	625	20	0	0	0	0	1777	192.09	8.13	3.28	7.00	10.73	8.91	18.08	1.08	22.78	21.89
5/22/2023 10:15:11 AM	1.94	0.64	2.54	0.00	0.00	0.00	0.00	0.29	5.12	100.00	0.82	21.29	1027	637	1145	0	0	0	0	0	2809	192.13	8.95	2.17	8.63	10.54	9.74	19.60	1.08	22.81	21.90
5/22/2023 10:15:13 AM	2.55	0.60	2.13	0.00	0.00	0.00	0.00	0.19	5.28	100.00	0.86	21.28	1352	598	958	0	0	0	0	0	2908	192.56	7.98	2.68	8.90	9.59	9.05	18.86	1.08	22.83	21.90
5/22/2023 10:15:16 AM	1.54	0.32	1.95	0.46	0.00	0.00	0.00	0.34	4.28	100.00	0.91	21.26	818	323	879	14	0	0	0	0	2033	192.38	8.57	2.19	7.03	10.01	9.66	18.01	1.09	22.86	21.95
5/22/2023 10:15:18 AM	2.05	0.53	1.99	0.00	0.00	0.00	0.00	0.34	4.56	100.00	0.93	21.24	1086	528	893	0	0	0	0	0	2508	192.25	7.64	2.52	7.69	10.12	8.70	17.81	1.09	22.89	21.96
5/22/2023 10:15:20 AM	2.46	0.26	1.39	0.60	0.00	0.00	0.00	0.30	4.70	100.00	0.96	21.25	1303	256	624	18	0	0	0	0	2201	192.13	7.96	3.36	7.69	10.11	9.38	18.71	1.09	22.92	21.98
5/22/2023 10:15:23 AM	2.73	0.30	1.30	0.29	0.00	0.00	0.00	0.30	4.62	100.00	1.01	21.24	1446	295	587	9	0	0	0	0	2336	191.71	7.01	2.71	7.19	9.87	8.63	17.89	1.10	22.94	21.99
5/22/2023 10:15:25 AM	1.99	0.42	1.42	0.37	0.00	0.00	0.00	0.38	4.20	100.00	1.06	21.23	1053	423	640	11	0	0	0	0	2127	192.40	7.46	1.94	7.10	10.04	9.58	17.04	1.10	22.97	21.99
5/22/2023 10:15:28 AM	1.59	0.00	1.11	1.03	0.00	0.00	0.00	0.43	3.73	100.00	1.10	21.25	843	0	498	31	0	0	0	0	1372	191.98	8.22	3.32	5.95	10.27	9.48	17.69	1.11	23.00	21.94
5/22/2023 10:15:30 AM	2.65	0.24	0.90	0.46	0.00	0.00	0.00	0.42	4.26	100.00	1.14	21.25	1406	240	407	14	0	0	0	0	2066	192.04	6.83	2.56	6.86	10.56	8.77	17.58	1.11	23.01	22.00
5/22/2023 10:15:32 AM	1.90	0.31	1.54	0.33	0.00	0.00	0.00	0.45	4.09	100.00	1.18	21.14	1006	313	695	10	0	0	0	0	2024	192.84	7.66	2.48	6.86	10.69	8.73	17.67	1.12	23.05	22.01
5/22/2023 10:15:35 AM	1.31	0.48	2.02	0.31	0.00	0.00	0.00	0.41	4.11	100.00	1.21	21.04	692	477	910	9	0	0	0	0	2089	191.99	8.41	2.45	7.40	10.33	9.45	17.49	1.12	23.08	21.99
5/22/2023 10:15:37 AM	1.84	0.10	1.13	0.75	0.00	0.00	0.00	0.36	3.82	100.00	1.22	21.05	978	98	508	23	0	0	0	0	1606	192.08	7.54	2.65	6.36	9.59	8.92	16.74	1.12	23.09	22.04
5/22/2023 10:15:39 AM	1.87	0.42	1.74	0.13	0.00	0.00	0.00	0.44	4.17	100.00	1.26	21.09	993	423	785	4	0	0	0	0	2205	192.00	7.54	2.67	7.18	10.68	8.41	17.57	1.12	23.12	22.08
5/22/2023 10:15:42 AM	1.89	0.23	1.37	0.41	0.00	0.00	0.00	0.44	3.90	100.00	1.28	21.12	1003	233	614	12	0	0	0	0	1863	191.73	7.40	2.11	6.36	10.37	8.68	17.11	1.13	23.14	22.08
5/22/2023 10:15:44 AM	1.72	0.41	1.78	0.37	0.00	0.00	0.00	0.37	4.29	100.00	1.33	21.13	913	408	802	11	0	0	0	0	2133	192.05	8.12	2.73	7.45	10.22	9.31	17.75	1.13	23.16	22.06
5/22/2023 10:15:47 AM	2.20	0.33	1.48	0.41	0.00	0.00	0.00	0.38	4.43	100.00	1.36	21.11	1168	329	667	12	0	0	0	0	2177	192.07	7.76	2.54	7.25	10.44	9.28	18.15	1.13	23.20	22.10
5/22/2023 10:15:49 AM	2.50	0.54	1.64	0.00	0.00	0.00	0.00	0.36	4.68	100.00	1.40	21.07	1326	544	738	0	0	0	0	0	2607	192.21	7.17	2.22	7.92	10.36	8.69	17.89	1.14	23.20	22.09
5/22/2023 10:15:51 AM	2.15	0.49	1.85	0.00	0.00	0.00	0.00	0.39	4.50	100.00	1.42	21.09	1142	492	833	0	0	0	0	0	2467	191.72	7.47	2.83	7.59	10.57	8.40	17.99	1.14	23.23	22.11
5/22/2023 10:15:54 AM	2.22	0.00	0.64	0.96	0.00	0.00	0.00	0.50	3.83	100.00	1.47	21.10	1177	0	289	29	0	0	0	0	1495	192.36	7.53	3.06	6.39	11.04	9.07	17.84	1.14	23.26	22.10
5/22/2023 10:15:56 AM	1.12	0.73	2.26	0.00	0.00	0.00	0.00	0.52	4.12	100.00	1.50	21.09	596	735	1017	0	0	0	0	0	2348	192.06	8.40	2.38	8.04	11.25	9.44	17.55	1.15	23.28	22.14
5/22/2023 10:15:58 AM	1.73	0.49	1.84	0.37	0.00	0.00	0.00	0.44	4.43	100.00	1.53	21.08	919	487	828	11	0	0	0	0	2246	191.71	8.49	2.95	7.94	11.12	9.66	18.61	1.15	23.29	22.13
5/22/2023 10:16:01 AM	1.55	0.34	1.76	0.43	0.00	0.00	0.00	0.42	4.08	100.00	1.57	21.05	820	337	793	13	0	0	0	0	1963	191.60	8.23	2.57	7.06	10.51	9.19	17.74	1.15	23.31	22.14
5/22/2023 10:16:03 AM	1.51	0.67	2.01	0.00	0.00	0.00	0.00	0.43	4.19	100.00	1.61	20.94	802	665	903	0	0	0	0	0	2371	192.50	7.76	2.04	7.63	10.46	9.31	17.00	1.16	23.34	22.15
5/22/2023 10:16:06 AM	1.92	0.42	1.26	0.44	0.00	0.00	0.00	0.47	4.05	100.00	1.64	20.84	1019	423	566	13	0	0	0	0	2021	192.54	7.44	2.99	7.49	10.71	9.12	17.15	1.16	23.36	22.19
5/22/2023 10:16:08 AM	1.33	0.47	1.95	0.26	0.00	0.00	0.00	0.47	4.01	100.00	1.69	20.84	707	467	876	8	0	0	0	0	2058	192.52	8.25	2.58	7.31	10.82	9.08	17.56	1.17	23.37	22.19
5/22/2023 10:16:10 AM	2.10	0.60	1.95	0.00	0.00	0.00	0.00	0.38	4.65	100.00	1.72	20.79	1114	599	876	0	0	0	0	0	2589	193.02	7.76	2.29	7.87	10.63	9.25	18.19	1.17	23.40	22.20
5/22/2023 10:16:13 AM	2.39	0.14	0.80	0.85	0.00	0.00	0.00	0.41	4.18	100.00	1.75	20.67	1266	135	359	26	0	0	0	0	1786	192.50	7.53	3.11	7.05	10.51	9.42	17.88	1.17	23.40	22.20
5/22/2023 10:16:15 AM	1.30	0.62	2.07	0.15	0.00	0.00	0.00	0.51	4.14	100.00	1.79	20.65	690	616	932	5	0	0	0	0	2243	192.86	8.42	2.56	7.82	11.33	9.46	17.91	1.18	23.43	22.21
5/22/2023 10:16:18 AM	1.83	0.45	1.73	0.37	0.00	0.00	0.00	0.52	4.38	100.00	1.83	20.65	968	452	777	11	0	0	0	0	2209	192.61	8.49	2.46	7.61	11.83	9.82	19.05	1.18	23.44	22.21
5/22/2023 10:16:20 AM	1.58	0.30	1.49	0.55	0.00	0.00	0.00	0.52	3.91	100.00	1.87	20.66	835	298	668	17	0	0	0	0	1818	192.20	8.18	2.85	7.06	11.26	9.17	17.92	1.18	23.47	22.21
5/22/2023 10:16:22 AM	1.55	0.46	1.52	0.47	0.00	0.00	0.00	0.53	4.01	100.00	1.91	20.72	824	464	683	14	0	0	0	0	1985	192.33	8.15	2.78	7.58	11.33	9.63	17.74	1.19	23.48	22.26
5/22/2023 10:16:25 AM	1.71	0.61	1.92	0.20	0.00	0.00	0.00	0.52	4.43	100.00	1.95	20.79	904	613	862	6	0	0	0	0	2385	192.14	8.45	2.79	8.17	11.81	9.71	18.79	1.19	23.50	22.25
5/22/2023 10:16:27 AM	1.90	0.65	1.82	0.25	0.00	0.00	0.00	0.52	4.63	100.00	2.00	20.66	1010	653	818	8	0	0	0	0	2488	192.23	8.51	3.02	8.59	12.03	10.07	19.23	1.20	23.51	22.29
5/22/2023 10:16:29 AM	1.69	0.63	2.02	0.23	0.00	0.00	0.00	0.48	4.57	100.00	2.04	20.37	896	635	907	7	0	0	0	0	2445	191.84	8.69	2.88	8.41	11.64	9.99	19.02	1.20	23.53	22.29
5/22/2023 10:16:32 AM	1.83	0.45	1.36	0.60	0.00	0.00	0.00	0.50	4.24	100.00	2.09	20.23	969	447	612	18	0	0	0	0	2047	192.22	8.25	3.17	7.98	11.42	9.97	18.30	1.20	23.54	22.25
5/22/2023 10:16:34 AM	2.48	0.31	1.11	0.68	0.00	0.00	0.00	0.51	4.58	100.00	2.12	20.21	1314	310	498	20	0	0	0	0	2143	191.99	8.22	2.86	7.73	12.05	10.16	19.67	1.21	23.56	22.28
5/22/2023 10:16:37 AM	1.92	0.33	1.47	0.62	0.00	0.00	0.00	0.49	4.35	100.00	2.16	20.20	1020	329	662	19	0	0	0	0	2030	191.92	8.52	2.99	7.61	11.59	9.84	19.06	1.21	23.57	22.30
5/22/2023 10:16:39 AM	1.29	0.51	1.76	0.37	0.00	0.00	0.00	0.57	3.92	100.00	2.23	20.18	683	509	790	11	0	0	0	0	1993	192.46	8.36	3.15	7.74	11.65	9.24	17.84	1.22	23.59	22.34
5/22/2023 10:16:41 AM	1.22	0.93	1.90	0.00	0.00	0.00	0.00	0.62	4.04	100.00	2.23	20.10	644	929	853	0	0	0	0	0	2426	192.04	8.00	2.58	8.69	11.95	9.96	17.12	1.22	23.60	22.34
5/22/2023 10:16:44 AM	1.42	0.58	1.59	0.44	0.00	0.00	0.00	0.58	4.03	100.00	2.22	20.08	751	579	718	13	0	0	0	0	2061	192.50	8.40	2.68	7.94	11.87	10.11	17.98	1.22	23.60	22.35
5/22/2023 10:16:46 AM	1.59	0.64	1.34	0.31	0.00	0.00	0.00	0.63	3.88	100.00	2.26	20.16	842	639	605	9	0	0	0	0	2095	192.21	7.65	2.67	7.88	11.97	9.63	17.24	1.22	23.62	22.33
5/22/2023 10:16:48 AM	1.50	0.59	1.18	0.49	0.00	0.00	0.00	0.59	3.76	100.00	2.29	20.20	794	588	529	15	0	0	0	0	1927	191.98	7.62	3.00	7.91	11.42	9.75	16.68	1.22	23.63	22.34
5/22/2023 10:16:51 AM	1.11	0.58	1.74	0.32	0.00	0.00	0.00	0.62	3.75	100.00	2.35	20.21	590	577	784	10	0	0	0	0	1961	192.77	8.27	2.95	7.72	11.87	9.31	17.42	1.23	23.65	22.33
5/22/2023 10:16:53 AM	0.80	0.87	1.72	0.07	0.00	0.00	0.00	0.67	3.46	100.00	2.38	20.17	426	870	772	2	0	0	0	0	2070	192.47	7.64	2.16	7.93	11.64	9.68	15.69	1.23	23.67	22.36
5/22/2023 10:16:56 AM	1.45	0.54	1.15	0.47	0.00	0.00	0.00	0.62	3.61	100.00	2.41	19.95	766	540	519	14	0	0	0	0	1839	192.26	7.52	2.85	7.57	11.56	9.46	16.56	1.24	23.67	22.39
5/22/2023 10:16:58 AM	0.67	0.70	1.72	0.05	0.00	0.00	0.00	0.64	3.15	100.00	2.45	19.51	358	700	775	2	0	0	0	0	1834	192.19	7.29	2.40	7.18	11.07	8.52	14.99	1.24	23.69	22.41
5/22/2023 10:17:00 AM	0.87	0.86	1.39	0.16	0.00	0.00	0.00	0.66	3.28	100.00	2.52	19.28	464	864	624	5	0	0	0	0	1957	191.99	7.11	2.62	8.02	11.23	9.42	14.78	1.25	23.71	22.41
5/22/2023 10:17:03 AM	0.60	0.70	1.01	0.39	0.00	0.00	0.00	0.72	2.70	100.00	2.59	18.89	320	698	453	12	0	0	0	0	1483	191.60	6.82	2.47	7.18	11.12	9.14	13.72	1.25	23.71	22.41
5/22/2023 10:17:05 AM	0.79	0.51	0.66	0.60	0.00	0.00	0.00	0.71	2.56	100.00	2.65	18.63	418	509	296	18	0	0	0	0	1242	192.42	6.60	2.21	6.52	10.95	9.09	13.59	1.26	23.72	22.43
5/22/2023 10:17:08 AM	0.61	0.45	0.90	0.45	0.00	0.00	0.00	0.74	2.40	100.00	2.71	18.58	323	451	403	13	0	0	0	0	1191	192.44	6.56	2.40	6.15	11.02	8.13	13.54	1.27	23.72	22.43
5/22/2023 10:17:10 AM	0.65	0.44	0.81	0.53	0.00	0.00	0.00	0.78	2.43	100.00	2.78	18.18	344	440	366	16	0	0	0	0	1167	192.06	6.76	2.08	6.10	11.48	8.61	13.98	1.27	23.73	22.45
5/22/2023 10:17:12 AM	0.38	0.58	1.06	0.43	0.00	0.00	0.00	0.77	2.46	100.00	2.82	17.88	203	584	476	13	0	0	0	0	1276	192.14	6.97	2.65	6.75	11.42	8.59	13.79	1.28	23.74	22.44
5/22/2023 10:17:15 AM	1.01	0.58	1.08	0.18	0.00	0.00	0.00	0.74	2.85	100.00	2.89	17.62	534	580	487	5	0	0	0	0	1606	192.24	6.51	2.36	6.66	11.54	8.13	14.52	1.28	23.74	22.45
5/22/2023 10:17:17 AM	0.30	0.72	1.31	0.10	0.00	0.00	0.00	0.85	2.42	100.00	2.94	17.46	158	718	588	3	0	0	0	0	1467	192.16	6.81	2.04	6.64	12.04	8.32	13.84	1.29	23.75	22.49
5/22/2023 10:17:19 AM	0.29	0.43	1.09	0.49	0.00	0.00	0.00	0.78	2.30	100.00	3.01	17.47	156	432	489	15	0	0	0	0	1092	193.12	7.09	2.35	6.06	11.46	8.28	13.95	1.29	23.76	22.46
5/22/2023 10:17:22 AM	0.57	0.46	0.58	0.65	0.00	0.00	0.00	0.77	2.25	100.00	3.06	17.07	300	458	261	19	0	0	0	0	1038	192.33	6.53	2.26	6.20	11.15	8.77	13.19	1.30	23.75	22.49
5/22/2023 10:17:24 AM	0.00	0.60	1.55	0.29	0.00	0.00	0.00	0.82	2.44	100.00	3.12	16.73	0	603	696	9	0	0	0	0	1308	192.42	7.66	2.38	6.59	12.00	8.48	14.48	1.31	23.76	22.46
5/22/2023 10:17:27 AM	0.00	0.63	1.48	0.24	0.00	0.00	0.00	0.77	2.35	100.00	3.17	16.81	0	628	667	7	0	0	0	0	1302	193.00	7.48	2.23	6.51	11.37	8.24	13.45	1.31	23.75	22.50
5/22/2023 10:17:29 AM	0.09	0.71	1.50	0.10	0.00	0.00	0.00	0.82	2.41	100.00	3.21	16.83	49	714	677	3	0	0	0	0	1443	192.73	7.06	2.26	6.70	11.81	8.21	13.81	1.31	23.76	22.51
5/22/2023 10:17:31 AM	0.54	0.57	1.09	0.32	0.00	0.00	0.00	0.77	2.51	100.00	3.24	16.74	287	568	488	10	0	0	0	0	1354	192.49	6.75	2.28	6.47	11.42	8.36	13.87	1.32	23.76	22.52
5/22/2023 10:17:34 AM	0.58	0.75	1.51	0.03	0.00	0.00	0.00	0.80	2.87	100.00	3.30	16.49	308	751	681	1	0	0	0	0	1741	192.41	7.14	1.97	6.99	12.14	8.67	14.91	1.32	23.76	22.55
5/22/2023 10:17:36 AM	0.30	0.65	1.87	0.28	0.00	0.00	0.00	0.85	3.11	100.00	3.35	16.32	161	654	841	9	0	0	0	0	1665	192.44	8.69	2.45	7.33	13.30	9.41	17.12	1.33	23.76	22.54
5/22/2023 10:17:38 AM	0.39	0.78	2.41	0.00	0.00	0.00	0.00	0.77	3.58	100.00	3.40	16.27	206	779	1085	0	0	0	0	0	2071	192.50	9.05	2.55	8.00	13.18	9.20	17.97	1.33	23.76	22.54
5/22/2023 10:17:41 AM	0.58	0.56	1.69	0.41	0.00	0.00	0.00	0.82	3.23	100.00	3.45	16.47	307	556	761	12	0	0	0	0	1635	192.12	8.66	2.50	7.22	13.23	9.51	17.50	1.34	23.77	22.54
5/22/2023 10:17:43 AM	0.00	0.75	2.44	0.25	0.00	0.00	0.00	0.90	3.44	100.00	3.48	16.75	0	754	1097	7	0	0	0	0	1858	192.59	10.19	2.40	7.95	14.40	10.20	18.82	1.34	23.76	22.59
5/22/2023 10:17:46 AM	0.00	0.98	2.80	0.12	0.00	0.00	0.00	0.91	3.90	100.00	3.53	16.76	0	980	1259	4	0	0	0	0	2242	192.14	10.73	3.53	9.40	15.12	10.53	20.09	1.35	23.76	22.57
5/22/2023 10:17:48 AM	0.15	0.59	2.37	0.57	0.00	0.00	0.00	0.88	3.67	100.00	3.59	16.50	80	586	1065	17	0	0	0	0	1748	192.68	10.70	3.07	8.11	14.67	10.64	20.29	1.35	23.75	22.54
5/22/2023 10:17:50 AM	0.00	0.73	2.72	0.32	0.00	0.00	0.00	0.90	3.76	100.00	3.66	16.36	0	725	1223	10	0	0	0	0	1957	192.15	10.97	2.92	8.39	14.95	10.49	20.37	1.36	23.76	22.56
5/22/2023 10:17:53 AM	0.18	0.69	2.52	0.57	0.00	0.00	0.00	0.90	3.96	100.00	3.71	16.26	94	691	1135	17	0	0	0	0	1937	192.02	11.24	3.28	8.79	15.29	11.28	21.28	1.36	23.75	22.56
5/22/2023 10:17:55 AM	0.14	0.77	2.61	0.50	0.00	0.00	0.00	0.96	4.02	100.00	3.77	15.88	73	773	1173	15	0	0	0	0	2035	192.28	11.40	3.43	9.12	15.95	11.35	21.72	1.37	23.75	22.57
5/22/2023 10:17:57 AM	1.32	0.95	3.53	0.37	0.00	0.00	0.00	0.89	6.17	100.00	3.81	15.40	701	946	1591	11	0	0	0	0	3249	191.72	13.88	4.14	11.56	18.43	13.43	28.56	1.37	23.74	22.57
5/22/2023 10:18:00 AM	1.36	1.22	5.16	0.00	0.00	0.00	0.00	0.99	7.73	100.00	3.88	15.13	718	1215	2323	0	0	0	0	0	4257	192.30	17.13	4.36	13.56	21.83	15.08	35.09	1.38	23.74	22.56
5/22/2023 10:18:02 AM	1.75	1.23	6.39	0.00	0.00	0.00	0.00	0.96	9.37	100.00	3.95	15.10	928	1228	2876	0	0	0	0	0	5032	191.35	20.30	4.54	15.34	24.19	16.68	41.53	1.39	23.72	22.57
5/22/2023 10:18:05 AM	1.84	1.60	8.49	0.00	0.00	0.00	0.00	1.19	11.93	100.00	4.02	15.19	977	1600	3821	0	0	0	0	0	6398	191.35	26.37	5.62	19.62	30.64	20.48	53.10	1.39	23.73	22.57
5/22/2023 10:18:07 AM	1.56	1.59	8.19	0.00	0.00	0.00	0.00	1.10	11.35	100.00	4.08	15.21	829	1593	3687	0	0	0	0	0	6109	191.18	25.20	5.66	19.03	28.74	19.77	50.11	1.40	23.71	22.59
5/22/2023 10:18:09 AM	1.10	1.32	7.55	0.00	0.00	0.00	0.00	1.09	9.97	100.00	4.13	15.32	583	1324	3396	0	0	0	0	0	5303	190.90	23.10	5.04	16.50	26.64	17.82	45.59	1.40	23.71	22.60
5/22/2023 10:18:12 AM	2.81	1.56	9.67	0.00	0.00	0.00	0.00	1.03	14.03	100.00	4.19	15.09	1488	1560	4349	0	0	0	0	0	7397	191.11	29.32	5.95	21.63	32.27	22.05	60.00	1.41	23.69	22.56
5/22/2023 10:18:14 AM	3.25	2.06	13.42	0.00	0.00	0.00	0.00	1.23	18.73	100.00	4.27	14.73	1724	2056	6039	0	0	0	0	0	9819	190.50	39.64	8.17	29.16	41.88	27.62	79.81	1.42	23.68	22.60
5/22/2023 10:18:17 AM	1.70	1.69	15.60	0.00	0.00	0.00	0.00	1.11	18.99	100.00	4.35	14.71	900	1694	7019	0	0	0	0	0	9613	190.51	43.21	8.16	26.75	41.87	28.84	83.35	1.43	23.67	22.59
5/22/2023 10:18:19 AM	3.28	2.00	16.47	0.00	0.00	0.00	0.00	1.26	21.75	100.00	4.40	14.44	1739	2001	7410	0	0	0	0	0	11149	190.29	46.92	9.54	31.40	47.39	31.38	93.54	1.43	23.65	22.59
5/22/2023 10:18:21 AM	1.74	2.66	32.78	0.00	0.00	0.00	0.00	1.44	37.18	100.00	4.46	14.71	925	2657	14752	0	0	0	0	0	18334	187.78	86.44	15.53	51.39	75.63	49.05	162.21	1.44	23.64	22.57
5/22/2023 10:18:24 AM	2.24	1.99	25.74	0.00	0.00	0.00	0.00	1.21	29.98	100.00	4.52	15.12	1189	1989	11585	0	0	0	0	0	14764	187.72	68.62	11.84	40.61	61.32	39.91	130.69	1.44	23.62	22.61
5/22/2023 10:18:26 AM	2.03	1.66	28.70	0.00	0.00	0.00	0.00	1.00	32.39	100.00	4.57	15.02	1077	1656	12917	0	0	0	0	0	15649	187.50	74.65	12.65	40.46	63.71	42.86	141.30	1.45	23.61	22.61
5/22/2023 10:18:28 AM	2.58	1.39	30.96	0.00	0.00	0.00	0.00	0.92	34.93	100.00	4.65	14.74	1368	1388	13933	0	0	0	0	0	16689	187.13	80.03	12.75	41.86	67.37	44.82	152.31	1.46	23.60	22.57
5/22/2023 10:18:31 AM	1.36	1.37	24.64	0.00	0.00	0.00	0.00	0.91	27.37	100.00	4.71	14.12	720	1373	11089	0	0	0	0	0	13183	188.12	64.00	10.61	34.20	54.58	36.91	120.38	1.46	23.59	22.62
5/22/2023 10:18:33 AM	2.18	1.44	20.86	0.00	0.00	0.00	0.00	0.97	24.48	100.00	4.76	13.94	1157	1437	9385	0	0	0	0	0	11980	188.49	55.58	9.64	31.35	49.92	33.76	106.84	1.47	23.56	22.62
5/22/2023 10:18:36 AM	2.51	1.27	20.78	0.00	0.00	0.00	0.00	0.86	24.57	100.00	4.83	14.08	1331	1274	9351	0	0	0	0	0	11957	189.10	55.23	9.36	31.13	49.07	32.85	106.66	1.47	23.56	22.62
5/22/2023 10:18:38 AM	0.95	1.36	16.16	0.00	0.00	0.00	0.00	0.93	18.47	100.00	4.89	14.08	501	1357	7274	0	0	0	0	0	9132	189.20	43.35	7.95	25.15	39.60	27.20	81.81	1.48	23.53	22.60
5/22/2023 10:18:40 AM	1.59	1.50	14.62	0.00	0.00	0.00	0.00	0.94	17.71	100.00	4.95	14.30	842	1501	6580	0	0	0	0	0	8923	189.66	40.20	7.91	25.28	38.13	26.10	77.23	1.48	23.52	22.60
5/22/2023 10:18:43 AM	1.00	1.25	13.50	0.00	0.00	0.00	0.00	0.85	15.75	100.00	5.02	14.39	528	1250	6075	0	0	0	0	0	7853	189.41	36.66	6.87	21.66	34.20	24.16	69.57	1.49	23.50	22.64
5/22/2023 10:18:45 AM	1.94	1.40	12.95	0.00	0.00	0.00	0.00	0.82	16.30	100.00	5.07	14.48	1031	1403	5828	0	0	0	0	0	8262	189.45	36.00	6.98	23.27	34.42	24.26	69.98	1.50	23.48	22.57
5/22/2023 10:18:47 AM	1.67	1.33	15.77	0.00	0.00	0.00	0.00	0.93	18.76	100.00	5.14	14.60	883	1326	7096	0	0	0	0	0	9305	188.93	42.80	7.81	25.05	39.93	27.44	82.38	1.50	23.47	22.60
5/22/2023 10:18:50 AM	1.50	1.03	10.39	0.00	0.00	0.00	0.00	0.77	12.92	100.00	5.20	14.20	797	1026	4674	0	0	0	0	0	6497	189.16	29.11	5.46	17.87	28.65	20.25	56.80	1.51	23.44	22.59
5/22/2023 10:18:52 AM	1.41	1.14	8.85	0.00	0.00	0.00	0.00	0.77	11.40	100.00	5.27	13.79	749	1141	3982	0	0	0	0	0	5872	189.80	25.41	5.51	16.92	25.95	18.71	49.75	1.52	23.42	22.59
5/22/2023 10:18:55 AM	1.08	1.24	8.17	0.00	0.00	0.00	0.00	0.80	10.49	100.00	5.33	13.47	571	1237	3679	0	0	0	0	0	5487	189.43	23.75	5.29	16.49	24.67	18.01	45.95	1.52	23.40	22.61
5/22/2023 10:18:57 AM	1.17	1.22	7.97	0.00	0.00	0.00	0.00	0.76	10.36	100.00	5.38	13.51	622	1217	3588	0	0	0	0	0	5426	189.69	23.16	5.27	16.04	23.98	17.97	45.01	1.53	23.39	22.61
5/22/2023 10:18:59 AM	1.38	1.17	8.16	0.00	0.00	0.00	0.00	0.76	10.71	100.00	5.45	13.49	733	1167	3671	0	0	0	0	0	5570	189.53	23.73	5.03	16.26	24.58	18.10	46.49	1.53	23.35	22.56
5/22/2023 10:19:02 AM	1.20	1.59	8.60	0.00	0.00	0.00	0.00	0.91	11.39	100.00	5.50	13.31	637	1592	3868	0	0	0	0	0	6097	189.59	25.38	6.19	18.79	26.94	19.95	49.19	1.54	23.33	22.60
5/22/2023 10:19:04 AM	1.35	1.63	8.23	0.00	0.00	0.00	0.00	0.88	11.21	100.00	5.55	13.26	715	1633	3703	0	0	0	0	0	6051	189.12	24.55	5.92	18.47	26.27	20.12	47.84	1.54	23.31	22.59
5/22/2023 10:19:07 AM	1.98	1.72	7.34	0.27	0.00	0.00	0.00	0.83	11.31	100.00	5.62	13.30	1050	1718	3303	8	0	0	0	0	6078	189.31	23.55	6.33	19.11	25.70	21.01	46.78	1.55	23.28	22.59
5/22/2023 10:19:09 AM	2.24	1.78	6.86	0.67	0.00	0.00	0.00	0.80	11.54	100.00	5.67	13.43	1185	1779	3085	20	0	0	0	0	6069	188.91	23.78	6.77	20.03	25.68	22.53	47.02	1.56	23.26	22.52
5/22/2023 10:19:11 AM	2.05	1.76	6.76	0.83	0.00	0.00	0.00	0.79	11.41	100.00	5.71	13.48	1086	1762	3044	25	0	0	0	0	5917	189.07	23.90	7.00	20.11	25.37	22.77	46.60	1.56	23.24	22.59
5/22/2023 10:19:14 AM	1.85	1.39	6.25	1.32	0.00	0.00	0.00	0.83	10.81	100.00	5.76	13.44	982	1387	2813	40	0	0	0	0	5222	189.33	23.89	6.92	18.83	25.16	22.53	46.03	1.56	23.21	22.55
5/22/2023 10:19:16 AM	1.73	1.36	5.96	1.33	0.00	0.00	0.00	0.80	10.38	100.00	5.82	13.35	918	1363	2682	40	0	0	0	0	5003	189.27	23.04	6.89	18.39	24.19	21.94	44.15	1.57	23.20	22.52
5/22/2023 10:19:18 AM	2.05	1.57	5.97	1.12	0.00	0.00	0.00	0.74	10.71	100.00	5.88	13.16	1086	1569	2686	34	0	0	0	0	5374	188.87	22.61	6.92	19.11	23.86	22.18	43.91	1.58	23.16	22.55
5/22/2023 10:19:21 AM	1.77	1.47	5.03	1.53	0.00	0.00	0.00	0.75	9.80	100.00	5.94	12.88	937	1472	2263	46	0	0	0	0	4718	189.49	21.41	6.93	18.44	22.55	22.14	40.67	1.58	23.13	22.55
5/22/2023 10:19:23 AM	1.93	1.38	5.29	1.50	0.00	0.00	0.00	0.75	10.10	100.00	6.01	12.87	1021	1380	2383	45	0	0	0	0	4828	189.13	22.00	6.64	18.24	23.13	22.24	42.21	1.59	23.12	22.54
5/22/2023 10:19:26 AM	2.40	1.49	5.57	1.42	0.00	0.00	0.00	0.77	10.88	100.00	6.08	12.49	1270	1489	2506	43	0	0	0	0	5307	189.13	22.82	7.08	19.33	24.46	22.95	44.81	1.60	23.09	22.51
5/22/2023 10:19:28 AM	2.05	1.53	4.62	1.57	0.00	0.00	0.00	0.72	9.78	100.00	6.14	11.86	1089	1527	2081	47	0	0	0	0	4744	189.35	20.72	7.05	18.67	22.16	22.24	39.83	1.60	23.06	22.50
5/22/2023 10:19:30 AM	1.86	1.48	4.76	1.67	0.00	0.00	0.00	0.78	9.77	100.00	6.19	11.59	987	1481	2141	50	0	0	0	0	4659	189.44	21.36	7.06	18.64	22.79	22.54	40.66	1.61	23.02	22.48
5/22/2023 10:19:33 AM	2.07	1.50	4.61	1.54	0.00	0.00	0.00	0.74	9.72	100.00	6.23	11.89	1098	1497	2077	46	0	0	0	0	4718	189.20	20.61	6.86	18.42	22.20	22.06	39.78	1.61	23.00	22.49
5/22/2023 10:19:35 AM	2.04	1.47	4.61	1.63	0.00	0.00	0.00	0.74	9.75	100.00	6.28	12.32	1083	1465	2074	49	0	0	0	0	4671	189.43	20.86	6.92	18.46	22.29	22.29	40.07	1.61	22.96	22.48
5/22/2023 10:19:37 AM	1.69	1.76	4.93	1.63	0.00	0.00	0.00	0.75	10.02	100.00	6.32	12.43	898	1759	2220	49	0	0	0	0	4926	186.53	21.69	7.35	19.84	22.70	23.53	40.57	1.62	22.94	22.46
5/22/2023 10:19:40 AM	1.99	1.63	4.85	2.56	0.00	0.00	0.00	0.67	11.02	100.00	6.37	12.67	1054	1628	2182	77	0	0	0	0	4941	189.09	24.25	8.53	21.54	23.66	26.74	44.52	1.62	22.90	22.48
5/22/2023 10:19:42 AM	4.21	2.37	5.56	6.18	0.00	0.00	0.00	0.54	18.32	100.00	6.44	12.55	2232	2370	2503	185	0	0	0	0	7290	188.45	38.87	15.68	36.14	33.66	46.27	69.94	1.63	22.88	22.49
5/22/2023 10:19:45 AM	5.00	3.89	7.81	9.94	0.00	0.00	0.00	0.49	26.64	100.00	6.48	11.74	2652	3887	3514	298	0	0	0	0	10351	186.53	57.58	24.95	55.25	45.95	69.74	99.09	1.63	22.85	22.45
5/22/2023 10:19:47 AM	4.28	3.85	8.08	10.25	0.00	0.00	0.00	0.58	26.45	100.00	6.53	11.36	2266	3852	3634	308	0	0	0	0	10059	186.27	58.98	25.15	55.41	46.81	70.68	99.99	1.64	22.81	22.41
5/22/2023 10:19:49 AM	3.73	3.99	8.52	9.11	0.00	0.00	0.00	0.61	25.36	100.00	6.59	11.36	1978	3992	3834	273	0	0	0	0	10077	185.44	56.36	23.42	53.25	45.21	67.04	95.49	1.65	22.79	22.48
5/22/2023 10:19:52 AM	5.09	5.50	9.35	11.41	0.00	0.00	0.00	0.52	31.35	100.00	6.65	11.02	2696	5499	4209	342	0	0	0	0	12747	185.16	67.29	30.10	67.92	52.85	83.57	113.42	1.65	22.76	22.40
5/22/2023 10:19:54 AM	4.92	4.44	7.97	13.00	0.00	0.00	0.00	0.50	30.32	100.00	6.67	10.39	2607	4438	3585	390	0	0	0	0	11020	184.88	67.97	29.93	64.99	52.00	84.15	113.22	1.65	22.73	22.43
5/22/2023 10:19:57 AM	4.21	4.87	8.03	13.64	0.00	0.00	0.00	0.53	30.76	100.00	6.71	10.42	2231	4873	3613	409	0	0	0	0	11127	183.84	70.17	30.92	67.84	52.82	88.17	114.42	1.66	22.68	22.43
5/22/2023 10:19:59 AM	4.56	5.15	7.32	14.44	0.00	0.00	0.00	0.47	31.47	100.00	6.77	10.92	2419	5150	3292	433	0	0	0	0	11295	183.52	71.22	32.14	70.53	53.06	91.88	115.50	1.66	22.65	22.36
5/22/2023 10:20:01 AM	5.84	6.02	6.92	14.48	0.00	0.00	0.00	0.51	33.27	100.00	6.86	10.51	3096	6023	3116	434	0	0	0	0	12669	183.38	71.98	33.27	75.34	55.36	96.27	118.68	1.67	22.61	22.41
5/22/2023 10:20:04 AM	5.35	6.45	7.28	14.54	0.00	0.00	0.00	0.52	33.61	100.00	6.90	9.90	2834	6447	3275	436	0	0	0	0	12992	183.15	73.09	33.63	77.25	55.77	98.36	119.11	1.68	22.58	22.39
5/22/2023 10:20:06 AM	6.16	7.45	8.43	13.52	0.00	0.00	0.00	0.50	35.57	100.00	6.96	9.98	3266	7450	3796	406	0	0	0	0	14917	182.80	73.83	35.62	81.98	57.79	99.42	122.59	1.68	22.53	22.35
5/22/2023 10:20:08 AM	5.85	6.68	7.37	14.12	0.00	0.00	0.00	0.53	34.02	100.00	7.02	9.99	3099	6679	3317	424	0	0	0	0	13518	183.08	72.48	33.98	78.08	56.20	97.88	119.45	1.69	22.50	22.38
5/22/2023 10:20:11 AM	4.84	7.64	6.33	11.21	0.00	0.00	0.00	0.69	30.02	100.00	7.05	10.24	2567	7641	2847	336	0	0	0	0	13391	183.29	61.50	29.30	73.43	50.22	89.08	100.42	1.69	22.47	22.36
5/22/2023 10:20:13 AM	5.94	8.24	6.45	10.00	0.00	0.00	0.00	0.59	30.63	100.00	7.10	10.58	3150	8242	2902	300	0	0	0	0	14594	183.49	58.88	28.56	74.40	49.39	87.71	98.64	1.70	22.44	22.34
5/22/2023 10:20:16 AM	5.18	7.75	6.53	10.75	0.00	0.00	0.00	0.67	30.22	100.00	7.16	10.62	2746	7753	2940	323	0	0	0	0	13761	183.35	60.82	29.10	73.44	50.21	88.15	100.35	1.70	22.40	22.34
5/22/2023 10:20:18 AM	6.29	7.53	5.69	10.88	0.00	0.00	0.00	0.62	30.39	100.00	7.20	10.40	3334	7532	2560	326	0	0	0	0	13752	183.46	59.54	28.61	72.69	49.88	87.83	100.26	1.71	22.36	22.33
5/22/2023 10:20:20 AM	6.25	7.78	5.10	8.74	0.00	0.00	0.00	0.65	27.87	100.00	7.27	9.73	3311	7784	2297	262	0	0	0	0	13654	184.06	51.70	25.04	68.01	45.49	80.11	88.43	1.71	22.32	22.34
5/22/2023 10:20:23 AM	5.06	7.52	4.02	6.38	0.00	0.00	0.00	0.84	22.98	100.00	7.30	9.24	2682	7517	1811	191	0	0	0	0	12201	184.32	41.31	20.17	59.02	39.51	68.03	70.88	1.72	22.28	22.28
5/22/2023 10:20:25 AM	4.28	7.65	4.21	6.06	0.00	0.00	0.00	0.95	22.19	100.00	7.36	9.13	2267	7649	1893	182	0	0	0	0	11991	184.44	40.64	20.68	58.78	39.40	66.45	68.71	1.72	22.25	22.29
5/22/2023 10:20:27 AM	4.70	7.08	3.03	6.89	0.00	0.00	0.00	1.00	21.70	100.00	7.39	9.26	2490	7079	1364	207	0	0	0	0	11140	185.02	40.39	20.28	57.11	39.54	66.81	68.77	1.72	22.21	22.23
5/22/2023 10:20:30 AM	4.26	7.94	4.92	4.56	0.00	0.00	0.00	0.91	21.67	100.00	7.44	9.64	2257	7941	2212	137	0	0	0	0	12547	184.74	37.75	19.25	57.32	37.85	62.40	65.00	1.73	22.17	22.26
5/22/2023 10:20:32 AM	5.12	6.66	2.42	5.86	0.00	0.00	0.00	1.08	20.06	100.00	7.49	10.10	2716	6658	1091	176	0	0	0	0	10640	184.84	35.81	18.18	52.55	37.82	60.75	63.43	1.73	22.12	22.25
5/22/2023 10:20:35 AM	4.53	7.67	4.08	4.36	0.00	0.00	0.00	1.05	20.64	100.00	7.55	10.37	2401	7673	1835	131	0	0	0	0	12039	185.60	35.42	18.18	54.99	37.61	60.05	62.28	1.74	22.08	22.26
5/22/2023 10:20:37 AM	4.53	7.10	3.75	3.99	0.00	0.00	0.00	1.06	19.38	100.00	7.63	10.20	2403	7098	1687	120	0	0	0	0	11308	185.34	33.08	16.86	51.19	36.17	55.93	59.20	1.75	22.05	22.19
5/22/2023 10:20:39 AM	3.35	5.17	2.71	2.20	0.00	0.00	0.00	1.16	13.42	100.00	7.68	9.78	1774	5167	1218	66	0	0	0	0	8224	183.70	22.98	11.10	35.97	29.09	39.15	43.06	1.75	22.00	22.23
5/22/2023 10:20:42 AM	2.76	4.84	3.09	0.90	0.00	0.00	0.00	1.13	11.58	100.00	7.72	9.69	1460	4838	1393	27	0	0	0	0	7717	183.49	19.09	9.15	31.38	25.99	32.45	36.73	1.76	21.96	22.20
5/22/2023 10:20:44 AM	3.19	4.34	2.02	2.12	0.00	0.00	0.00	1.22	11.68	100.00	7.78	9.93	1693	4345	910	63	0	0	0	0	7011	183.66	20.47	9.80	31.25	27.50	34.60	39.36	1.76	21.93	22.13
5/22/2023 10:20:47 AM	3.12	4.13	2.06	1.85	0.00	0.00	0.00	1.21	11.16	100.00	7.86	10.12	1656	4130	925	55	0	0	0	0	6767	183.78	19.47	9.23	29.63	26.72	32.61	37.95	1.77	21.89	22.09
5/22/2023 10:20:49 AM	2.46	3.51	1.54	1.12	0.00	0.00	0.00	1.21	8.63	100.00	7.91	9.67	1305	3512	692	34	0	0	0	0	5543	184.17	15.05	7.21	24.04	23.14	26.08	30.14	1.78	21.85	22.14
5/22/2023 10:20:51 AM	2.27	3.38	1.53	0.18	0.00	0.00	0.00	1.18	7.35	100.00	7.97	9.32	1201	3378	690	5	0	0	0	0	5274	184.09	11.77	5.52	20.96	20.77	21.69	25.03	1.78	21.80	22.09
5/22/2023 10:20:54 AM	2.48	3.12	1.08	1.07	0.00	0.00	0.00	1.21	7.75	100.00	8.06	9.36	1315	3122	484	32	0	0	0	0	4953	184.00	13.48	6.32	21.61	21.99	23.87	27.79	1.79	21.75	22.06
5/22/2023 10:20:56 AM	2.14	3.02	1.17	0.44	0.00	0.00	0.00	1.20	6.78	100.00	8.13	9.14	1136	3025	528	13	0	0	0	0	4702	184.47	11.44	5.12	19.43	20.35	20.92	24.23	1.80	21.71	22.11
5/22/2023 10:20:58 AM	2.15	3.00	1.00	0.18	0.00	0.00	0.00	1.19	6.33	100.00	8.20	8.81	1141	2998	450	5	0	0	0	0	4593	184.91	10.15	4.76	18.57	19.48	19.53	22.26	1.80	21.68	22.06
5/22/2023 10:21:01 AM	2.23	2.60	0.74	0.32	0.00	0.00	0.00	1.19	5.89	100.00	8.24	8.67	1183	2599	334	10	0	0	0	0	4125	185.58	9.70	4.43	16.89	19.09	18.24	21.86	1.81	21.63	22.05
5/22/2023 10:21:03 AM	2.07	2.68	0.85	0.19	0.00	0.00	0.00	1.19	5.78	100.00	8.31	8.71	1095	2676	380	6	0	0	0	0	4158	185.74	9.53	4.41	16.94	18.95	18.00	21.32	1.81	21.59	22.04
5/22/2023 10:21:06 AM	1.96	2.67	0.85	0.07	0.00	0.00	0.00	1.21	5.55	100.00	8.41	8.52	1037	2668	384	2	0	0	0	0	4092	186.18	9.13	4.24	16.54	18.77	17.38	20.59	1.82	21.54	22.01
5/22/2023 10:21:08 AM	2.08	2.28	0.43	0.39	0.00	0.00	0.00	1.21	5.18	100.00	8.50	8.42	1102	2284	195	12	0	0	0	0	3593	186.81	8.89	3.96	15.15	18.45	16.79	20.37	1.83	21.51	21.99
5/22/2023 10:21:10 AM	2.00	2.36	0.55	0.25	0.00	0.00	0.00	1.22	5.16	100.00	8.56	8.46	1060	2356	249	7	0	0	0	0	3673	186.70	8.78	3.96	15.25	18.49	16.57	20.17	1.84	21.45	21.98
5/22/2023 10:21:13 AM	1.94	2.57	0.69	0.00	0.00	0.00	0.00	1.22	5.20	100.00	8.64	8.40	1029	2565	310	0	0	0	0	0	3905	186.20	8.45	3.92	15.73	18.31	16.52	19.52	1.85	21.40	21.96
5/22/2023 10:21:15 AM	1.97	2.41	0.50	0.19	0.00	0.00	0.00	1.21	5.06	100.00	8.71	8.34	1042	2408	223	6	0	0	0	0	3679	186.44	8.47	3.84	15.24	18.15	16.51	19.49	1.85	21.35	21.94
5/22/2023 10:21:17 AM	1.98	2.41	0.45	0.27	0.00	0.00	0.00	1.24	5.12	100.00	8.77	8.39	1048	2413	203	8	0	0	0	0	3673	186.11	8.70	4.00	15.45	18.52	16.80	19.90	1.86	21.32	21.93
5/22/2023 10:21:20 AM	1.95	2.57	0.77	0.03	0.00	0.00	0.00	1.19	5.32	100.00	8.85	8.45	1032	2572	349	1	0	0	0	0	3953	185.39	8.67	3.99	15.89	18.24	16.74	19.81	1.87	21.28	21.89
5/22/2023 10:21:22 AM	1.96	2.74	0.74	0.00	0.00	0.00	0.00	1.19	5.44	100.00	8.91	8.50	1037	2745	332	0	0	0	0	0	4113	184.45	8.67	4.06	16.70	18.32	17.21	19.65	1.87	21.24	21.90
5/22/2023 10:21:25 AM	2.21	2.88	0.71	0.00	0.00	0.00	0.00	1.19	5.80	100.00	8.99	8.58	1172	2880	317	0	0	0	0	0	4369	184.02	8.85	4.20	17.63	18.65	17.80	20.31	1.88	21.19	21.88
5/22/2023 10:21:27 AM	1.64	2.93	0.77	0.00	0.00	0.00	0.00	1.18	5.34	100.00	9.07	8.51	872	2926	348	0	0	0	0	0	4146	182.86	8.70	4.12	17.20	17.99	17.84	18.81	1.89	21.14	21.86
5/22/2023 10:21:29 AM	1.79	2.89	0.76	0.00	0.00	0.00	0.00	1.18	5.43	100.00	9.13	8.72	947	2885	341	0	0	0	0	0	4173	182.29	8.70	4.21	17.24	18.09	17.62	19.15	1.89	21.09	21.85
5/22/2023 10:21:32 AM	1.94	2.50	0.19	0.42	0.00	0.00	0.00	1.20	5.04	100.00	9.19	8.94	1027	2497	83	13	0	0	0	0	3620	182.56	8.48	4.07	15.82	17.97	17.43	18.99	1.90	21.05	21.80
5/22/2023 10:21:34 AM	1.72	2.79	0.62	0.00	0.00	0.00	0.00	1.19	5.13	100.00	9.28	8.74	910	2793	279	0	0	0	0	0	3982	181.69	8.30	3.89	16.71	17.75	16.98	18.33	1.91	21.01	21.81
5/22/2023 10:21:37 AM	1.69	2.80	0.82	0.00	0.00	0.00	0.00	1.14	5.32	100.00	9.42	8.42	897	2805	370	0	0	0	0	0	4071	180.35	8.64	4.05	16.81	17.62	17.31	18.80	1.92	20.95	21.78
5/22/2023 10:21:39 AM	1.72	2.96	0.64	0.04	0.00	0.00	0.00	1.17	5.36	100.00	9.50	8.22	912	2965	286	1	0	0	0	0	4164	178.14	8.53	4.21	17.33	17.79	18.14	18.51	1.93	20.91	21.74
5/22/2023 10:21:41 AM	1.63	3.13	0.70	0.00	0.00	0.00	0.00	1.15	5.47	100.00	9.61	8.23	865	3131	316	0	0	0	0	0	4312	177.58	8.60	4.29	18.11	17.61	18.50	18.21	1.94	20.88	21.71
5/22/2023 10:21:44 AM	1.53	3.21	0.71	0.00	0.00	0.00	0.00	1.15	5.44	100.00	9.70	8.18	808	3211	319	0	0	0	0	0	4338	175.38	8.62	4.36	18.30	17.59	18.85	17.97	1.95	20.81	21.73
5/22/2023 10:21:46 AM	1.66	3.25	0.56	0.00	0.00	0.00	0.00	1.15	5.47	100.00	9.79	8.17	880	3252	252	0	0	0	0	0	4383	175.08	8.39	4.38	18.65	17.53	18.74	17.74	1.96	20.78	21.69
5/22/2023 10:21:48 AM	1.60	3.44	0.71	0.00	0.00	0.00	0.00	1.12	5.75	100.00	9.94	8.15	847	3442	319	0	0	0	0	0	4608	173.05	8.76	4.58	19.37	17.52	19.87	18.01	1.97	20.73	21.69
5/22/2023 10:21:51 AM	1.40	3.39	0.68	0.14	0.00	0.00	0.00	1.13	5.62	100.00	10.05	8.23	741	3392	308	4	0	0	0	0	4445	170.82	9.02	4.78	19.28	17.52	20.05	17.97	1.98	20.68	21.68
5/22/2023 10:21:53 AM	1.42	3.80	0.72	0.00	0.00	0.00	0.00	1.12	5.94	100.00	10.14	8.22	753	3803	324	0	0	0	0	0	4880	166.30	9.01	4.81	21.26	17.53	20.83	17.58	1.99	20.65	21.64
5/22/2023 10:21:56 AM	1.40	3.64	0.70	0.00	0.00	0.00	0.00	1.10	5.74	100.00	10.27	8.19	740	3637	317	0	0	0	0	0	4694	162.14	8.76	4.72	20.17	17.21	20.40	17.28	2.01	20.60	21.59
5/22/2023 10:21:58 AM	1.43	3.82	0.74	0.00	0.00	0.00	0.00	1.08	6.00	100.00	10.40	8.06	760	3822	333	0	0	0	0	0	4915	156.16	8.97	4.85	21.21	17.22	21.08	17.42	2.02	20.55	21.58
5/22/2023 10:22:00 AM	1.39	3.84	0.83	0.00	0.00	0.00	0.00	1.10	6.06	100.00	10.48	8.05	734	3840	376	0	0	0	0	0	4950	154.60	9.21	5.00	21.10	17.56	21.49	17.88	2.03	20.50	21.55
5/22/2023 10:22:55 AM	0.00	0.95	0.00	0.00	0.00	0.00	0.00	0.00	0.95	100.00	-0.56	17.03	0	955	0	0	0	0	0	0	955	153.40	2.08	-2.69	7.50	-0.79	5.48	-1.11	0.94	19.68	21.04
