Date/Time	Green Algae	Bluegreen	Diatoms	Cryptophyta	#5	#6	#7	Yellow substances	Total conc.	Transmission	Depth	Temp. Sample	Green Algae	Bluegreen	Diatoms	Cryptophyta	#5	#6	#7	Yellow substances	Total cell count	Trans. 700 nm	LED 3 [525 nm]	LED 4 [570 nm]	LED 5 [610 nm]	LED 6 [370 nm]	LED 7 [590 nm]	LED 8 [470 nm]	Pressure	Temp. LEDs	Temp. Sensor
date	µg/l	µg/l	µg/l	µg/l	µg/l	µg/l	µg/l	r.u.	µg/l	%	m	°C	cells/ml	cells/ml	cells/ml	cells/ml	cells/ml	cells/ml	cells/ml	r.u.	cells/ml	digits	digits	digits	digits	digits	digits	digits	bar	°C	°C
7/29/2024 9:28:38 AM	28.35	0.00	5.58	0.67	0.00	0.00	0.00	0.00	34.60	87.05	0.01	25.82	15027	0	2509	20	0	0	0	0	17556	158.77	28.65	7.11	31.93	76.57	34.76	123.12	1.00	23.02	23.01
7/29/2024 9:28:41 AM	27.04	0.00	6.55	0.56	0.00	0.00	0.00	0.00	34.15	87.42	0.07	25.77	14332	0	2947	17	0	0	0	0	17296	159.45	29.52	7.60	30.76	75.41	34.52	122.54	1.01	23.08	23.03
7/29/2024 9:28:44 AM	26.75	0.00	6.69	0.30	0.00	0.00	0.00	0.00	33.74	86.83	0.13	25.71	14177	0	3010	9	0	0	0	0	17197	158.37	29.03	7.00	30.51	74.68	33.32	120.92	1.01	23.15	23.07
7/29/2024 9:28:47 AM	25.44	0.00	7.38	0.30	0.00	0.00	0.00	0.00	33.12	86.98	0.14	25.66	13483	0	3322	9	0	0	0	0	16815	158.65	29.62	6.90	30.45	72.51	32.87	119.88	1.01	23.17	23.06
7/29/2024 9:28:50 AM	26.09	0.00	6.60	0.42	0.00	0.00	0.00	0.00	33.12	87.06	0.17	25.57	13830	0	2972	13	0	0	0	0	16815	158.79	28.83	7.63	30.68	73.30	32.60	118.74	1.02	23.23	23.09
7/29/2024 9:28:52 AM	25.79	0.00	6.61	0.40	0.00	0.00	0.00	0.00	32.81	87.03	0.19	25.62	13670	0	2976	12	0	0	0	0	16658	158.74	28.68	7.56	30.17	72.79	32.43	117.60	1.02	23.26	23.12
7/29/2024 9:28:55 AM	26.43	0.00	6.05	0.68	0.00	0.00	0.00	0.00	33.16	87.58	0.21	25.65	14010	0	2720	20	0	0	0	0	16751	159.75	28.45	7.65	29.79	73.10	34.08	118.99	1.02	23.30	23.15
7/29/2024 9:28:58 AM	25.47	0.00	6.53	0.48	0.00	0.00	0.00	0.00	32.48	87.55	0.26	25.50	13502	0	2939	14	0	0	0	0	16455	159.68	28.56	7.29	29.51	72.14	32.71	116.46	1.03	23.34	23.15
7/29/2024 9:29:01 AM	25.06	0.00	6.59	0.47	0.00	0.00	0.00	0.00	32.12	87.81	0.30	25.44	13284	0	2965	14	0	0	0	0	16263	160.15	28.38	7.31	29.22	71.11	32.39	115.44	1.03	23.38	23.17
7/29/2024 9:29:03 AM	24.96	0.00	7.15	0.16	0.00	0.00	0.00	0.00	32.28	87.13	0.34	25.51	13230	0	3218	5	0	0	0	0	16453	158.91	28.68	6.99	29.88	71.37	31.31	116.17	1.03	23.43	23.19
7/29/2024 9:29:06 AM	24.68	0.00	7.18	0.35	0.00	0.00	0.00	0.00	32.21	87.44	0.37	25.54	13080	0	3229	11	0	0	0	0	16320	159.48	29.10	6.46	29.20	71.07	32.60	116.27	1.04	23.47	23.19
7/29/2024 9:29:09 AM	24.79	0.00	6.59	0.58	0.00	0.00	0.00	0.00	31.96	87.33	0.41	25.53	13140	0	2967	17	0	0	0	0	16125	159.29	28.60	7.36	29.58	70.74	32.41	114.94	1.04	23.48	23.24
7/29/2024 9:29:12 AM	25.17	0.00	5.96	0.62	0.00	0.00	0.00	0.00	31.74	87.31	0.45	25.48	13338	0	2682	18	0	0	0	0	16039	159.25	27.63	6.56	29.49	70.15	32.41	113.72	1.04	23.53	23.25
7/29/2024 9:29:14 AM	24.37	0.00	6.79	0.36	0.00	0.00	0.00	0.00	31.52	87.32	0.47	25.44	12918	0	3056	11	0	0	0	0	15985	159.26	28.23	6.69	28.91	69.89	31.60	113.36	1.05	23.55	23.30
7/29/2024 9:29:17 AM	24.87	0.00	5.88	0.62	0.00	0.00	0.00	0.00	31.38	87.30	0.50	25.52	13181	0	2648	19	0	0	0	0	15848	159.22	27.43	7.10	28.40	70.15	32.26	111.97	1.05	23.61	23.30
7/29/2024 9:29:20 AM	25.05	0.00	5.97	0.64	0.00	0.00	0.00	0.00	31.66	87.50	0.53	25.52	13275	0	2686	19	0	0	0	0	15980	159.59	27.81	6.86	29.61	70.57	32.18	113.02	1.05	23.65	23.30
7/29/2024 9:29:22 AM	25.02	0.00	6.34	0.31	0.00	0.00	0.00	0.00	31.67	86.89	0.60	25.43	13262	0	2853	9	0	0	0	0	16124	158.49	27.53	6.63	28.63	70.51	31.60	113.30	1.06	23.69	23.28
7/29/2024 9:29:25 AM	24.66	0.00	6.41	0.54	0.00	0.00	0.00	0.00	31.60	87.30	0.62	25.54	13070	0	2883	16	0	0	0	0	15969	159.23	27.86	7.17	29.49	69.19	31.91	114.05	1.06	23.71	23.35
7/29/2024 9:29:28 AM	24.46	0.00	6.72	0.43	0.00	0.00	0.00	0.00	31.62	87.31	0.67	25.51	12966	0	3025	13	0	0	0	0	16003	159.25	28.38	6.51	29.32	70.04	31.87	113.68	1.07	23.74	23.30
7/29/2024 9:29:31 AM	24.21	0.00	6.80	0.45	0.00	0.00	0.00	0.00	31.46	87.39	0.70	25.54	12830	0	3060	14	0	0	0	0	15904	159.39	28.33	7.02	28.80	69.49	31.88	113.44	1.07	23.79	23.36
7/29/2024 9:29:34 AM	25.18	0.00	6.20	0.35	0.00	0.00	0.00	0.00	31.73	87.27	0.74	25.55	13344	0	2791	11	0	0	0	0	16146	159.16	27.32	6.76	29.29	70.02	31.46	113.81	1.07	23.82	23.41
7/29/2024 9:29:36 AM	24.48	0.00	6.70	0.43	0.00	0.00	0.00	0.00	31.61	86.96	0.79	25.57	12975	0	3015	13	0	0	0	0	16003	158.61	28.21	6.50	29.05	69.63	32.03	113.96	1.08	23.84	23.41
7/29/2024 9:29:39 AM	24.08	0.00	6.92	0.42	0.00	0.00	0.00	0.00	31.41	87.34	0.82	25.57	12760	0	3115	12	0	0	0	0	15888	159.30	28.47	7.14	28.07	69.89	32.03	113.09	1.08	23.89	23.48
7/29/2024 9:29:42 AM	24.46	0.00	6.57	0.34	0.00	0.00	0.00	0.00	31.37	87.19	0.85	25.60	12963	0	2959	10	0	0	0	0	15932	159.04	27.67	6.84	28.76	69.28	31.30	112.86	1.08	23.93	23.49
7/29/2024 9:29:44 AM	24.56	0.00	6.65	0.35	0.00	0.00	0.00	0.00	31.57	87.15	0.86	25.51	13019	0	2994	11	0	0	0	0	16023	158.95	28.00	7.22	28.23	70.34	31.75	113.27	1.08	23.94	23.46
7/29/2024 9:29:47 AM	24.32	0.00	6.46	0.49	0.00	0.00	0.00	0.00	31.27	87.45	0.88	25.56	12889	0	2908	15	0	0	0	0	15812	159.50	27.79	7.49	28.64	69.29	31.57	112.42	1.09	23.97	23.49
7/29/2024 9:29:50 AM	24.65	0.00	5.97	0.56	0.00	0.00	0.00	0.00	31.18	87.01	0.92	25.42	13067	0	2687	17	0	0	0	0	15771	158.70	27.28	6.76	29.29	69.14	31.46	111.61	1.09	24.00	23.52
7/29/2024 9:29:52 AM	24.88	0.00	5.90	0.47	0.00	0.00	0.00	0.00	31.25	87.15	0.94	25.42	13186	0	2654	14	0	0	0	0	15854	158.95	26.89	7.49	28.16	69.54	31.51	111.72	1.09	24.05	23.52
7/29/2024 9:29:55 AM	24.74	0.00	6.07	0.43	0.00	0.00	0.00	0.00	31.24	87.06	1.00	25.61	13113	0	2731	13	0	0	0	0	15857	158.78	27.06	6.58	28.38	69.08	31.65	112.05	1.10	24.08	23.57
7/29/2024 9:29:58 AM	24.45	0.00	6.35	0.41	0.00	0.00	0.00	0.00	31.21	87.51	1.02	25.70	12959	0	2857	12	0	0	0	0	15829	159.61	27.32	6.88	28.71	68.64	31.34	112.38	1.10	24.12	23.57
7/29/2024 9:30:01 AM	24.71	0.00	5.98	0.53	0.00	0.00	0.00	0.00	31.23	87.54	1.03	25.72	13098	0	2693	16	0	0	0	0	15807	159.66	27.15	7.15	28.73	69.17	31.57	111.88	1.10	24.14	23.64
7/29/2024 9:30:03 AM	24.74	0.00	5.98	0.73	0.00	0.00	0.00	0.00	31.45	87.10	1.09	25.71	13113	0	2692	22	0	0	0	0	15827	158.87	27.76	7.18	28.94	69.76	32.54	112.72	1.11	24.20	23.57
7/29/2024 9:30:06 AM	24.58	0.00	6.09	0.62	0.00	0.00	0.00	0.00	31.29	87.05	1.12	25.76	13027	0	2739	19	0	0	0	0	15785	158.76	27.56	7.21	29.03	69.26	31.88	112.24	1.11	24.21	23.62
7/29/2024 9:30:09 AM	24.67	0.00	6.15	0.73	0.00	0.00	0.00	0.00	31.54	87.10	1.15	25.75	13073	0	2767	22	0	0	0	0	15862	158.86	28.09	6.80	29.54	69.74	32.54	113.23	1.11	24.24	23.64
7/29/2024 9:30:12 AM	24.72	0.00	6.59	0.49	0.00	0.00	0.00	0.00	31.79	87.40	1.19	25.69	13100	0	2963	15	0	0	0	0	16078	159.41	28.26	7.07	29.39	70.17	32.05	114.41	1.12	24.26	23.69
7/29/2024 9:30:15 AM	25.20	0.00	6.52	0.41	0.00	0.00	0.00	0.00	32.13	87.22	1.21	25.66	13355	0	2936	12	0	0	0	0	16304	159.09	28.00	7.49	28.94	70.72	32.29	115.74	1.12	24.28	23.69
7/29/2024 9:30:17 AM	25.55	0.00	6.35	0.52	0.00	0.00	0.00	0.00	32.41	87.11	1.23	25.63	13539	0	2856	16	0	0	0	0	16411	158.88	28.33	6.68	30.29	71.48	32.56	116.31	1.12	24.31	23.69
7/29/2024 9:30:20 AM	25.57	0.00	6.23	0.58	0.00	0.00	0.00	0.00	32.38	87.58	1.24	25.63	13551	0	2803	17	0	0	0	0	16372	159.73	28.19	7.00	29.67	71.37	32.98	116.29	1.12	24.37	23.70
7/29/2024 9:30:23 AM	25.54	0.00	6.55	0.71	0.00	0.00	0.00	0.00	32.80	87.24	1.27	25.54	13535	0	2948	21	0	0	0	0	16504	159.12	29.10	7.81	30.35	72.03	33.53	118.27	1.12	24.39	23.77
7/29/2024 9:30:26 AM	25.91	0.00	6.44	0.46	0.00	0.00	0.00	0.00	32.81	87.01	1.29	25.54	13731	0	2897	14	0	0	0	0	16642	158.69	28.31	7.19	29.99	71.82	32.94	118.20	1.13	24.39	23.77
7/29/2024 9:30:28 AM	25.42	0.00	6.95	0.47	0.00	0.00	0.00	0.00	32.84	87.00	1.30	25.56	13474	0	3127	14	0	0	0	0	16615	158.67	29.26	7.08	30.22	72.16	33.10	118.54	1.13	24.45	23.78
7/29/2024 9:30:31 AM	25.43	0.00	6.75	0.52	0.00	0.00	0.00	0.00	32.70	87.15	1.32	25.55	13478	0	3039	15	0	0	0	0	16532	158.96	28.97	6.91	30.13	71.77	33.12	117.94	1.13	24.44	23.81
7/29/2024 9:30:34 AM	25.22	0.00	6.58	0.55	0.00	0.00	0.00	0.00	32.35	87.13	1.34	25.56	13368	0	2962	16	0	0	0	0	16347	158.92	28.52	7.10	29.86	70.77	32.84	116.83	1.13	24.52	23.85
7/29/2024 9:30:37 AM	24.98	0.00	6.96	0.43	0.00	0.00	0.00	0.00	32.37	87.46	1.36	25.49	13241	0	3131	13	0	0	0	0	16385	159.52	28.88	7.16	29.89	70.96	32.48	117.02	1.13	24.53	23.81
7/29/2024 9:30:39 AM	25.52	0.00	6.78	0.32	0.00	0.00	0.00	0.00	32.62	87.21	1.37	25.49	13527	0	3053	9	0	0	0	0	16590	159.06	28.50	7.05	29.73	71.73	32.38	117.53	1.13	24.55	23.86
7/29/2024 9:30:42 AM	25.68	0.00	6.61	0.43	0.00	0.00	0.00	0.00	32.72	87.16	1.38	25.46	13610	0	2975	13	0	0	0	0	16599	158.97	28.50	7.08	30.00	71.70	32.78	117.96	1.14	24.58	23.89
7/29/2024 9:30:45 AM	25.55	0.00	6.83	0.43	0.00	0.00	0.00	0.00	32.81	86.83	1.39	25.42	13543	0	3072	13	0	0	0	0	16629	158.37	28.84	6.73	29.75	71.70	33.25	118.60	1.14	24.60	23.91
7/29/2024 9:30:47 AM	25.40	0.00	6.83	0.32	0.00	0.00	0.00	0.00	32.55	87.07	1.41	25.40	13462	0	3073	9	0	0	0	0	16545	158.80	28.58	6.64	29.76	71.56	32.43	117.27	1.14	24.65	23.86
7/29/2024 9:30:50 AM	25.79	0.00	6.56	0.36	0.00	0.00	0.00	0.00	32.71	87.21	1.46	25.35	13671	0	2951	11	0	0	0	0	16632	159.06	28.22	7.28	30.04	71.67	32.34	117.81	1.14	24.66	23.99
7/29/2024 9:30:53 AM	25.79	0.00	6.42	0.63	0.00	0.00	0.00	0.00	32.84	87.25	1.47	25.50	13671	0	2887	19	0	0	0	0	16577	159.13	28.73	7.48	30.51	71.95	33.27	118.33	1.14	24.70	23.96
7/29/2024 9:30:56 AM	25.72	0.00	6.81	0.40	0.00	0.00	0.00	0.00	32.93	87.35	1.46	25.60	13631	0	3067	12	0	0	0	0	16710	159.31	28.83	7.00	30.02	72.08	33.02	118.89	1.14	24.70	23.96
7/29/2024 9:30:58 AM	25.99	0.00	6.65	0.39	0.00	0.00	0.00	0.00	33.03	87.33	1.50	25.59	13775	0	2992	12	0	0	0	0	16779	159.29	28.65	6.93	30.40	72.38	32.85	118.97	1.15	24.74	23.99
7/29/2024 9:31:01 AM	26.22	0.00	6.45	0.50	0.00	0.00	0.00	0.00	33.17	87.24	1.52	25.62	13898	0	2903	15	0	0	0	0	16817	159.12	28.66	7.03	30.58	72.67	33.30	119.41	1.15	24.78	24.02
7/29/2024 9:31:04 AM	26.01	0.00	6.66	0.53	0.00	0.00	0.00	0.00	33.20	87.45	1.54	25.62	13785	0	2998	16	0	0	0	0	16799	159.49	29.12	7.21	30.70	72.86	33.41	119.62	1.15	24.79	24.04
7/29/2024 9:31:07 AM	26.21	0.00	6.62	0.57	0.00	0.00	0.00	0.00	33.39	86.98	1.57	25.60	13890	0	2977	17	0	0	0	0	16884	158.65	29.28	7.23	30.69	73.54	33.76	120.07	1.15	24.82	24.10
7/29/2024 9:31:09 AM	26.13	0.00	6.65	0.68	0.00	0.00	0.00	0.00	33.46	87.15	1.60	25.60	13851	0	2993	20	0	0	0	0	16864	158.95	29.54	7.51	30.93	73.38	34.11	120.64	1.16	24.85	24.14
7/29/2024 9:31:12 AM	26.37	0.00	6.39	0.59	0.00	0.00	0.00	0.00	33.35	86.87	1.61	25.59	13977	0	2875	18	0	0	0	0	16869	158.44	28.76	7.25	31.16	72.56	33.54	120.33	1.16	24.85	24.09
7/29/2024 9:31:14 AM	25.89	0.00	6.69	0.60	0.00	0.00	0.00	0.00	33.18	86.91	1.64	25.60	13724	0	3009	18	0	0	0	0	16751	158.52	29.24	7.10	30.14	72.72	34.01	119.72	1.16	24.89	24.12
7/29/2024 9:31:17 AM	25.81	0.00	6.69	0.68	0.00	0.00	0.00	0.00	33.18	87.19	1.67	25.62	13678	0	3011	20	0	0	0	0	16709	159.02	29.41	7.18	30.96	72.34	33.92	119.97	1.16	24.92	24.17
7/29/2024 9:31:20 AM	26.41	0.00	6.44	0.59	0.00	0.00	0.00	0.00	33.45	87.41	1.70	25.68	13999	0	2900	18	0	0	0	0	16917	159.43	28.88	7.04	30.64	72.83	34.05	120.75	1.17	24.94	24.14
7/29/2024 9:31:23 AM	26.08	0.00	6.73	0.54	0.00	0.00	0.00	0.00	33.35	87.59	1.71	25.79	13820	0	3031	16	0	0	0	0	16867	159.75	29.28	7.13	30.52	73.05	33.83	120.33	1.17	24.95	24.20
7/29/2024 9:31:26 AM	26.31	0.00	6.78	0.51	0.00	0.00	0.00	0.00	33.60	87.07	1.73	25.78	13946	0	3050	15	0	0	0	0	17012	158.81	29.39	6.95	30.66	73.48	34.05	121.29	1.17	24.97	24.20
7/29/2024 9:31:28 AM	26.98	0.00	6.71	0.51	0.00	0.00	0.00	0.00	34.20	87.05	1.77	25.73	14297	0	3021	15	0	0	0	0	17334	158.77	29.27	7.83	31.20	73.83	34.31	124.01	1.17	25.00	24.23
7/29/2024 9:31:31 AM	26.84	0.00	6.93	0.56	0.00	0.00	0.00	0.00	34.33	87.20	1.79	25.71	14224	0	3120	17	0	0	0	0	17361	159.05	29.93	7.93	31.95	74.46	34.27	124.34	1.17	25.05	24.26
7/29/2024 9:31:34 AM	26.52	0.00	6.95	0.58	0.00	0.00	0.00	0.00	34.05	87.20	1.81	25.69	14058	0	3125	17	0	0	0	0	17201	159.04	29.86	7.57	31.20	73.91	34.53	123.42	1.18	25.06	24.26
7/29/2024 9:31:37 AM	26.62	0.00	7.17	0.32	0.00	0.00	0.00	0.00	34.11	87.02	1.84	25.67	14111	0	3225	9	0	0	0	0	17345	158.71	29.60	7.05	31.32	73.77	33.73	123.74	1.18	25.06	24.28
7/29/2024 9:31:40 AM	26.96	0.00	7.10	0.35	0.00	0.00	0.00	0.00	34.41	87.33	1.87	25.66	14290	0	3193	11	0	0	0	0	17494	159.28	29.67	7.75	31.22	74.57	34.04	124.72	1.18	25.10	24.31
7/29/2024 9:31:42 AM	26.95	0.00	7.28	0.35	0.00	0.00	0.00	0.00	34.58	87.18	1.90	25.65	14286	0	3274	10	0	0	0	0	17570	159.01	30.01	7.72	31.31	74.83	34.31	125.54	1.19	25.13	24.30
7/29/2024 9:31:45 AM	27.16	0.00	6.98	0.41	0.00	0.00	0.00	0.00	34.55	87.05	1.92	25.69	14394	0	3141	12	0	0	0	0	17547	158.77	29.68	7.32	31.32	74.63	34.56	125.31	1.19	25.17	24.33
7/29/2024 9:31:48 AM	27.06	0.00	7.15	0.49	0.00	0.00	0.00	0.00	34.71	87.26	1.93	25.63	14344	0	3217	15	0	0	0	0	17576	159.15	30.28	7.74	31.82	75.26	34.70	125.81	1.19	25.16	24.38
7/29/2024 9:31:50 AM	27.35	0.00	7.30	0.50	0.00	0.00	0.00	0.00	35.15	87.37	1.95	25.56	14495	0	3284	15	0	0	0	0	17794	159.36	30.72	7.75	32.51	75.91	35.05	127.66	1.19	25.16	24.39
7/29/2024 9:31:53 AM	27.58	0.00	7.27	0.48	0.00	0.00	0.00	0.00	35.32	87.44	1.97	25.53	14615	0	3270	14	0	0	0	0	17899	159.49	30.74	7.80	32.70	76.40	35.04	128.12	1.19	25.20	24.38
7/29/2024 9:31:56 AM	27.09	0.00	7.73	0.34	0.00	0.00	0.00	0.00	35.16	87.13	1.99	25.51	14358	0	3480	10	0	0	0	0	17848	158.93	30.92	7.67	31.85	75.75	34.96	128.15	1.19	25.20	24.42
7/29/2024 9:31:58 AM	27.40	0.00	7.25	0.37	0.00	0.00	0.00	0.00	35.01	86.76	2.02	25.54	14520	0	3262	11	0	0	0	0	17793	158.23	30.12	7.43	31.93	75.11	34.79	127.46	1.20	25.28	24.49
7/29/2024 9:32:02 AM	27.30	0.00	7.48	0.43	0.00	0.00	0.00	0.00	35.21	86.12	2.05	25.51	14467	0	3367	13	0	0	0	0	17847	157.07	30.86	7.70	31.93	76.20	35.21	127.91	1.20	25.26	24.47
7/29/2024 9:32:04 AM	27.25	0.00	7.17	0.55	0.00	0.00	0.00	0.00	34.97	86.66	2.07	25.53	14442	0	3227	17	0	0	0	0	17686	158.06	30.47	7.65	32.32	75.24	35.13	127.17	1.20	25.28	24.46
7/29/2024 9:32:07 AM	27.50	0.00	6.80	0.68	0.00	0.00	0.00	0.00	34.99	87.24	2.09	25.55	14577	0	3062	20	0	0	0	0	17660	159.12	30.16	7.99	32.33	75.22	35.43	127.10	1.20	25.31	24.52
7/29/2024 9:32:10 AM	27.25	0.00	7.18	0.43	0.00	0.00	0.00	0.00	34.86	86.98	2.12	25.60	14442	0	3233	13	0	0	0	0	17687	158.64	30.13	7.70	31.59	75.14	34.88	126.72	1.21	25.30	24.55
7/29/2024 9:32:12 AM	26.67	0.00	7.38	0.39	0.00	0.00	0.00	0.00	34.44	87.05	2.14	25.58	14134	0	3321	12	0	0	0	0	17467	158.76	30.27	7.56	31.48	74.64	34.29	125.06	1.21	25.37	24.59
7/29/2024 9:32:15 AM	26.94	0.00	7.47	0.47	0.00	0.00	0.00	0.00	34.88	87.10	2.18	25.55	14276	0	3363	14	0	0	0	0	17654	158.86	30.68	7.77	31.99	75.04	34.92	127.09	1.21	25.35	24.62
7/29/2024 9:32:18 AM	27.15	0.00	7.05	0.55	0.00	0.00	0.00	0.00	34.74	87.24	2.19	25.53	14387	0	3171	17	0	0	0	0	17575	159.11	30.29	7.79	31.89	75.39	34.89	125.86	1.21	25.37	24.60
7/29/2024 9:32:21 AM	27.33	0.00	6.88	0.68	0.00	0.00	0.00	0.00	34.89	87.16	2.22	25.54	14485	0	3097	20	0	0	0	0	17603	158.97	30.40	7.72	32.06	75.61	35.51	126.40	1.22	25.40	24.60
7/29/2024 9:32:23 AM	27.38	0.00	6.40	0.83	0.00	0.00	0.00	0.00	34.61	87.07	2.24	25.53	14514	0	2881	25	0	0	0	0	17420	158.81	29.93	8.01	32.31	75.27	35.29	124.92	1.22	25.41	24.65
7/29/2024 9:32:26 AM	27.40	0.00	6.05	0.86	0.00	0.00	0.00	0.00	34.31	86.71	2.27	24.73	14520	0	2723	26	0	0	0	0	17269	158.15	29.38	7.55	32.12	74.72	35.18	123.51	1.22	25.43	24.71
7/29/2024 9:32:29 AM	26.18	0.00	4.60	1.27	0.00	0.00	0.00	0.00	32.06	86.58	2.29	24.04	13878	0	2070	38	0	0	0	0	15986	157.92	27.27	7.50	31.49	70.89	33.58	113.95	1.22	25.45	24.65
7/29/2024 9:32:32 AM	24.94	0.00	2.76	2.09	0.00	0.00	0.00	0.00	29.79	86.69	2.31	24.10	13217	0	1243	63	0	0	0	0	14523	158.12	25.54	7.63	31.28	67.07	33.19	104.25	1.23	25.48	24.68
7/29/2024 9:32:34 AM	23.78	0.43	1.85	1.92	0.00	0.00	0.00	0.00	27.97	86.32	2.32	24.07	12601	426	831	58	0	0	0	0	13916	157.43	23.22	7.50	30.25	64.10	32.04	94.75	1.23	25.50	24.68
7/29/2024 9:32:37 AM	22.51	1.07	1.31	1.82	0.00	0.00	0.00	0.00	26.71	86.01	2.34	23.97	11928	1069	591	55	0	0	0	0	13643	156.87	21.75	7.53	30.54	61.12	32.28	87.47	1.23	25.50	24.73
7/29/2024 9:32:40 AM	22.07	1.71	1.98	1.38	0.00	0.00	0.00	0.00	27.15	86.05	2.36	23.99	11699	1710	891	42	0	0	0	0	14342	156.95	22.17	7.56	32.05	61.51	33.18	87.02	1.23	25.52	24.78
7/29/2024 9:32:43 AM	22.59	0.95	0.93	2.01	0.00	0.00	0.00	0.00	26.47	86.11	2.38	24.06	11971	950	418	60	0	0	0	0	13399	157.06	21.48	7.61	30.21	60.89	32.23	86.75	1.23	25.54	24.79
7/29/2024 9:32:46 AM	22.18	1.16	1.65	1.73	0.00	0.00	0.00	0.00	26.72	85.80	2.40	24.11	11756	1158	743	52	0	0	0	0	13709	156.50	22.15	7.43	30.59	61.26	32.40	87.27	1.23	25.54	24.76
7/29/2024 9:32:48 AM	22.88	1.33	1.46	1.66	0.00	0.00	0.00	0.00	27.32	85.91	2.43	23.75	12125	1329	657	50	0	0	0	0	14161	156.69	21.93	8.11	31.74	62.16	32.72	88.74	1.24	25.57	24.76
7/29/2024 9:32:51 AM	22.64	1.15	1.29	1.91	0.00	0.00	0.00	0.00	26.99	85.71	2.44	23.42	11999	1155	580	57	0	0	0	0	13791	156.33	22.16	8.01	31.14	62.04	32.81	87.89	1.24	25.57	24.83
7/29/2024 9:32:53 AM	22.88	1.60	1.79	1.45	0.00	0.00	0.00	0.00	27.72	85.85	2.46	23.06	12125	1602	807	43	0	0	0	0	14577	156.58	22.26	7.58	32.37	62.69	33.51	89.35	1.24	25.62	24.86
7/29/2024 9:32:57 AM	23.48	1.46	1.30	1.82	0.00	0.00	0.00	0.00	28.06	85.97	2.48	23.06	12447	1456	585	55	0	0	0	0	14543	156.80	22.48	8.25	32.91	63.57	34.18	90.86	1.24	25.58	24.87
7/29/2024 9:32:59 AM	23.53	1.31	1.26	1.94	0.00	0.00	0.00	0.00	28.04	86.16	2.50	22.89	12471	1311	567	58	0	0	0	0	14407	157.15	22.73	8.06	32.52	63.94	34.24	91.12	1.25	25.61	24.83
7/29/2024 9:33:02 AM	23.52	1.48	1.46	1.70	0.00	0.00	0.00	0.00	28.16	85.27	2.54	22.71	12465	1483	655	51	0	0	0	0	14654	155.52	22.50	7.98	32.85	63.71	34.10	91.17	1.25	25.64	24.89
7/29/2024 9:33:05 AM	23.02	1.56	1.72	1.60	0.00	0.00	0.00	0.00	27.90	86.42	2.56	22.67	12200	1558	773	48	0	0	0	0	14579	157.63	22.56	8.01	32.73	63.08	33.82	90.16	1.25	25.65	24.92
7/29/2024 9:33:07 AM	23.20	1.43	1.34	1.83	0.00	0.00	0.00	0.00	27.80	85.84	2.58	22.72	12297	1431	603	55	0	0	0	0	14385	156.56	22.42	7.99	32.57	62.93	34.06	90.15	1.25	25.65	24.91
7/29/2024 9:33:10 AM	23.72	0.91	0.42	2.52	0.00	0.00	0.00	0.00	27.57	86.42	2.60	22.74	12574	905	187	76	0	0	0	0	13742	157.63	22.47	8.03	31.69	63.30	34.46	90.58	1.25	25.69	24.95
7/29/2024 9:33:13 AM	23.84	1.12	0.70	2.31	0.00	0.00	0.00	0.00	27.98	86.14	2.62	22.69	12638	1124	314	69	0	0	0	0	14145	157.11	22.67	8.18	32.42	63.99	34.72	91.33	1.26	25.67	24.91
7/29/2024 9:33:16 AM	23.77	1.24	0.72	2.30	0.00	0.00	0.00	0.00	28.03	86.20	2.64	22.18	12595	1242	323	69	0	0	0	0	14229	157.22	22.72	8.26	32.77	63.96	35.02	91.10	1.26	25.69	24.92
7/29/2024 9:33:18 AM	22.84	1.45	0.99	2.15	0.00	0.00	0.00	0.00	27.44	86.29	2.65	21.73	12103	1451	448	65	0	0	0	0	14067	157.39	22.53	8.40	32.69	62.44	34.60	88.52	1.26	25.66	24.99
7/29/2024 9:33:21 AM	21.80	1.92	1.95	1.80	0.00	0.00	0.00	0.00	27.47	86.40	2.67	21.53	11556	1921	877	54	0	0	0	0	14407	157.58	23.31	8.83	33.68	62.12	34.81	87.55	1.26	25.68	24.99
7/29/2024 9:33:24 AM	21.70	1.54	1.02	2.69	0.00	0.00	0.00	0.00	26.96	87.03	2.69	21.52	11502	1544	457	81	0	0	0	0	13584	158.74	23.71	9.02	33.22	61.64	36.01	86.67	1.26	25.71	25.02
7/29/2024 9:33:27 AM	21.53	1.86	1.27	2.37	0.00	0.00	0.00	0.00	27.03	87.16	2.72	21.54	11412	1863	570	71	0	0	0	0	13917	158.98	23.46	8.99	33.69	61.59	35.94	85.76	1.27	25.67	25.07
7/29/2024 9:33:30 AM	20.94	1.77	1.08	2.50	0.00	0.00	0.00	0.00	26.29	86.57	2.74	21.38	11098	1773	486	75	0	0	0	0	13432	157.90	23.01	8.93	33.02	59.79	35.47	83.66	1.27	25.69	25.05
7/29/2024 9:33:32 AM	18.70	2.31	1.25	2.56	0.00	0.00	0.00	0.00	24.82	87.43	2.77	20.93	9910	2310	561	77	0	0	0	0	12858	159.46	22.81	9.26	33.29	56.05	35.84	76.98	1.27	25.68	25.10
7/29/2024 9:33:35 AM	18.02	3.22	1.41	2.44	0.00	0.00	0.00	0.07	25.09	87.56	2.79	20.76	9553	3218	633	73	0	0	0	0	13477	159.70	23.18	9.90	35.94	56.30	37.99	75.54	1.27	25.71	25.13
7/29/2024 9:33:38 AM	17.58	4.01	1.26	2.61	0.00	0.00	0.00	0.12	25.47	87.08	2.81	20.68	9318	4014	568	78	0	0	0	0	13978	158.82	23.83	10.44	38.69	56.80	40.92	74.80	1.28	25.69	25.12
7/29/2024 9:33:41 AM	17.61	4.77	1.24	2.56	0.00	0.00	0.00	0.09	26.18	87.23	2.82	20.74	9333	4773	556	77	0	0	0	0	14739	159.09	24.06	10.85	41.28	56.77	43.24	74.50	1.28	25.68	25.10
7/29/2024 9:33:43 AM	16.86	6.20	2.82	1.40	0.00	0.00	0.00	0.07	27.28	87.42	2.85	20.65	8936	6201	1268	42	0	0	0	0	16447	159.44	24.52	11.54	44.92	57.04	44.37	74.17	1.28	25.69	25.07
7/29/2024 9:33:46 AM	17.33	5.36	0.84	2.97	0.00	0.00	0.00	0.09	26.50	87.42	2.88	20.12	9185	5358	379	89	0	0	0	0	15012	159.44	24.72	11.23	43.60	56.69	46.32	73.77	1.28	25.71	25.15
7/29/2024 9:33:49 AM	16.74	6.57	0.00	3.64	0.00	0.00	0.00	0.17	26.94	86.85	2.90	19.78	8870	6570	0	109	0	0	0	0	15549	158.41	25.30	12.67	47.98	56.99	51.86	71.90	1.28	25.72	25.20
7/29/2024 9:33:52 AM	16.34	9.01	0.00	3.56	0.00	0.00	0.00	0.15	28.91	86.35	2.95	19.94	8662	9009	0	107	0	0	0	0	17778	157.49	26.68	13.99	56.45	57.59	59.25	70.77	1.29	25.67	25.20
7/29/2024 9:33:55 AM	15.66	11.35	2.15	1.70	0.00	0.00	0.00	0.06	30.86	86.76	2.98	19.72	8298	11353	969	51	0	0	0	0	20671	158.24	26.86	14.67	62.44	57.52	61.33	70.00	1.29	25.67	25.18
7/29/2024 9:33:57 AM	15.32	14.44	0.24	2.88	0.00	0.00	0.00	0.17	32.89	86.32	3.02	19.39	8122	14440	109	86	0	0	0	0	22757	157.44	28.41	17.29	74.14	58.83	74.07	67.28	1.30	25.69	25.23
7/29/2024 9:34:00 AM	15.66	18.71	1.08	1.95	0.00	0.00	0.00	0.14	37.41	86.08	3.05	19.03	8300	18710	486	59	0	0	0	0	27556	157.00	30.53	19.39	88.54	62.58	86.08	69.09	1.30	25.67	25.26
7/29/2024 9:34:03 AM	14.92	26.22	2.94	0.00	0.00	0.00	0.00	0.02	44.08	85.95	3.13	18.66	7908	26220	1324	0	0	0	0	0	35452	156.77	33.41	23.01	114.26	65.44	103.13	67.73	1.31	25.68	25.29
7/29/2024 9:34:06 AM	12.43	47.49	3.19	0.47	0.00	0.00	0.00	0.13	63.57	80.80	3.22	18.07	6589	47485	1434	14	0	0	0	0	55522	147.37	48.61	37.41	188.38	80.42	176.75	68.56	1.32	25.66	25.28
7/29/2024 9:34:09 AM	27.11	64.74	11.06	28.63	0.00	0.00	0.00	0.53	131.54	76.98	3.25	17.88	14368	64740	4979	859	0	0	0	0	84947	140.42	168.96	102.29	338.93	223.90	350.67	263.69	1.32	25.66	25.28
7/29/2024 9:34:11 AM	46.37	51.33	0.00	75.18	0.00	0.00	0.00	0.00	172.88	69.99	3.28	17.98	24577	51329	0	2256	0	0	0	0	78161	127.67	280.71	138.60	395.05	334.62	490.75	456.47	1.32	25.65	25.28
7/29/2024 9:34:14 AM	34.57	51.78	2.62	60.20	0.00	0.00	0.00	0.70	149.17	73.09	3.29	18.13	18320	51777	1179	1806	0	0	0	0	73083	133.31	240.42	123.19	359.22	289.42	425.14	373.34	1.32	25.62	25.28
7/29/2024 9:34:17 AM	41.40	50.55	0.00	70.27	0.00	0.00	0.00	0.00	162.23	71.07	3.30	18.01	21944	50553	0	2108	0	0	0	0	74605	129.64	265.76	130.08	379.32	310.99	463.14	420.20	1.32	25.62	25.31
7/29/2024 9:34:20 AM	38.66	56.20	4.33	64.90	0.00	0.00	0.00	0.06	164.09	71.86	3.32	18.14	20489	56197	1948	1947	0	0	0	0	80581	131.08	261.95	132.91	390.55	309.68	461.88	408.35	1.33	25.61	25.29
7/29/2024 9:34:22 AM	34.15	66.15	18.48	58.28	0.00	0.00	0.00	0.11	177.06	71.79	3.32	18.28	18102	66147	8314	1748	0	0	0	0	94311	130.95	276.53	146.35	424.69	327.14	475.60	427.69	1.33	25.57	25.28
7/29/2024 9:34:25 AM	34.82	78.89	28.47	68.52	0.00	0.00	0.00	0.96	210.71	70.86	3.27	18.08	18455	78895	12813	2056	0	0	0	0	112218	129.26	338.71	181.30	507.59	401.29	561.70	518.42	1.32	25.56	25.29
7/29/2024 9:34:28 AM	46.51	95.37	40.54	70.18	0.00	0.00	0.00	0.00	252.61	67.68	3.27	18.00	24653	95371	18244	2105	0	0	0	0	140374	123.46	383.98	205.66	594.65	459.36	640.63	612.17	1.32	25.55	25.32
7/29/2024 9:34:30 AM	47.41	81.29	22.61	73.61	0.00	0.00	0.00	0.00	224.92	68.86	3.29	17.79	25130	81290	10172	2208	0	0	0	0	118801	125.60	347.60	187.97	532.38	416.94	592.38	550.28	1.32	25.55	25.32
7/29/2024 9:34:33 AM	40.56	78.67	19.76	61.85	0.00	0.00	0.00	0.00	200.85	70.91	3.29	17.77	21497	78673	8893	1856	0	0	0	0	110919	129.35	301.11	167.45	487.26	362.21	533.28	470.85	1.32	25.51	25.31
7/29/2024 9:34:36 AM	40.90	78.62	15.58	61.20	0.00	0.00	0.00	0.18	196.30	71.59	3.31	17.62	21675	78623	7010	1836	0	0	0	0	109144	130.59	291.11	162.76	480.90	354.44	528.33	453.20	1.32	25.51	25.31
7/29/2024 9:34:39 AM	34.34	76.80	18.32	44.34	0.00	0.00	0.00	0.08	173.80	73.06	3.32	17.77	18202	76797	8244	1330	0	0	0	0	104574	133.26	242.46	133.24	430.62	301.44	461.73	376.78	1.32	25.50	25.37
7/29/2024 9:34:41 AM	32.06	69.19	9.54	40.29	0.00	0.00	0.00	0.28	151.08	76.35	3.33	17.58	16990	69189	4295	1209	0	0	0	0	91682	139.25	205.69	116.78	382.90	260.61	412.47	317.99	1.33	25.46	25.42
7/29/2024 9:34:44 AM	30.16	62.61	3.86	36.34	0.00	0.00	0.00	0.47	132.98	77.13	3.35	17.55	15986	62611	1739	1090	0	0	0	0	81426	140.68	177.04	99.08	341.24	229.46	372.24	273.55	1.33	25.47	25.45
7/29/2024 9:34:47 AM	32.11	62.91	2.50	34.86	0.00	0.00	0.00	0.34	132.38	76.19	3.38	17.48	17017	62915	1124	1046	0	0	0	0	82101	138.97	170.63	98.30	339.67	225.45	367.28	267.95	1.33	25.45	25.39
7/29/2024 9:34:50 AM	31.57	61.38	5.45	35.42	0.00	0.00	0.00	0.25	133.83	76.62	3.41	17.56	16734	61385	2455	1063	0	0	0	0	81636	139.76	176.98	100.87	338.39	230.38	365.58	279.14	1.33	25.42	25.44
7/29/2024 9:34:52 AM	29.51	64.83	9.32	30.70	0.00	0.00	0.00	0.08	134.36	77.08	3.42	17.84	15638	64833	4195	921	0	0	0	0	85588	140.60	172.11	99.39	342.34	224.07	361.33	269.42	1.33	25.41	25.45
7/29/2024 9:34:55 AM	26.28	71.38	16.05	20.77	0.00	0.00	0.00	0.26	134.49	77.08	3.44	17.89	13928	71384	7223	623	0	0	0	0	93158	140.60	159.82	100.91	349.85	216.98	346.95	250.67	1.34	25.38	25.42
7/29/2024 9:34:58 AM	26.80	68.32	15.27	21.01	0.00	0.00	0.00	0.14	131.40	77.27	3.46	17.82	14206	68316	6870	630	0	0	0	0	90023	140.95	157.16	92.97	336.88	212.57	340.37	248.54	1.34	25.37	25.42
7/29/2024 9:35:01 AM	26.52	62.24	6.67	23.97	0.00	0.00	0.00	0.50	119.40	77.18	3.48	17.68	14054	62238	2999	719	0	0	0	0	80011	140.78	144.10	85.79	312.15	197.59	324.39	225.44	1.34	25.35	25.37
7/29/2024 9:35:03 AM	25.75	62.05	8.80	19.56	0.00	0.00	0.00	0.28	116.17	77.44	3.50	17.51	13647	62055	3961	587	0	0	0	0	80250	141.25	134.56	81.19	302.92	187.01	308.66	212.92	1.34	25.30	25.39
7/29/2024 9:35:06 AM	24.99	59.87	7.01	19.91	0.00	0.00	0.00	0.33	111.78	78.24	3.50	17.43	13246	59871	3154	597	0	0	0	0	76869	142.72	129.93	79.18	293.44	180.49	300.39	204.38	1.34	25.30	25.44
7/29/2024 9:35:08 AM	24.63	60.22	5.77	18.86	0.00	0.00	0.00	0.40	109.48	77.85	3.51	17.28	13054	60225	2598	566	0	0	0	0	76442	141.99	124.57	74.25	289.71	175.16	298.12	194.76	1.34	25.29	25.44
7/29/2024 9:35:11 AM	23.89	65.46	10.55	14.10	0.00	0.00	0.00	0.32	114.00	78.16	3.52	17.19	12660	65463	4748	423	0	0	0	0	83293	142.56	123.59	76.48	302.76	177.00	300.65	194.03	1.35	25.27	25.44
7/29/2024 9:35:14 AM	25.50	62.88	6.59	16.07	0.00	0.00	0.00	0.37	111.05	78.73	3.54	17.26	13517	62885	2965	482	0	0	0	0	79848	143.61	120.22	74.85	295.17	174.35	297.28	190.76	1.35	25.24	25.36
7/29/2024 9:35:17 AM	22.53	61.73	9.80	11.77	0.00	0.00	0.00	0.62	105.82	78.73	3.57	17.27	11938	61731	4411	353	0	0	0	0	78433	143.60	112.14	74.23	283.53	167.21	275.93	178.71	1.35	25.21	25.44
7/29/2024 9:35:20 AM	23.19	56.73	2.52	16.64	0.00	0.00	0.00	1.03	99.07	79.24	3.59	17.19	12289	56729	1132	499	0	0	0	0	70649	144.54	108.95	71.21	269.22	164.13	272.45	172.01	1.35	25.19	25.42
7/29/2024 9:35:22 AM	21.67	61.72	9.32	10.41	0.00	0.00	0.00	0.67	103.12	78.62	3.61	17.13	11483	61717	4194	312	0	0	0	0	77706	143.41	106.80	71.08	278.86	161.35	270.43	169.11	1.35	25.14	25.39
7/29/2024 9:35:25 AM	22.48	63.02	8.78	10.34	0.00	0.00	0.00	0.68	104.62	78.68	3.62	17.23	11917	63023	3950	310	0	0	0	0	79199	143.51	106.71	73.00	284.01	162.97	274.00	169.76	1.35	25.12	25.40
7/29/2024 9:35:28 AM	22.82	65.94	11.19	7.46	0.00	0.00	0.00	0.51	107.41	78.56	3.64	17.15	12094	65945	5036	224	0	0	0	0	83299	143.29	105.36	69.73	289.64	162.75	277.16	169.03	1.36	25.09	25.44
7/29/2024 9:35:31 AM	22.48	61.07	6.47	10.89	0.00	0.00	0.00	0.53	100.91	78.52	3.65	17.02	11913	61073	2913	327	0	0	0	0	76225	143.22	102.11	65.85	274.00	154.89	270.23	161.11	1.36	25.09	25.40
7/29/2024 9:35:33 AM	21.75	58.08	4.36	11.00	0.00	0.00	0.00	0.55	95.19	79.37	3.65	16.88	11526	58084	1962	330	0	0	0	0	71903	144.77	95.41	63.82	261.11	145.90	257.54	150.00	1.36	25.03	25.42
7/29/2024 9:35:36 AM	19.53	59.61	7.73	7.80	0.00	0.00	0.00	0.57	94.68	78.63	3.66	16.79	10350	59615	3478	234	0	0	0	0	73677	143.41	93.07	61.79	260.72	142.83	252.51	144.49	1.36	25.00	25.40
7/29/2024 9:35:39 AM	18.28	62.96	11.93	3.73	0.00	0.00	0.00	0.48	96.91	79.11	3.68	16.82	9687	62963	5370	112	0	0	0	0	78132	144.29	91.38	61.52	266.89	141.85	251.23	141.80	1.36	25.02	25.39
7/29/2024 9:35:42 AM	17.52	59.99	11.47	3.15	0.00	0.00	0.00	0.59	92.14	79.07	3.68	16.68	9284	59993	5164	95	0	0	0	0	74535	144.22	86.52	57.61	253.50	136.60	238.65	135.28	1.36	24.96	25.40
7/29/2024 9:35:45 AM	17.69	59.06	11.95	2.03	0.00	0.00	0.00	0.58	90.74	80.03	3.69	16.65	9375	59061	5379	61	0	0	0	0	73876	145.96	83.68	55.51	248.10	134.47	232.15	133.12	1.36	24.94	25.37
7/29/2024 9:35:47 AM	17.77	56.80	10.08	2.95	0.00	0.00	0.00	0.61	87.60	80.91	3.69	16.68	9416	56797	4537	89	0	0	0	0	70839	147.58	80.93	54.42	240.30	130.80	226.18	129.05	1.36	24.90	25.42
7/29/2024 9:35:50 AM	17.59	55.42	8.99	2.95	0.00	0.00	0.00	0.67	84.95	80.56	3.70	16.66	9324	55419	4044	88	0	0	0	0	68875	146.94	77.67	52.77	234.06	127.32	220.53	124.13	1.36	24.90	25.36
7/29/2024 9:35:53 AM	16.33	56.04	11.54	0.35	0.00	0.00	0.00	0.64	84.24	80.82	3.71	16.72	8653	56036	5191	10	0	0	0	0	69890	147.40	75.04	51.48	232.00	124.36	214.08	120.11	1.36	24.89	25.31
7/29/2024 9:35:56 AM	15.59	51.81	10.57	0.89	0.00	0.00	0.00	0.76	78.85	80.49	3.73	16.54	8265	51806	4754	27	0	0	0	0	64852	146.82	71.43	49.91	216.83	119.68	199.81	115.63	1.37	24.81	25.37
7/29/2024 9:35:58 AM	15.70	49.46	9.68	0.43	0.00	0.00	0.00	0.65	75.27	81.41	3.75	16.22	8319	49463	4355	13	0	0	0	0	62150	148.50	66.44	46.57	206.24	113.17	189.86	109.32	1.37	24.79	25.37
7/29/2024 9:36:01 AM	15.35	46.45	9.84	0.00	0.00	0.00	0.00	0.64	71.65	81.41	3.76	16.17	8138	46454	4427	0	0	0	0	0	59019	148.49	63.37	43.38	194.91	109.10	177.46	106.33	1.37	24.77	25.32
7/29/2024 9:36:04 AM	14.19	42.54	9.23	0.22	0.00	0.00	0.00	0.73	66.18	82.22	3.78	16.17	7521	42541	4153	7	0	0	0	0	54222	149.96	59.49	40.21	178.74	103.26	164.84	100.50	1.37	24.74	25.34
7/29/2024 9:36:06 AM	14.77	36.29	2.85	4.78	0.00	0.00	0.00	1.06	58.68	81.92	3.79	16.10	7828	36286	1281	143	0	0	0	0	45538	149.43	56.16	37.16	160.25	99.31	156.25	95.05	1.37	24.71	25.37
7/29/2024 9:36:09 AM	15.13	41.10	8.64	0.18	0.00	0.00	0.00	0.70	65.05	81.75	3.79	16.10	8016	41101	3887	6	0	0	0	0	53009	149.10	57.66	38.12	173.33	102.34	160.56	100.53	1.37	24.69	25.37
7/29/2024 9:36:12 AM	15.88	38.82	4.97	2.82	0.00	0.00	0.00	0.99	62.49	81.63	3.81	16.15	8418	38821	2235	85	0	0	0	0	49559	148.89	57.03	38.94	168.45	103.54	159.64	99.86	1.37	24.64	25.28
7/29/2024 9:36:15 AM	16.26	35.17	1.52	5.40	0.00	0.00	0.00	1.22	58.36	81.50	3.83	16.17	8618	35175	685	162	0	0	0	0	44640	148.66	55.54	37.10	157.78	102.24	154.71	97.83	1.38	24.60	25.26
7/29/2024 9:36:17 AM	15.81	33.64	1.76	5.39	0.00	0.00	0.00	1.26	56.59	81.11	3.85	16.11	8381	33636	791	162	0	0	0	0	42970	147.93	54.86	35.17	151.73	101.08	149.89	97.16	1.38	24.59	25.28
7/29/2024 9:36:20 AM	15.70	35.93	4.12	3.47	0.00	0.00	0.00	1.11	59.21	81.29	3.87	16.06	8319	35926	1853	104	0	0	0	0	46202	148.26	55.45	35.18	157.74	101.87	152.65	98.44	1.38	24.60	25.32
7/29/2024 9:36:23 AM	14.66	38.96	6.80	1.16	0.00	0.00	0.00	1.04	61.58	80.37	3.88	15.87	7769	38961	3060	35	0	0	0	0	49824	146.60	55.60	37.01	165.74	101.90	155.11	97.15	1.38	24.51	25.31
7/29/2024 9:36:26 AM	14.23	39.59	7.32	0.70	0.00	0.00	0.00	1.01	61.84	81.56	3.90	15.94	7543	39589	3293	21	0	0	0	0	50446	148.76	55.45	37.91	167.43	101.29	155.19	96.08	1.38	24.50	25.26
7/29/2024 9:36:28 AM	14.30	40.24	8.15	0.00	0.00	0.00	0.00	0.96	62.69	82.03	3.91	16.01	7580	40243	3666	0	0	0	0	0	51489	149.62	55.58	37.70	169.54	101.58	155.07	96.69	1.38	24.48	25.31
7/29/2024 9:36:31 AM	14.45	39.71	7.96	0.00	0.00	0.00	0.00	1.00	62.12	81.62	3.93	15.77	7657	39710	3582	0	0	0	0	0	50949	148.87	55.02	36.58	167.35	101.53	153.61	96.55	1.38	24.46	25.23
7/29/2024 9:36:34 AM	15.61	34.78	4.06	3.46	0.00	0.00	0.00	1.25	57.92	81.49	3.94	15.55	8273	34781	1829	104	0	0	0	0	44987	148.63	54.77	34.54	153.57	102.51	148.68	98.60	1.39	24.41	25.24
7/29/2024 9:36:37 AM	17.03	32.45	1.96	5.43	0.00	0.00	0.00	1.33	56.87	80.87	3.96	15.51	9024	32454	882	163	0	0	0	0	42524	147.51	55.43	34.64	148.79	104.48	147.32	102.29	1.39	24.38	25.29
7/29/2024 9:36:39 AM	16.85	31.97	3.96	3.77	0.00	0.00	0.00	1.32	56.55	81.43	3.97	15.48	8932	31972	1781	113	0	0	0	0	42798	148.52	54.30	33.89	145.35	104.51	140.88	103.17	1.39	24.36	25.23
7/29/2024 9:36:42 AM	16.79	29.09	2.90	4.69	0.00	0.00	0.00	1.55	53.47	80.79	3.99	15.46	8898	29089	1305	141	0	0	0	0	39433	147.36	53.29	31.76	135.72	104.68	134.19	103.08	1.39	24.28	25.23
7/29/2024 9:36:45 AM	18.03	30.88	3.96	3.55	0.00	0.00	0.00	1.55	56.42	81.22	4.00	15.53	9557	30882	1782	106	0	0	0	0	42327	148.13	54.01	33.52	142.15	108.99	137.25	107.51	1.39	24.27	25.29
7/29/2024 9:36:47 AM	19.32	31.73	2.96	3.86	0.00	0.00	0.00	1.66	57.87	79.94	4.02	15.60	10239	31730	1333	116	0	0	0	0	43418	145.81	54.38	33.74	145.91	112.61	141.69	109.98	1.39	24.27	25.29
7/29/2024 9:36:50 AM	17.98	31.26	3.82	2.96	0.00	0.00	0.00	1.73	56.02	80.26	4.03	15.51	9527	31256	1719	89	0	0	0	0	42591	146.39	52.69	31.88	141.68	109.94	136.96	105.92	1.40	24.19	25.21
7/29/2024 9:36:53 AM	18.91	30.22	1.95	4.31	0.00	0.00	0.00	1.85	55.39	80.16	4.06	15.38	10023	30225	876	129	0	0	0	0	41253	146.22	52.79	31.30	139.71	111.55	137.99	107.22	1.40	24.18	25.23
7/29/2024 9:36:56 AM	19.31	28.98	0.68	5.22	0.00	0.00	0.00	2.02	54.19	80.79	4.07	15.37	10236	28977	307	157	0	0	0	0	39678	147.35	52.49	31.13	136.44	112.89	136.37	107.83	1.40	24.14	25.21
7/29/2024 9:36:58 AM	18.73	29.49	2.44	3.55	0.00	0.00	0.00	2.11	54.20	80.96	4.09	15.38	9926	29490	1097	106	0	0	0	0	40620	147.67	51.49	30.67	135.95	113.44	132.89	107.27	1.40	24.14	25.21
7/29/2024 9:37:01 AM	18.84	30.24	4.26	1.66	0.00	0.00	0.00	2.13	55.01	80.50	4.11	15.45	9986	30242	1918	50	0	0	0	0	42196	146.82	50.44	29.64	136.26	114.52	130.30	108.03	1.40	24.11	25.24
7/29/2024 9:37:04 AM	19.38	29.77	4.04	1.74	0.00	0.00	0.00	2.36	54.93	79.44	4.14	15.54	10269	29770	1820	52	0	0	0	0	41911	144.90	50.65	29.67	135.15	118.20	129.26	110.69	1.41	24.05	25.12
7/29/2024 9:37:07 AM	20.06	28.62	2.35	3.35	0.00	0.00	0.00	2.35	54.37	79.57	4.16	15.56	10630	28619	1057	100	0	0	0	0	40406	145.13	51.37	29.96	133.47	118.45	130.40	111.95	1.41	24.02	25.20
7/29/2024 9:37:10 AM	19.14	30.32	5.55	1.03	0.00	0.00	0.00	2.17	56.04	79.61	4.17	15.48	10144	30321	2497	31	0	0	0	0	42993	145.21	51.58	30.43	136.96	117.55	129.23	112.07	1.41	24.00	25.20
7/29/2024 9:37:12 AM	21.20	29.24	2.61	2.96	0.00	0.00	0.00	2.37	56.01	79.58	4.19	15.24	11239	29241	1173	89	0	0	0	0	41742	145.15	51.85	30.67	136.23	121.74	131.95	115.62	1.41	23.98	25.13
7/29/2024 9:37:15 AM	22.35	29.12	1.41	3.81	0.00	0.00	0.00	2.59	56.69	79.13	4.21	15.09	11846	29123	636	114	0	0	0	0	41719	144.34	52.85	31.03	137.52	126.45	134.76	119.35	1.41	23.95	25.15
7/29/2024 9:37:18 AM	21.14	30.59	4.69	0.75	0.00	0.00	0.00	2.56	57.16	79.30	4.23	14.89	11203	30586	2112	22	0	0	0	0	43924	144.64	51.08	29.72	138.11	125.06	130.41	116.92	1.41	23.90	25.16
7/29/2024 9:37:20 AM	21.27	29.55	3.28	2.14	0.00	0.00	0.00	2.54	56.24	78.97	4.25	14.86	11273	29547	1477	64	0	0	0	0	42361	144.04	51.50	30.05	136.21	124.16	130.85	116.66	1.42	23.86	25.12
7/29/2024 9:37:23 AM	20.96	30.18	4.70	0.99	0.00	0.00	0.00	2.60	56.83	78.88	4.28	15.02	11107	30178	2117	30	0	0	0	0	43431	143.87	51.51	29.89	137.10	125.48	129.73	117.47	1.42	23.83	25.12
7/29/2024 9:37:26 AM	21.79	28.31	3.03	2.28	0.00	0.00	0.00	2.60	55.43	79.08	4.30	15.02	11551	28314	1365	69	0	0	0	0	41299	144.23	51.01	28.62	132.04	124.85	127.88	118.00	1.42	23.81	25.05
7/29/2024 9:37:28 AM	22.16	28.68	2.78	2.65	0.00	0.00	0.00	2.71	56.27	79.07	4.32	15.02	11743	28683	1253	79	0	0	0	0	41758	144.22	52.25	29.41	134.35	127.92	130.51	120.51	1.42	23.81	25.08
7/29/2024 9:37:32 AM	22.44	24.75	0.12	4.78	0.00	0.00	0.00	2.92	52.08	77.99	4.33	15.13	11892	24750	52	143	0	0	0	0	36838	142.25	50.83	26.71	122.14	126.67	123.87	119.32	1.42	23.73	25.07
7/29/2024 9:37:34 AM	22.55	28.49	4.86	0.89	0.00	0.00	0.00	2.80	56.79	78.37	4.35	15.14	11950	28489	2187	27	0	0	0	0	42653	142.95	51.72	28.69	132.26	130.70	125.38	123.89	1.43	23.71	24.99
7/29/2024 9:37:37 AM	24.35	25.50	0.51	4.34	0.00	0.00	0.00	2.98	54.70	78.07	4.36	15.03	12904	25501	229	130	0	0	0	0	38764	142.39	52.03	27.95	126.16	132.63	126.24	126.14	1.43	23.69	25.00
7/29/2024 9:37:40 AM	23.53	27.14	3.63	1.54	0.00	0.00	0.00	3.07	55.84	77.61	4.39	14.58	12472	27142	1632	46	0	0	0	0	41292	141.57	51.23	27.72	128.43	134.13	123.33	126.21	1.43	23.68	25.00
7/29/2024 9:37:42 AM	25.36	23.40	1.99	2.50	0.00	0.00	0.00	3.55	53.24	76.15	4.50	13.55	13440	23401	894	75	0	0	0	0	37810	138.89	50.05	25.65	117.10	140.28	114.70	131.72	1.44	23.66	25.08
7/29/2024 9:37:45 AM	25.96	23.87	1.38	3.33	0.00	0.00	0.00	3.41	54.55	76.07	4.53	12.96	13761	23870	623	100	0	0	0	0	38354	138.75	51.62	26.07	120.29	140.67	119.56	133.62	1.44	23.58	24.97
7/29/2024 9:37:48 AM	25.17	27.17	4.48	0.71	0.00	0.00	0.00	3.51	57.53	76.27	4.54	13.09	13341	27171	2015	21	0	0	0	0	42548	139.12	52.50	27.39	129.04	144.26	122.81	134.94	1.45	23.56	25.03
7/29/2024 9:37:51 AM	25.12	25.34	3.46	1.58	0.00	0.00	0.00	3.60	55.50	76.69	4.56	13.42	13312	25339	1557	48	0	0	0	0	40256	139.88	51.79	26.95	123.45	143.47	118.82	134.18	1.45	23.53	24.97
7/29/2024 9:37:54 AM	25.64	24.29	2.46	2.45	0.00	0.00	0.00	3.66	54.84	76.45	4.58	13.58	13588	24292	1108	73	0	0	0	0	39062	139.44	51.95	26.21	120.85	144.25	118.40	135.35	1.45	23.48	25.00
7/29/2024 9:37:56 AM	26.12	25.41	3.07	1.99	0.00	0.00	0.00	3.62	56.58	76.40	4.59	13.98	13841	25408	1383	60	0	0	0	0	40692	139.36	52.80	27.19	124.99	146.12	121.12	137.59	1.45	23.46	24.94
7/29/2024 9:37:59 AM	25.76	25.22	3.06	1.81	0.00	0.00	0.00	3.60	55.86	76.56	4.63	14.03	13654	25221	1377	54	0	0	0	0	40306	139.64	51.85	27.67	123.91	144.45	119.07	135.55	1.45	23.43	24.92
7/29/2024 9:38:02 AM	26.33	27.59	3.86	1.11	0.00	0.00	0.00	3.68	58.89	76.25	4.64	14.04	13955	27591	1738	33	0	0	0	0	43318	139.08	53.63	28.42	132.02	149.18	125.94	139.12	1.45	23.39	24.95
7/29/2024 9:38:05 AM	26.32	26.71	3.84	0.86	0.00	0.00	0.00	3.71	57.73	76.09	4.67	14.14	13950	26708	1728	26	0	0	0	0	42412	138.79	52.35	27.00	128.08	148.20	122.35	138.05	1.46	23.32	24.97
7/29/2024 9:38:07 AM	25.90	24.52	2.54	1.89	0.00	0.00	0.00	3.74	54.84	76.15	4.68	13.85	13725	24518	1145	57	0	0	0	0	39445	138.89	50.89	26.54	121.01	145.09	117.01	135.04	1.46	23.35	24.94
7/29/2024 9:38:10 AM	25.33	24.48	3.60	1.30	0.00	0.00	0.00	3.59	54.71	76.08	4.71	13.87	13427	24484	1619	39	0	0	0	0	39568	138.78	50.77	25.94	119.98	142.82	115.29	134.09	1.46	23.33	24.91
7/29/2024 9:38:13 AM	26.44	24.43	3.56	0.79	0.00	0.00	0.00	3.83	55.22	75.81	4.76	13.48	14012	24429	1602	24	0	0	0	0	40067	138.28	50.29	25.32	119.57	147.37	114.32	137.29	1.47	23.25	24.86
7/29/2024 9:38:15 AM	26.56	23.15	3.66	0.29	0.00	0.00	0.00	3.83	53.66	75.98	4.77	13.47	14079	23149	1647	9	0	0	0	0	38884	138.59	48.22	23.61	113.92	145.56	108.53	135.82	1.47	23.23	24.91
7/29/2024 9:38:18 AM	26.80	21.22	3.01	0.77	0.00	0.00	0.00	3.89	51.80	75.78	4.80	13.40	14205	21218	1356	23	0	0	0	0	36802	138.21	47.19	22.54	107.58	144.94	103.47	135.78	1.47	23.21	24.86
7/29/2024 9:38:20 AM	26.84	19.45	1.63	2.03	0.00	0.00	0.00	4.06	49.95	75.90	4.83	13.39	14225	19448	734	61	0	0	0	0	34468	138.44	47.12	22.28	102.78	145.49	101.03	135.90	1.47	23.17	24.75
7/29/2024 9:38:23 AM	27.08	20.80	2.34	1.37	0.00	0.00	0.00	4.07	51.59	75.82	4.85	13.43	14353	20803	1052	41	0	0	0	0	36250	138.29	47.77	22.94	107.15	147.53	103.91	137.45	1.48	23.15	24.86
7/29/2024 9:38:26 AM	26.91	21.32	3.03	1.09	0.00	0.00	0.00	4.10	52.35	75.95	4.87	13.61	14260	21320	1365	33	0	0	0	0	36977	138.53	48.75	23.42	108.99	149.02	105.06	138.93	1.48	23.09	24.76
7/29/2024 9:38:29 AM	26.37	19.98	2.48	1.59	0.00	0.00	0.00	3.98	50.43	75.75	4.90	13.66	13977	19983	1117	48	0	0	0	0	35125	138.17	47.59	22.76	104.25	144.84	101.41	135.71	1.48	23.07	24.79
7/29/2024 9:38:31 AM	26.21	20.52	3.39	0.75	0.00	0.00	0.00	4.01	50.87	75.75	4.91	13.47	13894	20517	1526	22	0	0	0	0	35959	138.17	47.39	22.24	104.95	145.53	100.96	135.94	1.48	23.05	24.75
7/29/2024 9:38:34 AM	25.95	21.03	4.11	0.17	0.00	0.00	0.00	3.98	51.26	75.75	4.94	13.46	13752	21028	1852	5	0	0	0	0	36636	138.16	47.36	22.40	106.05	145.27	100.89	135.66	1.48	23.02	24.79
7/29/2024 9:38:37 AM	25.95	20.86	3.68	0.00	0.00	0.00	0.00	3.76	50.50	75.76	4.97	13.31	13755	20857	1658	0	0	0	0	0	36270	138.18	45.37	21.65	104.70	140.59	98.98	131.71	1.49	22.97	24.76
7/29/2024 9:38:40 AM	26.19	19.62	2.33	1.08	0.00	0.00	0.00	3.82	49.22	75.86	5.01	13.30	13882	19618	1046	32	0	0	0	0	34579	138.38	45.04	21.45	101.31	140.19	98.06	131.29	1.49	22.95	24.76
7/29/2024 9:38:42 AM	26.06	20.71	3.45	0.18	0.00	0.00	0.00	3.80	50.40	75.83	5.02	13.40	13813	20712	1550	5	0	0	0	0	36081	138.31	45.41	21.96	104.34	141.18	99.15	132.08	1.49	22.92	24.73
7/29/2024 9:38:45 AM	25.83	19.08	1.77	1.51	0.00	0.00	0.00	3.83	48.19	76.06	5.05	12.96	13692	19076	796	45	0	0	0	0	33609	138.74	44.56	21.24	99.44	138.66	97.05	129.43	1.49	22.88	24.71
7/29/2024 9:38:48 AM	24.01	18.94	2.99	0.36	0.00	0.00	0.00	3.80	46.30	76.12	5.06	12.56	12724	18940	1347	11	0	0	0	0	33022	138.85	42.62	20.10	96.03	134.10	92.00	123.70	1.50	22.83	24.67
7/29/2024 9:38:50 AM	24.12	19.12	3.02	0.20	0.00	0.00	0.00	3.78	46.46	76.38	5.09	12.72	12785	19118	1361	6	0	0	0	0	33270	139.31	42.35	20.22	96.49	133.99	92.02	123.52	1.50	22.82	24.65
7/29/2024 9:38:53 AM	24.02	17.27	1.80	1.42	0.00	0.00	0.00	3.76	44.50	76.50	5.11	13.04	12730	17265	808	43	0	0	0	0	30846	139.54	41.94	20.04	91.31	131.85	88.96	122.32	1.50	22.77	24.59
7/29/2024 9:38:56 AM	23.48	16.37	1.68	1.54	0.00	0.00	0.00	3.63	43.08	76.06	5.15	12.94	12444	16367	758	46	0	0	0	0	29616	138.73	40.90	19.02	87.59	128.00	86.02	119.42	1.50	22.74	24.59
7/29/2024 9:38:59 AM	23.42	19.20	3.35	0.00	0.00	0.00	0.00	3.66	45.97	76.70	5.18	12.92	12412	19200	1509	0	0	0	0	0	33121	139.90	41.86	20.31	96.20	131.01	90.99	120.92	1.51	22.70	24.55
7/29/2024 9:39:01 AM	23.63	18.48	1.93	1.43	0.00	0.00	0.00	3.57	45.47	77.13	5.21	12.88	12521	18477	871	43	0	0	0	0	31912	140.69	42.46	21.33	95.62	129.70	92.52	120.64	1.51	22.69	24.62
7/29/2024 9:39:04 AM	23.04	17.44	2.10	1.13	0.00	0.00	0.00	3.46	43.70	76.78	5.23	12.86	12209	17437	945	34	0	0	0	0	30626	140.05	40.62	20.18	90.78	125.46	87.53	117.09	1.51	22.68	24.60
7/29/2024 9:39:07 AM	22.73	16.98	2.35	0.99	0.00	0.00	0.00	3.58	43.05	76.80	5.27	12.40	12047	16983	1056	30	0	0	0	0	30116	140.09	40.60	18.80	88.51	126.41	86.12	117.32	1.52	22.59	24.59
7/29/2024 9:39:10 AM	22.77	16.97	2.89	0.35	0.00	0.00	0.00	3.55	42.99	76.95	5.28	12.06	12067	16975	1302	11	0	0	0	0	30355	140.36	39.82	18.55	87.70	125.87	84.11	116.98	1.52	22.58	24.60
7/29/2024 9:39:13 AM	23.24	16.45	1.93	1.16	0.00	0.00	0.00	3.51	42.78	77.14	5.31	12.14	12315	16449	870	35	0	0	0	0	29669	140.71	39.99	18.55	86.98	125.59	84.91	117.37	1.52	22.56	24.50
7/29/2024 9:39:15 AM	22.30	18.64	3.23	0.00	0.00	0.00	0.00	3.25	44.17	75.97	5.36	12.22	11820	18641	1455	0	0	0	0	0	31915	138.57	39.71	20.10	93.40	121.96	87.28	113.75	1.52	22.52	24.52
7/29/2024 9:39:18 AM	22.38	16.85	1.57	1.08	0.00	0.00	0.00	3.40	41.88	77.24	5.37	12.14	11863	16851	706	32	0	0	0	0	29452	140.88	38.51	18.55	87.17	121.24	84.78	112.10	1.53	22.49	24.49
7/29/2024 9:39:21 AM	22.08	15.16	0.99	1.68	0.00	0.00	0.00	3.38	39.91	77.75	5.44	12.10	11702	15160	447	50	0	0	0	0	27360	141.82	37.65	18.09	81.68	118.83	80.37	110.50	1.53	22.49	24.52
7/29/2024 9:39:24 AM	20.85	14.54	1.46	1.39	0.00	0.00	0.00	3.13	38.23	78.28	5.48	12.02	11048	14541	656	42	0	0	0	0	26286	142.78	36.17	16.87	77.95	112.43	76.75	105.30	1.54	22.42	24.46
7/29/2024 9:39:26 AM	20.59	13.22	0.57	2.21	0.00	0.00	0.00	3.10	36.59	78.20	5.51	12.02	10911	13218	255	66	0	0	0	0	24450	142.63	35.60	16.31	73.85	110.09	74.42	103.50	1.54	22.38	24.44
7/29/2024 9:39:29 AM	19.93	15.75	2.90	0.00	0.00	0.00	0.00	3.01	38.57	78.53	5.53	12.16	10561	15745	1304	0	0	0	0	0	27610	143.23	35.28	17.04	81.04	109.75	74.71	102.14	1.54	22.33	24.39
7/29/2024 9:39:32 AM	19.58	15.04	2.10	0.68	0.00	0.00	0.00	3.00	37.39	78.49	5.56	12.24	10375	15040	945	20	0	0	0	0	26380	143.16	34.81	16.36	77.63	107.90	75.35	100.19	1.54	22.32	24.34
7/29/2024 9:39:35 AM	19.50	15.02	3.18	0.02	0.00	0.00	0.00	2.94	37.71	78.74	5.61	12.29	10333	15015	1431	1	0	0	0	0	26780	143.62	34.94	16.48	77.18	107.87	73.48	101.27	1.55	22.28	24.36
7/29/2024 9:39:37 AM	20.37	15.18	2.91	0.00	0.00	0.00	0.00	2.89	38.46	77.65	5.63	12.39	10795	15184	1309	0	0	0	0	0	27289	141.64	34.91	16.29	78.93	108.71	73.64	102.68	1.55	22.25	24.26
7/29/2024 9:39:40 AM	20.44	15.25	2.42	0.58	0.00	0.00	0.00	3.08	38.69	78.08	5.66	12.42	10833	15246	1089	18	0	0	0	0	27186	142.42	35.93	17.85	79.65	111.81	76.09	104.58	1.55	22.21	24.30
7/29/2024 9:39:43 AM	20.05	15.23	3.24	0.20	0.00	0.00	0.00	2.92	38.71	78.45	5.68	12.61	10625	15228	1457	6	0	0	0	0	27316	143.08	36.00	17.10	78.92	109.67	75.26	103.93	1.56	22.21	24.30
7/29/2024 9:39:45 AM	19.73	11.80	0.18	2.66	0.00	0.00	0.00	2.96	34.38	78.06	5.70	12.66	10459	11800	82	80	0	0	0	0	22421	142.39	34.35	15.61	68.61	105.09	70.16	99.52	1.56	22.18	24.33
7/29/2024 9:39:48 AM	20.39	12.10	0.00	2.77	0.00	0.00	0.00	3.13	35.25	78.64	5.72	12.48	10806	12098	0	83	0	0	0	0	22987	143.43	35.18	15.73	70.22	109.05	72.23	102.62	1.56	22.14	24.30
7/29/2024 9:39:51 AM	20.02	13.87	1.09	1.83	0.00	0.00	0.00	3.00	36.82	78.26	5.73	12.46	10613	13874	492	55	0	0	0	0	25034	142.74	35.46	17.12	75.60	108.27	74.79	101.73	1.56	22.12	24.20
7/29/2024 9:39:54 AM	19.73	13.03	1.14	1.80	0.00	0.00	0.00	3.00	35.69	78.60	5.72	12.25	10454	13029	512	54	0	0	0	0	24049	143.36	34.77	15.85	72.05	106.87	72.01	100.58	1.56	22.07	24.26
7/29/2024 9:39:56 AM	20.04	12.87	0.69	2.14	0.00	0.00	0.00	3.07	35.74	78.66	5.73	12.18	10619	12873	311	64	0	0	0	0	23868	143.47	35.02	16.31	72.21	108.16	72.46	101.58	1.56	22.03	24.15
7/29/2024 9:39:59 AM	19.03	14.91	3.00	0.21	0.00	0.00	0.00	3.03	37.15	78.23	5.75	12.14	10085	14912	1349	6	0	0	0	0	26353	142.69	34.98	16.59	76.73	107.98	73.32	100.36	1.56	22.03	24.15
7/29/2024 9:40:02 AM	18.15	12.46	1.32	1.35	0.00	0.00	0.00	2.87	33.29	78.31	5.77	12.00	9621	12460	595	41	0	0	0	0	22717	142.83	32.29	15.04	67.89	100.35	67.14	93.43	1.57	21.96	24.17
7/29/2024 9:40:05 AM	18.03	12.98	1.64	0.94	0.00	0.00	0.00	2.80	33.58	78.85	5.81	11.95	9556	12983	737	28	0	0	0	0	23303	143.82	31.85	15.18	69.07	99.27	67.40	92.33	1.57	21.94	24.14
7/29/2024 9:40:08 AM	18.11	13.56	1.60	1.02	0.00	0.00	0.00	2.85	34.30	78.27	5.84	11.87	9599	13564	722	31	0	0	0	0	23916	142.76	32.54	16.12	71.57	100.71	69.47	93.25	1.57	21.92	24.09
7/29/2024 9:40:10 AM	18.39	12.79	0.93	1.72	0.00	0.00	0.00	2.95	33.83	78.64	5.88	11.72	9748	12785	421	52	0	0	0	0	23005	143.43	33.09	15.35	69.67	102.14	69.60	94.68	1.58	21.90	24.04
7/29/2024 9:40:13 AM	16.88	12.99	1.82	0.89	0.00	0.00	0.00	2.77	32.59	78.68	5.92	11.75	8949	12992	818	27	0	0	0	0	22786	143.52	31.43	14.94	68.17	96.45	66.58	88.89	1.58	21.88	24.05
7/29/2024 9:40:16 AM	16.50	13.00	2.44	0.70	0.00	0.00	0.00	2.59	32.64	79.18	5.96	11.80	8744	13000	1099	21	0	0	0	0	22864	144.43	31.57	15.31	68.12	94.16	65.82	88.13	1.58	21.82	24.04
7/29/2024 9:40:18 AM	16.50	12.59	1.82	1.01	0.00	0.00	0.00	2.72	31.93	78.92	5.99	12.07	8747	12589	821	30	0	0	0	0	22187	143.95	31.18	14.67	66.61	94.77	65.36	87.62	1.59	21.82	23.99
7/29/2024 9:40:21 AM	16.41	12.50	1.38	1.29	0.00	0.00	0.00	2.77	31.58	78.88	6.03	12.14	8698	12502	622	39	0	0	0	0	21861	143.88	31.06	14.85	66.48	94.81	65.59	86.97	1.59	21.75	23.97
7/29/2024 9:40:23 AM	16.62	11.44	0.41	2.09	0.00	0.00	0.00	2.65	30.56	78.99	6.05	12.20	8811	11440	184	63	0	0	0	0	20497	144.07	30.50	14.15	63.45	92.31	64.43	85.74	1.59	21.73	23.96
7/29/2024 9:40:26 AM	16.77	12.89	2.45	0.45	0.00	0.00	0.00	2.66	32.57	78.72	6.09	12.22	8890	12890	1102	14	0	0	0	0	22896	143.58	31.09	14.75	67.35	95.10	64.94	88.58	1.60	21.73	23.99
7/29/2024 9:40:29 AM	15.48	12.57	2.77	0.00	0.00	0.00	0.00	2.61	30.82	78.66	6.11	12.30	8203	12570	1248	0	0	0	0	0	22021	143.47	29.47	13.86	64.87	90.84	60.92	83.46	1.60	21.66	23.91
7/29/2024 9:40:32 AM	15.14	10.65	0.39	2.20	0.00	0.00	0.00	2.63	28.39	78.58	6.12	12.24	8026	10654	175	66	0	0	0	0	18922	143.34	29.37	13.85	59.70	88.08	60.83	80.87	1.60	21.64	23.91
7/29/2024 9:40:34 AM	15.51	11.90	1.80	1.03	0.00	0.00	0.00	2.66	30.24	78.66	6.15	11.78	8222	11902	811	31	0	0	0	0	20966	143.47	30.06	13.95	63.26	91.12	62.34	83.80	1.60	21.61	23.93
7/29/2024 9:40:37 AM	14.67	9.82	0.00	2.43	0.00	0.00	0.00	2.54	26.92	78.64	6.17	11.30	7775	9820	0	73	0	0	0	0	17669	143.44	28.10	12.94	56.14	84.62	58.42	77.79	1.60	21.61	23.89
7/29/2024 9:40:40 AM	14.85	11.61	2.12	0.32	0.00	0.00	0.00	2.49	28.91	78.73	6.20	11.36	7871	11611	953	10	0	0	0	0	20446	143.60	27.70	13.05	60.35	85.93	58.34	78.89	1.61	21.58	23.85
7/29/2024 9:40:43 AM	13.77	9.18	0.00	2.14	0.00	0.00	0.00	2.42	25.09	78.96	6.25	11.45	7296	9184	0	64	0	0	0	0	16545	144.03	26.09	11.97	52.41	79.58	54.39	72.70	1.61	21.51	23.81
7/29/2024 9:40:46 AM	13.51	9.44	0.00	2.41	0.00	0.00	0.00	2.34	25.36	78.70	6.29	11.39	7162	9436	0	72	0	0	0	0	16670	143.54	26.80	12.17	53.64	78.71	56.04	72.39	1.62	21.51	23.81
7/29/2024 9:40:48 AM	12.90	11.59	2.58	0.00	0.00	0.00	0.00	2.36	27.07	78.48	6.31	11.32	6838	11590	1162	0	0	0	0	0	19590	143.15	26.37	12.74	58.47	79.98	55.66	72.22	1.62	21.49	23.81
7/29/2024 9:40:51 AM	13.86	10.17	1.00	1.15	0.00	0.00	0.00	2.41	26.19	78.27	6.32	11.39	7346	10174	452	35	0	0	0	0	18007	142.76	26.06	12.32	55.03	80.56	54.73	73.41	1.62	21.46	23.80
7/29/2024 9:40:54 AM	13.34	9.95	1.22	1.15	0.00	0.00	0.00	2.32	25.66	78.64	6.33	11.47	7073	9948	548	35	0	0	0	0	17603	143.44	25.91	11.83	53.83	78.48	53.90	71.91	1.62	21.42	23.77
7/29/2024 9:40:57 AM	13.25	12.16	2.46	0.00	0.00	0.00	0.00	2.17	27.87	78.75	6.36	11.73	7022	12158	1108	0	0	0	0	0	20289	143.65	26.38	13.45	62.11	78.28	55.92	71.62	1.62	21.38	23.69
7/29/2024 9:41:00 AM	13.05	10.53	1.11	1.23	0.00	0.00	0.00	2.34	25.92	78.39	6.38	11.72	6916	10529	501	37	0	0	0	0	17982	142.97	26.16	12.48	55.84	78.41	55.67	71.06	1.62	21.36	23.67
7/29/2024 9:41:02 AM	12.94	10.62	0.88	1.22	0.00	0.00	0.00	2.31	25.66	78.29	6.42	11.59	6858	10625	398	36	0	0	0	0	17917	142.81	25.57	12.46	55.86	77.21	55.60	69.56	1.63	21.34	23.67
7/29/2024 9:41:05 AM	12.51	11.45	2.29	0.00	0.00	0.00	0.00	2.31	26.26	78.40	6.44	11.38	6632	11451	1032	0	0	0	0	0	19116	143.00	25.32	12.57	57.39	77.51	54.50	69.39	1.63	21.27	23.65
7/29/2024 9:41:08 AM	12.12	10.02	0.70	1.27	0.00	0.00	0.00	2.32	24.11	78.56	6.46	11.34	6422	10018	313	38	0	0	0	0	16791	143.29	24.50	11.95	52.94	74.64	52.94	66.27	1.63	21.27	23.65
7/29/2024 9:41:11 AM	11.52	9.74	1.43	0.54	0.00	0.00	0.00	2.25	23.23	78.51	6.48	11.19	6107	9742	645	16	0	0	0	0	16510	143.19	23.22	11.14	50.48	72.03	49.45	63.86	1.63	21.23	23.64
7/29/2024 9:41:13 AM	11.81	8.84	0.00	1.53	0.00	0.00	0.00	2.18	22.19	78.44	6.51	11.33	6261	8844	0	46	0	0	0	0	15151	143.07	22.53	10.64	48.14	69.92	49.23	62.21	1.64	21.23	23.62
7/29/2024 9:41:16 AM	10.80	9.88	0.74	0.89	0.00	0.00	0.00	2.18	22.31	78.70	6.53	11.35	5726	9877	334	27	0	0	0	0	15963	143.56	22.33	11.24	50.46	68.67	49.94	59.66	1.64	21.20	23.56
7/29/2024 9:41:18 AM	11.03	9.67	0.00	1.83	0.00	0.00	0.00	2.24	22.53	78.43	6.55	11.43	5844	9675	0	55	0	0	0	0	15573	143.05	22.94	11.86	50.47	70.32	53.29	61.39	1.64	21.16	23.56
7/29/2024 9:41:21 AM	12.34	11.86	1.41	0.00	0.00	0.00	0.00	2.08	25.60	78.64	6.58	11.53	6542	11855	633	0	0	0	0	0	19030	143.44	23.25	11.59	58.52	71.97	54.04	63.70	1.64	21.16	23.52
7/29/2024 9:41:24 AM	11.73	10.62	1.65	0.06	0.00	0.00	0.00	2.11	24.05	78.55	6.62	11.61	6215	10623	740	2	0	0	0	0	17580	143.26	22.66	11.31	52.93	70.63	50.87	62.78	1.65	21.11	23.54
7/29/2024 9:41:27 AM	11.79	11.26	1.36	0.00	0.00	0.00	0.00	2.10	24.41	78.13	6.65	11.63	6246	11263	612	0	0	0	0	0	18121	142.50	22.50	11.75	56.59	70.43	50.68	61.70	1.65	21.08	23.48
7/29/2024 9:41:30 AM	11.10	10.12	1.36	0.00	0.00	0.00	0.00	2.11	22.58	78.78	6.68	11.62	5882	10115	614	0	0	0	0	0	16612	143.70	21.24	10.11	50.06	67.87	48.40	59.23	1.65	21.05	23.43
7/29/2024 9:41:32 AM	10.62	9.77	1.38	0.00	0.00	0.00	0.00	2.14	21.77	78.46	6.70	11.64	5630	9771	621	0	0	0	0	0	16022	143.10	20.85	9.92	48.60	66.98	46.71	57.87	1.66	21.04	23.44
7/29/2024 9:41:35 AM	10.20	9.33	0.99	0.37	0.00	0.00	0.00	2.14	20.89	78.49	6.73	11.65	5407	9327	446	11	0	0	0	0	15191	143.16	20.51	10.16	46.98	65.48	45.94	56.20	1.66	21.01	23.36
7/29/2024 9:41:38 AM	10.10	8.85	0.00	1.27	0.00	0.00	0.00	2.09	20.21	78.39	6.76	11.68	5351	8849	0	38	0	0	0	0	14238	142.99	20.54	10.21	46.08	63.89	46.78	54.87	1.66	20.99	23.36
7/29/2024 9:41:40 AM	9.86	9.00	0.41	0.93	0.00	0.00	0.00	2.18	20.21	78.35	6.79	11.67	5226	9005	186	28	0	0	0	0	14444	142.91	20.62	10.37	46.27	64.91	46.12	55.12	1.67	20.95	23.32
7/29/2024 9:41:43 AM	9.99	9.84	1.15	0.17	0.00	0.00	0.00	2.25	21.14	78.42	6.83	11.64	5293	9842	516	5	0	0	0	0	15656	143.03	20.72	10.41	48.43	66.86	46.93	56.26	1.67	20.90	23.33
7/29/2024 9:41:46 AM	9.86	8.03	0.00	1.40	0.00	0.00	0.00	2.11	19.30	78.42	6.85	11.67	5225	8033	0	42	0	0	0	0	13301	143.03	19.97	9.75	42.83	63.34	44.90	54.58	1.67	20.91	23.36
7/29/2024 9:41:48 AM	10.85	11.07	0.79	0.00	0.00	0.00	0.00	1.94	22.70	78.29	6.89	11.59	5749	11071	354	0	0	0	0	0	17174	142.80	20.43	11.07	55.94	64.43	47.08	55.10	1.67	20.87	23.30
7/29/2024 9:41:51 AM	9.27	8.48	0.36	0.90	0.00	0.00	0.00	2.10	19.02	78.31	6.92	11.56	4914	8483	161	27	0	0	0	0	13585	142.83	19.57	9.90	43.76	61.87	43.68	52.21	1.68	20.85	23.32
7/29/2024 9:41:54 AM	9.19	8.40	0.00	1.07	0.00	0.00	0.00	2.08	18.66	78.03	6.95	11.70	4871	8396	0	32	0	0	0	0	13299	142.33	18.98	9.81	43.18	60.80	43.85	50.97	1.68	20.83	23.24
7/29/2024 9:41:57 AM	9.23	8.24	0.06	1.04	0.00	0.00	0.00	2.08	18.57	78.19	6.98	11.66	4891	8239	25	31	0	0	0	0	13186	142.63	19.10	9.70	42.83	60.85	43.08	51.18	1.68	20.80	23.25
7/29/2024 9:41:59 AM	9.31	9.60	1.21	0.00	0.00	0.00	0.00	1.99	20.11	77.74	6.99	11.60	4936	9595	543	0	0	0	0	0	15074	141.79	19.38	9.71	47.56	61.28	43.77	51.76	1.69	20.76	23.17
7/29/2024 9:42:02 AM	9.67	9.59	0.96	0.22	0.00	0.00	0.00	2.17	20.44	77.94	7.01	11.62	5127	9589	432	7	0	0	0	0	15155	142.17	19.96	10.42	47.26	64.54	45.66	54.10	1.69	20.76	23.19
7/29/2024 9:42:05 AM	10.12	9.58	0.88	0.47	0.00	0.00	0.00	2.07	21.05	77.96	7.07	11.29	5361	9578	396	14	0	0	0	0	15350	142.19	20.57	10.45	47.94	64.57	46.91	55.49	1.69	20.73	23.17
7/29/2024 9:42:08 AM	8.49	8.74	1.30	0.00	0.00	0.00	0.00	1.91	18.54	77.78	7.09	10.98	4500	8743	586	0	0	0	0	0	13829	141.87	18.28	9.06	42.96	57.73	41.26	48.69	1.69	20.70	23.12
7/29/2024 9:42:11 AM	8.50	8.89	1.08	0.16	0.00	0.00	0.00	1.97	18.63	77.94	7.12	11.04	4504	8886	486	5	0	0	0	0	13881	142.16	18.49	9.40	43.52	58.48	42.32	48.88	1.70	20.66	23.11
7/29/2024 9:42:13 AM	8.41	8.48	0.64	0.53	0.00	0.00	0.00	1.90	18.07	77.71	7.12	11.10	4459	8481	290	16	0	0	0	0	13245	141.74	18.16	9.13	42.28	56.76	41.89	47.65	1.70	20.64	23.04
7/29/2024 9:42:16 AM	8.40	7.48	0.00	1.15	0.00	0.00	0.00	1.88	17.04	77.93	7.16	11.17	4453	7483	0	35	0	0	0	0	11971	142.15	17.84	8.45	39.14	55.67	40.64	47.09	1.70	20.64	23.09
7/29/2024 9:42:19 AM	8.05	7.97	0.51	0.68	0.00	0.00	0.00	1.85	17.20	78.12	7.24	10.99	4264	7969	229	20	0	0	0	0	12483	142.49	17.65	8.96	40.35	54.79	40.21	45.99	1.71	20.59	22.99
7/29/2024 9:42:22 AM	8.01	7.83	0.00	1.15	0.00	0.00	0.00	1.78	16.99	77.42	7.23	10.76	4244	7832	0	34	0	0	0	0	12110	141.22	17.61	8.87	40.14	53.50	41.21	45.10	1.71	20.55	22.98
7/29/2024 9:42:24 AM	7.72	8.68	1.27	0.00	0.00	0.00	0.00	1.78	17.68	77.84	7.20	10.64	4092	8681	573	0	0	0	0	0	13347	141.99	17.46	8.83	41.85	53.96	40.51	45.11	1.71	20.54	22.98
7/29/2024 9:42:27 AM	7.85	9.12	1.32	0.00	0.00	0.00	0.00	1.83	18.28	77.68	7.28	10.71	4160	9118	593	0	0	0	0	0	13871	141.69	18.01	9.59	43.91	55.41	41.73	46.15	1.71	20.53	23.01
7/29/2024 9:42:30 AM	8.07	7.90	0.28	1.04	0.00	0.00	0.00	1.82	17.29	77.84	7.30	10.72	4275	7902	128	31	0	0	0	0	12336	141.98	18.17	9.05	40.64	54.75	41.23	46.35	1.72	20.52	22.96
7/29/2024 9:42:33 AM	8.08	9.17	1.27	0.00	0.00	0.00	0.00	1.80	18.52	77.63	7.31	10.73	4280	9173	571	0	0	0	0	0	14024	141.60	18.08	9.28	44.57	55.47	41.74	46.50	1.72	20.48	22.90
7/29/2024 9:42:35 AM	7.96	8.88	1.17	0.00	0.00	0.00	0.00	1.83	18.02	77.48	7.33	10.70	4221	8883	526	0	0	0	0	0	13630	141.32	17.66	9.10	43.21	55.19	40.74	45.90	1.72	20.45	22.90
7/29/2024 9:42:38 AM	8.08	7.55	0.00	1.21	0.00	0.00	0.00	1.88	16.84	77.64	7.34	10.76	4283	7552	1	36	0	0	0	0	11873	141.61	17.93	9.11	39.58	54.99	40.33	46.21	1.72	20.41	22.83
7/29/2024 9:42:41 AM	7.70	8.07	0.90	0.55	0.00	0.00	0.00	1.89	17.23	77.23	7.37	10.86	4082	8068	406	17	0	0	0	0	12572	140.86	18.06	9.48	40.70	55.32	39.95	46.27	1.72	20.39	22.85
7/29/2024 9:42:43 AM	7.62	8.39	1.37	0.13	0.00	0.00	0.00	1.81	17.50	77.51	7.41	10.98	4037	8388	615	4	0	0	0	0	13043	141.38	17.82	9.20	41.19	54.47	39.86	45.78	1.73	20.38	22.85
7/29/2024 9:42:46 AM	8.03	8.50	1.19	0.00	0.00	0.00	0.00	1.84	17.72	77.71	7.43	10.79	4258	8499	534	0	0	0	0	0	13291	141.74	17.47	8.98	41.81	55.22	39.60	46.18	1.73	20.34	22.77
7/29/2024 9:42:49 AM	7.79	8.38	1.07	0.28	0.00	0.00	0.00	1.83	17.51	77.71	7.42	10.60	4127	8378	482	8	0	0	0	0	12995	141.74	17.74	9.25	41.34	54.72	40.24	45.84	1.73	20.30	22.72
7/29/2024 9:42:52 AM	7.64	8.65	1.46	0.00	0.00	0.00	0.00	1.83	17.75	77.41	7.45	10.57	4047	8647	659	0	0	0	0	0	13352	141.19	17.90	9.13	42.01	54.95	40.33	45.95	1.73	20.29	22.72
7/29/2024 9:42:55 AM	7.61	8.18	0.67	0.55	0.00	0.00	0.00	1.77	17.00	77.68	7.47	10.69	4031	8184	301	16	0	0	0	0	12532	141.68	17.32	9.03	40.60	52.89	40.13	44.16	1.73	20.27	22.70
7/29/2024 9:42:57 AM	7.03	7.99	1.33	0.00	0.00	0.00	0.00	1.73	16.35	76.13	7.48	10.81	3728	7991	598	0	0	0	0	0	12317	138.85	16.61	8.42	38.90	51.26	37.54	42.56	1.73	20.27	22.72
7/29/2024 9:43:00 AM	7.43	8.43	0.97	0.27	0.00	0.00	0.00	1.81	17.10	77.45	7.51	10.89	3938	8430	435	8	0	0	0	0	12812	141.28	17.30	9.01	41.04	53.34	40.10	44.08	1.74	20.24	22.69
7/29/2024 9:43:03 AM	7.59	8.20	1.08	0.25	0.00	0.00	0.00	1.77	17.13	77.39	7.55	10.89	4024	8203	486	8	0	0	0	0	12721	141.16	17.36	8.74	40.36	53.24	39.57	44.68	1.74	20.23	22.66
7/29/2024 9:43:06 AM	7.37	8.14	1.20	0.00	0.00	0.00	0.00	1.74	16.71	77.66	7.59	10.94	3905	8140	540	0	0	0	0	0	12585	141.65	16.64	8.63	39.71	51.99	38.06	43.25	1.74	20.19	22.62
7/29/2024 9:43:08 AM	7.30	8.39	1.26	0.00	0.00	0.00	0.00	1.75	16.96	77.86	7.61	10.94	3871	8394	567	0	0	0	0	0	12832	142.02	16.93	8.97	40.77	52.30	38.74	43.39	1.75	20.17	22.62
7/29/2024 9:43:11 AM	7.63	7.33	0.00	1.14	0.00	0.00	0.00	1.82	16.10	77.93	7.63	10.84	4043	7335	0	34	0	0	0	0	11412	142.14	17.15	8.34	37.98	52.76	39.33	44.00	1.75	20.14	22.56
7/29/2024 9:43:14 AM	7.64	7.95	0.42	0.82	0.00	0.00	0.00	1.84	16.83	77.82	7.68	10.85	4047	7950	191	25	0	0	0	0	12213	141.94	17.61	9.25	40.25	53.81	40.14	44.77	1.75	20.13	22.53
7/29/2024 9:43:17 AM	7.58	7.45	0.30	0.88	0.00	0.00	0.00	1.80	16.22	77.54	7.70	10.87	4019	7450	135	27	0	0	0	0	11631	141.44	17.09	8.71	38.33	52.60	38.61	43.95	1.75	20.10	22.54
7/29/2024 9:43:19 AM	7.40	7.62	0.67	0.69	0.00	0.00	0.00	1.73	16.37	77.50	7.73	10.87	3919	7623	301	21	0	0	0	0	11865	141.36	17.18	8.47	38.60	51.79	38.75	43.63	1.76	20.09	22.50
7/29/2024 9:43:22 AM	7.14	8.49	1.54	0.00	0.00	0.00	0.00	1.69	17.17	77.58	7.76	10.89	3787	8489	692	0	0	0	0	0	12968	141.51	17.36	9.11	41.00	51.91	39.40	43.62	1.76	20.04	22.50
7/29/2024 9:43:25 AM	7.54	9.08	1.17	0.00	0.00	0.00	0.00	1.65	17.78	76.96	7.80	10.89	3995	9076	526	0	0	0	0	0	13597	140.37	17.23	9.62	44.79	51.78	39.41	43.21	1.76	20.04	22.45
7/29/2024 9:43:28 AM	7.34	8.88	1.24	0.00	0.00	0.00	0.00	1.69	17.46	77.59	7.85	10.89	3889	8883	556	0	0	0	0	0	13328	141.53	17.09	9.66	42.77	51.95	40.01	43.14	1.77	20.04	22.45
7/29/2024 9:43:31 AM	7.32	7.24	0.40	0.75	0.00	0.00	0.00	1.73	15.70	77.81	7.90	10.90	3881	7236	178	22	0	0	0	0	11318	141.93	16.46	8.33	37.08	50.76	37.27	42.43	1.77	19.98	22.42
7/29/2024 9:43:33 AM	7.16	7.43	0.71	0.46	0.00	0.00	0.00	1.71	15.76	77.65	7.94	10.67	3796	7432	317	14	0	0	0	0	11560	141.64	16.28	8.40	37.36	50.40	36.94	41.98	1.78	19.94	22.35
7/29/2024 9:43:36 AM	7.07	8.05	1.28	0.00	0.00	0.00	0.00	1.74	16.40	77.31	7.99	10.50	3749	8048	577	0	0	0	0	0	12373	141.01	16.59	8.55	39.27	51.34	37.52	42.54	1.78	19.94	22.35
7/29/2024 9:43:39 AM	7.47	6.91	0.00	1.00	0.00	0.00	0.00	1.80	15.37	77.51	8.02	10.57	3957	6906	0	30	0	0	0	0	10893	141.38	16.31	8.02	36.05	51.43	37.09	42.68	1.79	19.94	22.35
7/29/2024 9:43:42 AM	7.02	8.26	1.23	0.00	0.00	0.00	0.00	1.71	16.51	77.56	8.07	10.67	3722	8257	553	0	0	0	0	0	12532	141.48	16.57	8.72	40.29	50.91	37.70	42.03	1.79	19.89	22.30
7/29/2024 9:43:44 AM	6.98	7.24	0.74	0.50	0.00	0.00	0.00	1.75	15.46	77.44	8.14	10.82	3700	7238	333	15	0	0	0	0	11286	141.25	16.32	8.06	36.55	50.45	36.47	41.85	1.80	19.89	22.29
7/29/2024 9:43:47 AM	7.22	7.01	0.46	0.83	0.00	0.00	0.00	1.81	15.53	77.11	8.21	10.79	3829	7014	207	25	0	0	0	0	11075	140.65	16.81	8.46	36.53	51.85	36.79	43.20	1.80	19.86	22.24
7/29/2024 9:43:49 AM	7.67	8.63	1.37	0.00	0.00	0.00	0.00	1.76	17.68	77.28	8.28	10.68	4066	8631	618	0	0	0	0	0	13315	140.96	17.55	9.10	41.82	53.80	40.22	45.20	1.81	19.83	22.19
7/29/2024 9:43:52 AM	7.59	8.11	1.27	0.00	0.00	0.00	0.00	1.80	16.96	77.08	8.34	10.63	4021	8112	570	0	0	0	0	0	12702	140.59	16.99	8.62	39.71	53.37	38.43	44.60	1.82	19.81	22.21
7/29/2024 9:43:55 AM	7.94	7.78	0.92	0.24	0.00	0.00	0.00	1.82	16.89	76.90	8.37	10.18	4210	7785	414	7	0	0	0	0	12416	140.27	17.00	8.39	38.97	53.96	38.32	45.39	1.82	19.78	22.16
7/29/2024 9:43:58 AM	8.18	8.37	1.16	0.00	0.00	0.00	0.00	1.87	17.71	76.79	8.38	10.36	4333	8375	520	0	0	0	0	0	13228	140.07	17.42	8.92	41.22	55.66	39.55	46.64	1.82	19.76	22.17
7/29/2024 9:44:00 AM	7.96	7.41	0.58	0.69	0.00	0.00	0.00	1.85	16.63	76.63	8.43	10.46	4217	7406	260	21	0	0	0	0	11904	139.76	17.41	8.55	38.31	54.33	38.40	45.88	1.83	19.77	22.19
7/29/2024 9:44:03 AM	7.96	8.14	1.07	0.20	0.00	0.00	0.00	1.82	17.38	76.77	8.51	10.40	4220	8137	483	6	0	0	0	0	12847	140.03	17.49	8.60	40.31	54.68	39.55	46.05	1.83	19.74	22.09
7/29/2024 9:44:06 AM	8.16	8.24	1.25	0.00	0.00	0.00	0.00	1.88	17.65	76.51	8.57	10.23	4325	8240	564	0	0	0	0	0	13129	139.55	17.60	8.54	41.04	55.90	39.00	47.01	1.84	19.74	22.11
7/29/2024 9:44:09 AM	7.90	8.53	1.25	0.00	0.00	0.00	0.00	1.96	17.68	76.36	8.60	10.26	4187	8529	561	0	0	0	0	0	13277	139.28	17.79	8.91	41.68	56.71	40.01	46.81	1.84	19.69	22.05
7/29/2024 9:44:11 AM	8.17	8.04	1.05	0.03	0.00	0.00	0.00	1.89	17.29	76.62	8.66	10.36	4330	8044	471	1	0	0	0	0	12846	139.76	17.10	8.36	39.75	55.49	38.77	46.38	1.85	19.68	22.05
7/29/2024 9:44:14 AM	8.57	7.68	0.51	0.37	0.00	0.00	0.00	1.90	17.13	76.41	8.71	10.36	4542	7676	231	11	0	0	0	0	12460	139.37	16.95	8.30	39.00	55.77	38.63	46.83	1.85	19.63	22.05
7/29/2024 9:44:17 AM	8.26	8.48	0.87	0.00	0.00	0.00	0.00	1.95	17.62	76.19	8.74	10.34	4379	8484	392	0	0	0	0	0	13255	138.96	17.17	8.76	41.89	56.39	39.31	46.37	1.86	19.63	22.03
7/29/2024 9:44:19 AM	8.35	8.27	0.89	0.00	0.00	0.00	0.00	1.95	17.51	76.34	8.77	10.34	4425	8272	399	0	0	0	0	0	13096	139.25	17.09	8.54	41.07	56.43	38.85	46.66	1.86	19.61	22.01
7/29/2024 9:44:22 AM	8.21	8.34	0.80	0.15	0.00	0.00	0.00	1.96	17.51	76.01	8.80	10.43	4353	8344	361	5	0	0	0	0	13062	138.65	17.33	8.68	40.96	56.55	40.06	46.60	1.86	19.58	21.93
7/29/2024 9:44:25 AM	8.62	8.61	0.88	0.00	0.00	0.00	0.00	2.02	18.10	76.19	8.83	10.48	4567	8609	394	0	0	0	0	0	13571	138.98	17.56	8.76	42.03	58.29	40.79	48.09	1.87	19.55	21.90
7/29/2024 9:44:28 AM	8.59	8.37	0.95	0.00	0.00	0.00	0.00	2.02	17.90	76.23	8.86	10.45	4550	8369	427	0	0	0	0	0	13347	139.05	17.61	8.68	41.94	58.28	39.23	48.23	1.87	19.53	21.90
7/29/2024 9:44:30 AM	8.49	7.98	0.79	0.13	0.00	0.00	0.00	2.01	17.39	76.08	8.89	10.34	4498	7982	357	4	0	0	0	0	12841	138.77	17.24	8.48	39.85	57.54	38.96	47.64	1.87	19.53	21.89
7/29/2024 9:44:33 AM	8.50	8.56	0.74	0.00	0.00	0.00	0.00	2.09	17.80	76.07	8.93	10.37	4505	8562	332	0	0	0	0	0	13398	138.75	17.39	8.63	42.23	58.72	39.84	47.66	1.88	19.50	21.85
7/29/2024 9:44:36 AM	8.32	8.39	1.00	0.00	0.00	0.00	0.00	2.00	17.72	76.18	8.97	10.39	4412	8392	451	0	0	0	0	0	13254	138.95	17.50	8.82	41.48	57.53	39.50	47.46	1.88	19.48	21.85
7/29/2024 9:44:39 AM	8.29	7.43	0.01	1.23	0.00	0.00	0.00	2.01	16.96	76.26	9.01	10.38	4393	7429	3	37	0	0	0	0	11863	139.09	18.35	8.76	39.30	57.31	40.46	47.91	1.88	19.48	21.84
7/29/2024 9:44:41 AM	8.53	8.29	0.00	1.30	0.00	0.00	0.00	2.14	18.12	76.21	9.04	10.44	4523	8286	0	39	0	0	0	0	12848	139.01	19.10	8.98	42.04	60.65	44.87	50.14	1.89	19.46	21.84
7/29/2024 9:44:44 AM	8.57	8.74	0.91	0.00	0.00	0.00	0.00	2.05	18.23	75.75	9.07	10.45	4544	8744	410	0	0	0	0	0	13698	138.17	17.79	9.06	42.89	58.87	40.83	48.35	1.89	19.44	21.72
7/29/2024 9:44:47 AM	8.41	7.97	0.71	0.29	0.00	0.00	0.00	2.05	17.38	75.99	9.10	10.50	4458	7969	319	9	0	0	0	0	12755	138.61	17.57	8.68	40.06	58.00	39.38	47.92	1.89	19.42	21.72
7/29/2024 9:44:50 AM	10.20	10.46	0.19	0.00	0.00	0.00	0.00	1.88	20.86	75.22	9.15	10.49	5408	10459	87	0	0	0	0	0	15954	137.20	18.28	10.58	53.29	60.09	43.10	50.00	1.90	19.40	21.71
7/29/2024 9:44:52 AM	8.99	8.70	0.80	0.16	0.00	0.00	0.00	2.02	18.65	75.91	9.21	10.33	4764	8698	362	5	0	0	0	0	13829	138.45	18.08	10.19	43.34	59.52	41.30	49.70	1.90	19.39	21.72
7/29/2024 9:44:55 AM	9.02	7.84	0.20	0.72	0.00	0.00	0.00	2.10	17.79	75.84	9.25	10.23	4781	7843	91	22	0	0	0	0	12736	138.34	18.13	8.88	40.58	59.82	40.66	49.86	1.91	19.36	21.68
7/29/2024 9:44:58 AM	8.47	8.03	0.81	0.00	0.00	0.00	0.00	2.09	17.31	75.83	9.29	10.20	4487	8032	365	0	0	0	0	0	12884	138.32	17.11	8.26	39.93	58.25	38.56	47.66	1.91	19.33	21.66
7/29/2024 9:45:01 AM	8.65	8.03	0.89	0.00	0.00	0.00	0.00	2.15	17.57	75.84	9.30	10.20	4587	8031	400	0	0	0	0	0	13018	138.33	17.50	8.36	40.11	59.73	38.90	49.02	1.91	19.35	21.63
7/29/2024 9:45:04 AM	8.64	8.09	0.88	0.21	0.00	0.00	0.00	2.16	17.82	75.63	9.35	10.19	4579	8092	398	6	0	0	0	0	13074	137.94	18.15	8.72	40.69	60.42	39.94	49.85	1.92	19.29	21.60
7/29/2024 9:45:06 AM	8.65	7.94	0.90	0.00	0.00	0.00	0.00	2.11	17.49	75.67	9.36	10.17	4586	7936	404	0	0	0	0	0	12926	138.01	17.42	8.10	40.08	59.15	38.24	48.75	1.92	19.29	21.55
7/29/2024 9:45:09 AM	8.83	7.48	0.38	0.45	0.00	0.00	0.00	2.10	17.14	75.73	9.36	10.12	4682	7478	171	13	0	0	0	0	12345	138.13	17.35	8.32	38.65	58.94	38.46	48.85	1.92	19.27	21.58
7/29/2024 9:45:12 AM	8.47	7.65	0.75	0.26	0.00	0.00	0.00	2.10	17.12	75.67	9.38	10.16	4488	7649	336	8	0	0	0	0	12481	138.02	17.49	8.23	38.85	58.67	38.43	48.43	1.92	19.26	21.56
7/29/2024 9:45:14 AM	8.44	7.96	0.87	0.00	0.00	0.00	0.00	2.07	17.26	75.82	9.40	10.20	4474	7958	389	0	0	0	0	0	12821	138.30	17.13	8.25	39.64	58.12	38.39	47.70	1.92	19.26	21.52
7/29/2024 9:45:17 AM	8.87	8.30	0.71	0.00	0.00	0.00	0.00	2.05	17.89	75.37	9.43	10.28	4703	8304	322	0	0	0	0	0	13329	137.47	17.30	8.54	41.90	58.66	38.85	48.39	1.92	19.23	21.45
7/29/2024 9:45:20 AM	8.02	7.37	1.21	0.00	0.00	0.00	0.00	2.05	16.60	75.72	9.47	10.21	4252	7366	545	0	0	0	0	0	12163	138.11	17.17	7.99	37.40	57.19	36.46	47.41	1.93	19.20	21.45
7/29/2024 9:45:23 AM	8.71	8.06	0.56	0.16	0.00	0.00	0.00	2.10	17.50	75.58	9.51	10.22	4617	8062	252	5	0	0	0	0	12936	137.85	17.24	8.28	40.14	58.85	39.53	48.22	1.93	19.17	21.42
7/29/2024 9:45:25 AM	8.78	8.32	0.63	0.00	0.00	0.00	0.00	2.11	17.74	75.80	9.57	10.25	4656	8321	283	0	0	0	0	0	13261	138.26	17.17	8.54	41.43	59.11	39.22	48.20	1.94	19.15	21.40
7/29/2024 9:45:28 AM	8.34	8.24	0.74	0.00	0.00	0.00	0.00	2.08	17.33	75.76	9.60	10.23	4423	8244	333	0	0	0	0	0	13000	138.19	17.05	8.54	40.82	57.96	38.76	47.02	1.94	19.14	21.40
7/29/2024 9:45:31 AM	8.56	7.45	0.52	0.34	0.00	0.00	0.00	2.13	16.87	75.44	9.62	10.25	4539	7446	236	10	0	0	0	0	12231	137.60	17.25	7.88	38.10	58.78	38.06	48.33	1.94	19.13	21.36
7/29/2024 9:45:34 AM	9.83	9.31	0.69	0.00	0.00	0.00	0.00	2.24	19.83	74.61	9.65	10.28	5212	9314	308	0	0	0	0	0	14834	136.10	18.93	9.33	46.72	64.46	42.79	53.07	1.95	19.09	21.36
7/29/2024 9:45:36 AM	10.51	9.27	0.73	0.00	0.00	0.00	0.00	2.20	20.52	74.34	9.66	10.15	5571	9273	329	0	0	0	0	0	15173	135.59	19.28	9.33	47.03	65.58	43.36	55.19	1.95	19.08	21.32
7/29/2024 9:45:39 AM	10.86	9.65	1.03	0.00	0.00	0.00	0.00	2.50	21.55	73.65	9.69	9.96	5757	9655	464	0	0	0	0	0	15876	134.33	20.98	9.97	48.78	71.59	45.75	59.73	1.95	19.08	21.26
7/29/2024 9:45:42 AM	10.98	9.52	1.02	0.00	0.00	0.00	0.00	2.60	21.53	73.62	9.72	9.94	5821	9522	460	0	0	0	0	0	15803	134.29	21.14	9.78	48.17	73.14	45.77	60.77	1.95	19.09	21.29
7/29/2024 9:45:45 AM	10.96	9.50	0.89	0.00	0.00	0.00	0.00	2.53	21.34	73.33	9.75	9.94	5806	9495	402	0	0	0	0	0	15704	133.75	20.72	9.68	48.33	71.77	45.02	59.66	1.96	19.03	21.23
7/29/2024 9:45:47 AM	11.31	9.90	0.98	0.00	0.00	0.00	0.00	2.55	22.19	73.41	9.78	10.04	5996	9900	441	0	0	0	0	0	16336	133.90	21.39	10.09	50.00	73.38	46.94	61.40	1.96	19.03	21.23
7/29/2024 9:45:50 AM	11.56	9.83	1.36	0.03	0.00	0.00	0.00	2.63	22.78	72.89	9.81	10.06	6128	9828	613	1	0	0	0	0	16570	132.96	22.48	10.28	49.64	75.99	48.28	64.41	1.96	19.02	21.27
7/29/2024 9:45:52 AM	12.77	10.62	1.25	0.00	0.00	0.00	0.00	2.79	24.64	72.60	9.83	10.01	6767	10622	564	0	0	0	0	0	17953	132.43	23.86	10.94	54.60	81.52	50.52	69.18	1.96	18.98	21.26
7/29/2024 9:45:55 AM	12.33	10.10	1.35	0.00	0.00	0.00	0.00	2.83	23.78	72.33	9.86	10.03	6537	10100	605	0	0	0	0	0	17242	131.93	23.50	10.53	51.95	80.83	49.08	68.27	1.97	18.99	21.16
7/29/2024 9:45:58 AM	13.16	10.89	0.94	0.00	0.00	0.00	0.00	2.83	24.99	72.05	9.90	10.05	6973	10894	423	0	0	0	0	0	18290	131.42	23.74	10.90	56.24	82.36	50.81	69.49	1.97	18.95	21.11
7/29/2024 9:46:01 AM	13.32	10.92	0.94	0.00	0.00	0.00	0.00	2.81	25.18	72.03	9.97	10.09	7059	10920	423	0	0	0	0	0	18401	131.39	23.75	11.15	56.25	82.44	51.21	69.87	1.98	18.93	21.11
