Date/Time	Green Algae	Bluegreen	Diatoms	Cryptophyta	#5	#6	#7	Yellow substances	Total conc.	Transmission	Depth	Temp. Sample	Green Algae	Bluegreen	Diatoms	Cryptophyta	#5	#6	#7	Yellow substances	Total cell count	Trans. 700 nm	LED 3 [525 nm]	LED 4 [570 nm]	LED 5 [610 nm]	LED 6 [370 nm]	LED 7 [590 nm]	LED 8 [470 nm]	Pressure	Temp. LEDs	Temp. Sensor
date	µg/l	µg/l	µg/l	µg/l	µg/l	µg/l	µg/l	r.u.	µg/l	%	m	°C	cells/ml	cells/ml	cells/ml	cells/ml	cells/ml	cells/ml	cells/ml	r.u.	cells/ml	digits	digits	digits	digits	digits	digits	digits	bar	°C	°C
7/22/2024 9:26:43 AM	30.78	0.00	4.56	3.39	0.00	0.00	0.00	0.00	38.73	86.48	0.04	26.01	16315	0	2050	102	0	0	0	0	18467	157.74	35.71	10.83	40.05	85.78	45.09	137.81	1.00	23.59	23.35
7/22/2024 9:26:46 AM	30.56	0.00	4.48	3.57	0.00	0.00	0.00	0.00	38.61	86.10	0.07	25.83	16196	0	2016	107	0	0	0	0	18319	157.04	36.02	11.09	40.60	85.60	45.25	137.36	1.01	23.63	23.38
7/22/2024 9:26:48 AM	30.42	0.00	4.91	3.31	0.00	0.00	0.00	0.00	38.64	85.83	0.12	25.71	16124	0	2209	99	0	0	0	0	18432	156.55	36.05	10.70	40.00	85.63	44.83	137.68	1.01	23.66	23.35
7/22/2024 9:26:51 AM	30.49	0.00	4.68	3.37	0.00	0.00	0.00	0.00	38.54	86.41	0.14	25.62	16158	0	2107	101	0	0	0	0	18365	157.61	36.03	9.58	40.77	85.60	44.85	136.91	1.01	23.68	23.40
7/22/2024 9:26:54 AM	30.55	0.00	4.79	3.18	0.00	0.00	0.00	0.00	38.51	86.23	0.20	25.58	16189	0	2155	95	0	0	0	0	18439	157.27	35.54	9.77	40.04	85.12	44.44	137.17	1.02	23.72	23.40
7/22/2024 9:26:57 AM	30.85	0.00	4.47	3.22	0.00	0.00	0.00	0.00	38.54	86.46	0.25	25.65	16349	0	2010	97	0	0	0	0	18456	157.70	35.31	9.91	40.72	85.66	44.06	136.58	1.02	23.76	23.41
7/22/2024 9:27:00 AM	30.26	0.00	4.00	3.49	0.00	0.00	0.00	0.00	37.75	86.51	0.30	25.65	16037	0	1801	105	0	0	0	0	17943	157.78	34.70	10.84	40.35	83.79	43.85	133.86	1.03	23.78	23.44
7/22/2024 9:27:02 AM	29.89	0.00	4.89	2.99	0.00	0.00	0.00	0.00	37.77	85.87	0.31	25.58	15842	0	2199	90	0	0	0	0	18131	156.62	34.87	9.94	39.73	83.51	42.82	134.52	1.03	23.81	23.46
7/22/2024 9:27:05 AM	30.76	0.00	4.31	3.41	0.00	0.00	0.00	0.00	38.47	86.39	0.39	25.55	16301	0	1938	102	0	0	0	0	18341	157.57	35.47	10.71	40.56	85.86	44.45	136.19	1.04	23.83	23.54
7/22/2024 9:27:07 AM	30.56	0.00	4.61	3.39	0.00	0.00	0.00	0.00	38.57	85.98	0.41	25.63	16199	0	2075	102	0	0	0	0	18376	156.82	35.93	10.60	40.01	86.11	44.95	136.79	1.04	23.91	23.52
7/22/2024 9:27:11 AM	30.17	0.00	4.41	3.55	0.00	0.00	0.00	0.00	38.13	86.11	0.41	25.62	15988	0	1986	107	0	0	0	0	18081	157.07	35.80	10.44	40.70	84.87	44.65	135.32	1.04	23.89	23.54
7/22/2024 9:27:13 AM	30.03	0.00	4.21	3.48	0.00	0.00	0.00	0.00	37.72	86.44	0.42	25.50	15915	0	1894	104	0	0	0	0	17913	157.65	35.00	10.60	40.27	83.70	43.97	133.91	1.04	23.94	23.48
7/22/2024 9:27:16 AM	29.90	0.00	4.50	3.35	0.00	0.00	0.00	0.00	37.75	86.13	0.43	25.35	15847	0	2025	101	0	0	0	0	17973	157.09	35.08	10.28	39.69	83.47	44.06	134.47	1.04	23.98	23.56
7/22/2024 9:27:19 AM	30.07	0.00	3.98	3.58	0.00	0.00	0.00	0.00	37.64	86.08	0.44	25.25	15939	0	1792	107	0	0	0	0	17838	157.00	34.96	9.58	40.28	83.60	44.53	133.39	1.04	23.99	23.56
7/22/2024 9:27:21 AM	30.35	0.00	3.49	3.56	0.00	0.00	0.00	0.00	37.40	86.43	0.49	25.17	16086	0	1570	107	0	0	0	0	17763	157.64	33.92	10.30	39.95	82.99	43.93	132.32	1.05	24.03	23.64
7/22/2024 9:27:24 AM	30.12	0.11	4.41	3.42	0.00	0.00	0.00	0.00	38.06	86.50	0.55	25.14	15964	111	1984	103	0	0	0	0	18161	157.77	35.51	9.98	41.02	84.57	44.46	134.56	1.05	24.09	23.67
7/22/2024 9:27:27 AM	30.15	0.05	4.52	3.49	0.00	0.00	0.00	0.00	38.22	86.36	0.59	25.18	15979	52	2035	105	0	0	0	0	18171	157.51	35.87	10.42	41.29	84.81	44.48	135.56	1.06	24.10	23.67
7/22/2024 9:27:30 AM	30.25	0.00	4.35	3.59	0.00	0.00	0.00	0.00	38.20	86.16	0.63	25.19	16034	0	1959	108	0	0	0	0	18101	157.15	35.74	10.39	41.08	84.50	44.77	135.88	1.06	24.14	23.65
7/22/2024 9:27:32 AM	30.21	0.00	4.31	3.60	0.00	0.00	0.00	0.00	38.13	85.66	0.65	25.23	16011	0	1941	108	0	0	0	0	18060	156.24	35.76	10.45	40.65	84.85	44.85	135.27	1.06	24.14	23.64
7/22/2024 9:27:35 AM	30.05	0.00	4.71	3.37	0.00	0.00	0.00	0.00	38.13	86.43	0.67	25.39	15926	0	2118	101	0	0	0	0	18145	157.64	35.77	10.33	40.76	84.56	44.05	135.61	1.07	24.17	23.69
7/22/2024 9:27:38 AM	30.78	0.00	4.14	3.46	0.00	0.00	0.00	0.00	38.38	86.13	0.72	25.45	16313	0	1862	104	0	0	0	0	18279	157.09	35.31	10.22	40.82	85.48	44.52	135.81	1.07	24.20	23.69
7/22/2024 9:27:41 AM	29.87	0.00	4.56	3.61	0.00	0.00	0.00	0.00	38.04	86.24	0.74	25.67	15829	0	2050	108	0	0	0	0	17988	157.30	36.05	10.47	40.63	84.40	44.89	135.34	1.07	24.24	23.70
7/22/2024 9:27:44 AM	30.25	0.00	4.39	3.58	0.00	0.00	0.00	0.00	38.22	86.07	0.77	25.72	16033	0	1973	107	0	0	0	0	18114	156.99	35.76	10.54	40.67	84.72	44.90	135.89	1.08	24.24	23.72
7/22/2024 9:27:46 AM	29.98	0.24	4.95	3.15	0.00	0.00	0.00	0.00	38.32	86.43	0.82	25.57	15889	243	2226	95	0	0	0	0	18453	157.65	35.72	10.17	41.57	84.31	44.20	135.79	1.08	24.29	23.72
7/22/2024 9:27:49 AM	30.12	0.00	4.38	3.43	0.00	0.00	0.00	0.00	37.93	86.24	0.84	25.61	15963	0	1970	103	0	0	0	0	18036	157.29	35.37	10.06	40.58	84.31	44.12	134.58	1.08	24.31	23.80
7/22/2024 9:27:52 AM	30.59	0.27	4.51	3.28	0.00	0.00	0.00	0.00	38.65	86.23	0.87	25.67	16211	269	2032	98	0	0	0	0	18610	157.28	35.58	10.81	42.14	85.40	44.53	136.29	1.09	24.34	23.83
7/22/2024 9:27:55 AM	30.60	0.00	4.27	3.59	0.00	0.00	0.00	0.00	38.47	86.27	0.91	25.64	16219	0	1923	108	0	0	0	0	18250	157.34	35.75	10.69	41.63	85.09	44.67	136.69	1.09	24.34	23.80
7/22/2024 9:27:57 AM	30.22	0.00	4.55	3.65	0.00	0.00	0.00	0.00	38.42	85.98	0.93	25.68	16016	0	2047	110	0	0	0	0	18172	156.83	36.32	10.61	41.49	85.05	45.04	136.75	1.09	24.40	23.81
7/22/2024 9:28:00 AM	30.48	0.00	4.47	3.60	0.00	0.00	0.00	0.00	38.55	85.99	0.94	25.65	16154	0	2013	108	0	0	0	0	18275	156.84	36.04	10.94	41.15	85.22	45.08	137.29	1.09	24.41	23.83
7/22/2024 9:28:03 AM	30.16	0.47	5.14	3.07	0.00	0.00	0.00	0.00	38.84	86.42	0.96	25.57	15985	473	2314	92	0	0	0	0	18864	157.63	36.21	10.49	42.51	85.57	44.91	136.64	1.09	24.49	23.85
7/22/2024 9:28:06 AM	30.45	0.37	4.85	3.17	0.00	0.00	0.00	0.00	38.84	86.30	0.97	25.52	16139	369	2183	95	0	0	0	0	18785	157.40	35.96	10.50	42.34	85.65	44.85	136.81	1.10	24.50	23.83
7/22/2024 9:28:09 AM	30.52	0.14	4.36	3.56	0.00	0.00	0.00	0.00	38.58	86.18	0.99	25.42	16173	137	1962	107	0	0	0	0	18378	157.19	35.96	10.77	42.02	85.39	45.04	136.51	1.10	24.50	23.88
7/22/2024 9:28:11 AM	30.39	0.00	4.40	3.56	0.00	0.00	0.00	0.00	38.35	86.13	1.02	25.40	16107	0	1980	107	0	0	0	0	18193	157.09	35.88	10.42	41.11	85.17	44.78	136.16	1.10	24.54	23.93
7/22/2024 9:28:14 AM	30.63	0.00	4.43	3.69	0.00	0.00	0.00	0.00	38.76	86.42	1.04	25.46	16235	0	1994	111	0	0	0	0	18340	157.62	36.36	10.94	41.81	85.70	45.34	137.92	1.10	24.59	23.94
7/22/2024 9:28:17 AM	30.69	0.16	4.67	3.52	0.00	0.00	0.00	0.00	39.04	86.34	1.04	25.60	16265	159	2102	106	0	0	0	0	18631	157.48	36.59	10.21	42.30	86.18	45.78	138.39	1.10	24.60	24.02
7/22/2024 9:28:20 AM	31.19	0.00	4.35	3.71	0.00	0.00	0.00	0.00	39.25	86.28	1.06	25.63	16530	0	1955	111	0	0	0	0	18597	157.37	36.47	10.90	42.16	86.58	45.88	139.67	1.10	24.60	23.94
7/22/2024 9:28:23 AM	30.89	0.37	5.08	3.35	0.00	0.00	0.00	0.00	39.70	86.33	1.09	25.60	16374	370	2287	101	0	0	0	0	19132	157.46	37.06	11.02	43.61	86.96	46.02	140.45	1.11	24.65	23.97
7/22/2024 9:28:25 AM	31.05	0.09	4.66	3.66	0.00	0.00	0.00	0.00	39.46	86.09	1.10	25.69	16458	86	2096	110	0	0	0	0	18750	157.03	37.04	10.55	42.76	87.04	46.20	140.20	1.11	24.67	24.05
7/22/2024 9:28:28 AM	31.20	0.00	4.35	3.77	0.00	0.00	0.00	0.00	39.32	86.54	1.12	25.66	16535	0	1959	113	0	0	0	0	18606	157.83	36.60	11.11	42.34	86.57	46.06	140.10	1.11	24.69	24.10
7/22/2024 9:28:31 AM	31.79	0.11	4.55	3.78	0.00	0.00	0.00	0.00	40.22	86.17	1.15	25.54	16847	106	2046	114	0	0	0	0	19113	157.17	37.51	11.10	43.81	88.57	47.01	142.84	1.11	24.72	24.07
7/22/2024 9:28:34 AM	32.91	0.15	4.33	3.98	0.00	0.00	0.00	0.00	41.37	85.78	1.21	25.45	17443	147	1949	119	0	0	0	0	19659	156.46	38.24	11.70	45.27	91.08	48.42	146.54	1.12	24.74	24.07
7/22/2024 9:28:36 AM	31.85	0.00	4.46	3.85	0.00	0.00	0.00	0.00	40.16	85.64	1.23	25.58	16880	0	2006	116	0	0	0	0	19001	156.21	37.48	11.18	43.04	88.72	47.11	142.89	1.12	24.80	24.10
7/22/2024 9:28:39 AM	32.87	0.00	4.24	3.97	0.00	0.00	0.00	0.00	41.08	85.86	1.25	25.66	17420	0	1909	119	0	0	0	0	19448	156.61	37.82	11.60	44.31	90.48	47.88	146.06	1.12	24.81	24.17
7/22/2024 9:28:42 AM	34.70	0.08	3.30	3.92	0.00	0.00	0.00	0.00	42.00	85.80	1.27	25.64	18391	78	1485	118	0	0	0	0	20072	156.49	36.90	11.21	45.22	92.95	48.51	147.73	1.12	24.82	24.14
7/22/2024 9:28:44 AM	35.23	0.25	3.57	3.82	0.00	0.00	0.00	0.00	42.88	85.75	1.29	25.62	18672	253	1608	115	0	0	0	0	20648	156.40	37.58	11.55	46.43	94.69	49.33	150.32	1.13	24.86	24.20
7/22/2024 9:28:47 AM	35.34	0.00	3.19	4.02	0.00	0.00	0.00	0.00	42.55	85.93	1.30	25.59	18729	0	1434	121	0	0	0	0	20283	156.73	37.24	11.40	45.58	94.30	49.02	149.81	1.13	24.87	24.17
7/22/2024 9:28:50 AM	35.67	0.03	3.07	4.03	0.00	0.00	0.00	0.00	42.79	85.77	1.29	25.62	18904	26	1383	121	0	0	0	0	20433	156.45	37.16	11.52	46.00	94.64	49.17	150.58	1.13	24.90	24.20
7/22/2024 9:28:53 AM	35.71	0.14	3.56	4.05	0.00	0.00	0.00	0.00	43.46	85.93	1.29	25.54	18927	136	1604	122	0	0	0	0	20788	156.74	38.34	11.90	47.03	95.94	50.10	152.94	1.13	24.92	24.22
7/22/2024 9:28:55 AM	35.32	0.15	4.27	4.09	0.00	0.00	0.00	0.00	43.82	85.84	1.29	25.49	18718	145	1922	123	0	0	0	0	20907	156.56	39.62	11.87	47.56	96.18	50.79	155.11	1.13	24.95	24.26
7/22/2024 9:28:58 AM	35.73	0.44	4.40	3.99	0.00	0.00	0.00	0.00	44.56	86.00	1.30	25.45	18939	437	1978	120	0	0	0	0	21474	156.85	40.07	12.21	48.88	97.65	51.79	156.58	1.13	24.98	24.33
7/22/2024 9:29:01 AM	35.88	0.75	4.45	3.52	0.00	0.00	0.00	0.00	44.59	86.03	1.33	25.40	19015	750	2002	105	0	0	0	0	21872	156.91	39.00	12.75	49.40	97.22	50.75	155.50	1.13	24.99	24.30
7/22/2024 9:29:04 AM	36.58	0.29	3.80	4.09	0.00	0.00	0.00	0.00	44.78	85.99	1.36	25.43	19390	294	1711	123	0	0	0	0	21517	156.83	39.45	12.39	48.82	98.35	51.62	157.31	1.13	25.01	24.28
7/22/2024 9:29:06 AM	36.85	0.35	3.88	3.92	0.00	0.00	0.00	0.00	44.99	85.86	1.37	25.52	19528	354	1745	117	0	0	0	0	21744	156.59	39.25	12.16	48.92	98.66	51.51	157.88	1.13	25.04	24.30
7/22/2024 9:29:09 AM	37.57	0.23	3.03	4.04	0.00	0.00	0.00	0.00	44.87	85.78	1.39	25.47	19912	227	1365	121	0	0	0	0	21626	156.47	38.18	12.10	48.53	98.71	51.27	157.18	1.14	25.05	24.30
7/22/2024 9:29:12 AM	36.70	0.33	3.75	3.92	0.00	0.00	0.00	0.00	44.70	86.12	1.43	25.43	19448	334	1689	117	0	0	0	0	21589	157.08	38.81	12.19	48.71	97.69	51.14	157.09	1.14	25.07	24.38
7/22/2024 9:29:15 AM	35.96	0.06	3.70	3.94	0.00	0.00	0.00	0.00	43.66	85.70	1.46	25.52	19058	56	1666	118	0	0	0	0	20898	156.32	38.29	11.66	46.92	96.01	49.82	154.24	1.14	25.10	24.38
7/22/2024 9:29:17 AM	37.01	0.32	3.34	3.81	0.00	0.00	0.00	0.00	44.48	85.74	1.45	25.63	19614	319	1502	114	0	0	0	0	21549	156.38	37.86	11.85	48.18	97.47	50.61	155.80	1.14	25.10	24.44
7/22/2024 9:29:20 AM	38.47	0.55	3.36	3.55	0.00	0.00	0.00	0.00	45.93	85.74	1.46	25.63	20387	551	1513	107	0	0	0	0	22557	156.38	38.09	12.17	49.78	100.53	51.46	159.77	1.14	25.12	24.42
7/22/2024 9:29:22 AM	39.11	0.38	2.82	3.77	0.00	0.00	0.00	0.00	46.08	85.84	1.47	25.59	20727	381	1269	113	0	0	0	0	22490	156.57	37.91	12.18	49.59	101.46	51.71	160.26	1.14	25.15	24.46
7/22/2024 9:29:25 AM	38.82	0.31	2.73	3.96	0.00	0.00	0.00	0.00	45.81	86.05	1.47	25.55	20572	309	1227	119	0	0	0	0	22227	156.94	38.02	12.30	49.45	100.81	51.82	159.71	1.14	25.17	24.47
7/22/2024 9:29:28 AM	39.44	0.42	3.02	3.71	0.00	0.00	0.00	0.00	46.59	85.72	1.48	25.50	20905	420	1359	111	0	0	0	0	22795	156.34	38.29	12.48	50.21	102.37	51.93	162.12	1.14	25.20	24.47
7/22/2024 9:29:31 AM	39.69	0.49	3.31	3.51	0.00	0.00	0.00	0.00	47.00	85.67	1.49	25.46	21036	491	1489	105	0	0	0	0	23120	156.26	38.47	12.28	50.51	102.99	52.01	163.53	1.15	25.22	24.47
7/22/2024 9:29:34 AM	40.79	0.35	2.82	3.77	0.00	0.00	0.00	0.00	47.73	85.80	1.52	25.43	21621	352	1268	113	0	0	0	0	23353	156.49	38.57	12.36	51.13	104.40	52.91	166.46	1.15	25.25	24.50
7/22/2024 9:29:36 AM	40.21	0.21	2.66	4.15	0.00	0.00	0.00	0.00	47.23	85.90	1.55	25.45	21314	205	1197	125	0	0	0	0	22840	156.68	38.97	12.37	50.75	103.50	53.35	165.34	1.15	25.25	24.52
7/22/2024 9:29:39 AM	38.74	0.23	3.01	3.84	0.00	0.00	0.00	0.00	45.82	85.99	1.55	25.52	20533	234	1353	115	0	0	0	0	22236	156.84	38.12	11.87	49.07	100.65	51.50	160.33	1.15	25.28	24.50
7/22/2024 9:29:42 AM	39.73	0.69	3.45	3.34	0.00	0.00	0.00	0.00	47.21	85.85	1.56	25.49	21054	690	1554	100	0	0	0	0	23399	156.58	38.37	12.28	51.09	102.93	52.20	163.80	1.15	25.30	24.59
7/22/2024 9:29:45 AM	40.57	0.21	2.50	4.00	0.00	0.00	0.00	0.00	47.27	85.87	1.56	25.44	21500	209	1123	120	0	0	0	0	22952	156.62	38.47	12.14	50.45	103.95	52.95	164.98	1.15	25.30	24.63
7/22/2024 9:29:47 AM	41.35	0.07	2.12	4.25	0.00	0.00	0.00	0.00	47.78	85.86	1.60	25.38	21913	69	952	128	0	0	0	0	23063	156.61	38.59	12.52	51.01	104.81	53.52	167.33	1.16	25.31	24.62
7/22/2024 9:29:50 AM	40.21	0.13	2.49	4.01	0.00	0.00	0.00	0.00	46.85	85.83	1.64	25.40	21313	132	1122	120	0	0	0	0	22687	156.56	38.12	12.34	50.10	102.65	52.27	164.13	1.16	25.34	24.60
7/22/2024 9:29:53 AM	38.52	0.00	2.25	3.69	0.00	0.00	0.00	0.00	44.45	85.75	1.67	25.40	20413	0	1011	111	0	0	0	0	21535	156.40	35.75	11.32	46.50	97.82	49.47	155.87	1.16	25.37	24.67
7/22/2024 9:29:56 AM	38.03	0.00	2.55	3.16	0.00	0.00	0.00	0.00	43.74	85.88	1.68	25.34	20157	0	1147	95	0	0	0	0	21399	156.64	34.67	10.78	44.58	96.79	47.65	153.04	1.16	25.37	24.67
7/22/2024 9:29:59 AM	40.38	0.42	2.52	3.03	0.00	0.00	0.00	0.00	46.35	85.97	1.69	25.33	21400	418	1134	91	0	0	0	0	23043	156.80	35.72	11.52	48.96	101.66	49.71	160.58	1.17	25.40	24.67
7/22/2024 9:30:01 AM	41.13	0.26	2.16	3.34	0.00	0.00	0.00	0.00	46.90	85.52	1.71	25.29	21801	263	972	100	0	0	0	0	23137	155.99	36.23	11.68	49.31	103.38	50.63	162.63	1.17	25.40	24.75
7/22/2024 9:30:04 AM	41.57	0.00	2.25	3.57	0.00	0.00	0.00	0.00	47.38	85.85	1.74	25.25	22033	0	1011	107	0	0	0	0	23150	156.58	36.93	11.57	48.81	104.17	51.50	165.86	1.17	25.43	24.71
7/22/2024 9:30:07 AM	40.84	0.00	2.22	3.60	0.00	0.00	0.00	0.00	46.66	85.59	1.77	25.26	21645	0	1001	108	0	0	0	0	22753	156.10	36.62	11.49	48.66	102.50	50.78	163.40	1.17	25.47	24.78
7/22/2024 9:30:10 AM	40.61	0.00	2.06	3.62	0.00	0.00	0.00	0.00	46.30	85.66	1.78	25.18	21526	0	929	109	0	0	0	0	22563	156.24	36.26	11.73	48.48	101.86	50.35	161.95	1.17	25.45	24.75
7/22/2024 9:30:12 AM	41.38	0.20	2.36	3.29	0.00	0.00	0.00	0.00	47.24	85.59	1.80	25.15	21934	200	1063	99	0	0	0	0	23296	156.10	36.57	11.54	49.41	104.01	50.72	164.29	1.18	25.50	24.76
7/22/2024 9:30:15 AM	42.53	0.09	2.00	3.39	0.00	0.00	0.00	0.00	48.01	85.90	1.83	25.13	22540	89	902	102	0	0	0	0	23632	156.67	36.61	11.41	49.81	105.81	51.35	167.04	1.18	25.50	24.78
7/22/2024 9:30:18 AM	41.92	0.33	2.46	3.08	0.00	0.00	0.00	0.00	47.79	85.67	1.87	25.11	22220	333	1107	92	0	0	0	0	23752	156.26	36.48	11.42	49.97	104.91	50.92	165.79	1.18	25.51	24.78
7/22/2024 9:30:20 AM	41.24	0.00	1.84	3.17	0.00	0.00	0.00	0.00	46.25	85.63	1.88	25.10	21857	0	829	95	0	0	0	0	22781	156.18	34.96	10.96	47.29	102.42	49.20	160.86	1.18	25.53	24.83
7/22/2024 9:30:23 AM	41.94	0.00	1.65	3.23	0.00	0.00	0.00	0.00	46.82	85.49	1.89	25.05	22226	0	743	97	0	0	0	0	23066	155.93	35.29	10.99	47.89	104.35	49.74	162.19	1.19	25.55	24.87
7/22/2024 9:30:26 AM	42.06	0.72	2.57	2.40	0.00	0.00	0.00	0.00	47.75	85.63	1.93	25.01	22292	720	1158	72	0	0	0	0	24241	156.18	35.39	11.31	49.81	105.71	49.77	163.11	1.19	25.57	24.87
7/22/2024 9:30:29 AM	41.95	0.42	2.16	2.79	0.00	0.00	0.00	0.00	47.32	85.36	1.96	24.94	22232	416	974	84	0	0	0	0	23705	155.69	35.33	11.12	49.10	104.76	49.83	162.78	1.19	25.57	24.91
7/22/2024 9:30:31 AM	42.06	0.12	1.74	3.16	0.00	0.00	0.00	0.00	47.08	85.64	1.99	24.84	22291	125	784	95	0	0	0	0	23294	156.20	35.28	11.34	48.71	104.25	49.82	163.06	1.20	25.59	24.89
7/22/2024 9:30:34 AM	41.49	0.00	1.87	2.98	0.00	0.00	0.00	0.00	46.34	85.54	2.00	24.85	21988	0	843	89	0	0	0	0	22920	156.01	34.66	10.88	46.80	103.01	48.81	160.82	1.20	25.62	24.95
7/22/2024 9:30:37 AM	42.06	0.46	2.11	2.45	0.00	0.00	0.00	0.00	47.09	85.35	2.01	24.67	22294	460	951	74	0	0	0	0	23779	155.68	34.46	10.83	48.44	104.73	48.76	161.27	1.20	25.61	24.94
7/22/2024 9:30:40 AM	42.32	0.71	2.22	2.10	0.00	0.00	0.00	0.00	47.35	85.56	2.02	24.79	22428	714	999	63	0	0	0	0	24203	156.05	34.05	10.71	48.77	105.38	48.59	160.91	1.20	25.65	25.00
7/22/2024 9:30:42 AM	42.18	0.15	1.58	2.87	0.00	0.00	0.00	0.00	46.78	85.16	2.03	24.83	22358	152	710	86	0	0	0	0	23306	155.32	34.55	10.93	47.66	105.13	48.85	160.53	1.20	25.66	24.97
7/22/2024 9:30:45 AM	42.71	0.68	2.34	2.32	0.00	0.00	0.00	0.00	48.05	85.07	2.07	24.78	22637	682	1051	70	0	0	0	0	24439	155.15	35.27	10.78	49.42	107.47	49.91	163.28	1.20	25.67	24.99
7/22/2024 9:30:48 AM	39.11	0.00	1.79	2.60	0.00	0.00	0.00	0.00	43.50	85.31	2.09	24.61	20730	0	804	78	0	0	0	0	21612	155.59	32.33	10.01	43.36	97.50	45.63	150.40	1.20	25.70	25.02
7/22/2024 9:30:51 AM	41.71	0.43	1.85	2.49	0.00	0.00	0.00	0.00	46.48	85.29	2.14	24.49	22107	430	830	75	0	0	0	0	23442	155.57	33.99	10.67	47.64	104.14	48.31	158.59	1.21	25.71	25.05
7/22/2024 9:30:53 AM	41.11	0.00	1.45	2.85	0.00	0.00	0.00	0.00	45.42	85.25	2.20	24.43	21789	0	654	86	0	0	0	0	22528	155.48	33.71	10.53	45.85	102.79	47.40	155.95	1.22	25.71	25.05
7/22/2024 9:30:56 AM	40.69	0.51	1.89	2.43	0.00	0.00	0.00	0.00	45.52	85.18	2.24	23.86	21568	508	853	73	0	0	0	0	23001	155.37	33.50	10.67	46.86	102.30	47.50	154.81	1.22	25.72	25.08
7/22/2024 9:30:59 AM	40.52	0.48	1.61	2.59	0.00	0.00	0.00	0.00	45.20	85.17	2.30	23.65	21477	478	722	78	0	0	0	0	22755	155.34	33.25	10.61	46.70	101.49	47.66	153.79	1.23	25.72	25.08
7/22/2024 9:31:01 AM	39.70	0.90	2.33	2.12	0.00	0.00	0.00	0.00	45.05	85.21	2.35	23.37	21041	897	1047	64	0	0	0	0	23049	155.41	33.13	10.76	47.33	100.18	47.20	152.51	1.23	25.76	25.10
7/22/2024 9:31:04 AM	39.64	0.65	1.73	2.37	0.00	0.00	0.00	0.00	44.39	85.43	2.38	22.99	21009	645	779	71	0	0	0	0	22505	155.83	32.36	10.34	46.29	98.80	46.82	150.92	1.23	25.74	25.15
7/22/2024 9:31:07 AM	38.09	0.82	2.02	2.38	0.00	0.00	0.00	0.00	43.32	85.37	2.39	22.91	20190	817	911	71	0	0	0	0	21990	155.71	32.30	10.51	45.95	96.13	46.42	147.05	1.23	25.75	25.13
7/22/2024 9:31:10 AM	37.57	0.76	1.65	2.64	0.00	0.00	0.00	0.00	42.62	85.76	2.41	22.79	19913	758	743	79	0	0	0	0	21493	156.41	32.16	10.80	45.33	95.57	46.30	144.08	1.24	25.76	25.15
7/22/2024 9:31:12 AM	37.95	0.78	1.36	2.60	0.00	0.00	0.00	0.00	42.71	85.16	2.44	22.78	20115	784	614	78	0	0	0	0	21591	155.33	31.66	10.58	45.37	95.62	46.35	144.12	1.24	25.78	25.23
7/22/2024 9:31:15 AM	35.54	0.00	0.55	3.32	0.00	0.00	0.00	0.00	39.41	85.55	2.50	22.46	18837	0	248	100	0	0	0	0	19184	156.04	30.36	9.92	40.95	89.79	43.90	134.90	1.24	25.81	25.23
7/22/2024 9:31:18 AM	33.62	0.06	0.55	3.68	0.00	0.00	0.00	0.00	37.90	85.68	2.57	21.82	17817	56	249	110	0	0	0	0	18232	156.28	30.47	10.14	40.31	86.52	43.85	129.71	1.25	25.77	25.23
7/22/2024 9:31:21 AM	32.69	0.32	0.53	3.53	0.00	0.00	0.00	0.00	37.07	85.83	2.61	21.58	17326	324	238	106	0	0	0	0	17993	156.54	29.78	10.28	40.11	84.69	43.33	125.70	1.26	25.78	25.23
7/22/2024 9:31:24 AM	33.18	0.61	0.87	3.29	0.00	0.00	0.00	0.00	37.96	86.09	2.67	21.47	17585	612	394	99	0	0	0	0	18690	157.02	30.20	10.38	41.43	86.03	44.13	128.08	1.26	25.81	25.23
7/22/2024 9:31:26 AM	30.65	0.43	0.29	4.02	0.00	0.00	0.00	0.00	35.40	85.91	2.71	21.20	16247	431	129	121	0	0	0	0	16928	156.70	29.67	10.81	39.70	80.71	43.52	119.84	1.27	25.81	25.28
7/22/2024 9:31:29 AM	29.28	1.29	1.20	3.32	0.00	0.00	0.00	0.00	35.09	86.02	2.73	21.10	15517	1294	541	100	0	0	0	0	17451	156.89	29.23	11.30	41.26	78.29	43.27	116.80	1.27	25.83	25.28
7/22/2024 9:31:32 AM	27.90	0.92	0.60	4.00	0.00	0.00	0.00	0.00	33.41	86.08	2.80	21.17	14785	918	270	120	0	0	0	0	16093	157.01	29.16	11.13	39.35	75.77	43.02	111.72	1.27	25.81	25.28
7/22/2024 9:31:34 AM	24.23	0.47	0.00	4.78	0.00	0.00	0.00	0.00	29.47	86.01	2.87	20.26	12841	467	0	143	0	0	0	0	13451	156.88	27.87	10.50	35.30	67.76	41.44	99.73	1.28	25.80	25.26
7/22/2024 9:31:37 AM	24.46	1.66	0.27	4.31	0.00	0.00	0.00	0.00	30.70	86.60	2.93	19.85	12961	1664	123	129	0	0	0	0	14877	157.94	28.31	11.17	39.11	69.53	43.81	99.55	1.29	25.81	25.28
7/22/2024 9:31:40 AM	21.87	3.66	0.55	3.86	0.00	0.00	0.00	0.00	29.95	86.07	2.96	19.91	11593	3663	247	116	0	0	0	0	15619	156.98	27.56	11.79	43.38	64.87	47.06	90.84	1.29	25.81	25.28
7/22/2024 9:31:42 AM	23.48	3.01	0.22	4.10	0.00	0.00	0.00	0.00	30.81	86.60	2.99	20.37	12446	3007	97	123	0	0	0	0	15673	157.96	27.95	12.09	42.75	67.79	46.50	95.62	1.29	25.83	25.36
7/22/2024 9:31:46 AM	21.23	7.78	0.97	2.73	0.00	0.00	0.00	0.00	32.72	86.25	3.09	20.34	11254	7784	434	82	0	0	0	0	19555	157.31	27.63	13.87	55.72	65.38	56.33	86.92	1.30	25.81	25.39
7/22/2024 9:31:48 AM	13.56	24.29	0.21	1.93	0.00	0.00	0.00	0.15	39.99	84.64	3.15	19.43	7187	24291	93	58	0	0	0	0	31630	154.37	31.29	22.19	105.93	60.25	102.39	60.12	1.31	25.81	25.37
7/22/2024 9:31:51 AM	12.84	29.36	0.00	2.22	0.00	0.00	0.00	0.17	44.41	83.36	3.21	18.71	6804	29356	0	67	0	0	0	0	36227	152.04	34.65	24.92	123.48	63.28	120.56	59.52	1.31	25.79	25.37
7/22/2024 9:31:54 AM	12.83	34.99	1.02	1.55	0.00	0.00	0.00	0.08	50.39	83.27	3.27	18.46	6798	34988	461	47	0	0	0	0	42294	151.88	38.69	29.83	144.08	67.58	136.76	61.83	1.32	25.80	25.44
7/22/2024 9:31:56 AM	13.24	31.55	0.00	2.81	0.00	0.00	0.00	0.14	47.61	83.11	3.31	18.40	7017	31555	0	84	0	0	0	0	38656	151.59	37.63	28.22	133.00	67.14	130.42	63.50	1.32	25.83	25.42
7/22/2024 9:32:00 AM	19.88	47.46	3.38	7.51	0.00	0.00	0.00	0.00	78.24	79.49	3.39	18.40	10539	47464	1520	225	0	0	0	0	59748	145.00	72.59	50.29	212.73	110.05	206.80	122.77	1.33	25.77	25.42
7/22/2024 9:32:02 AM	23.37	51.84	4.11	25.10	0.00	0.00	0.00	0.00	104.43	79.50	3.47	17.42	12389	51841	1849	753	0	0	0	0	66831	145.01	131.78	78.28	271.97	170.05	288.43	203.59	1.34	25.76	25.45
7/22/2024 9:32:05 AM	24.33	59.29	2.40	27.34	0.00	0.00	0.00	0.55	113.35	78.43	3.53	16.15	12894	59288	1079	820	0	0	0	0	74081	143.05	141.82	84.76	302.77	188.25	321.67	213.62	1.35	25.77	25.45
7/22/2024 9:32:08 AM	22.00	59.13	5.31	22.09	0.00	0.00	0.00	0.64	108.53	78.27	3.56	15.85	11660	59133	2388	663	0	0	0	0	73844	142.76	131.30	79.47	291.37	178.25	302.62	198.07	1.35	25.76	25.47
7/22/2024 9:32:10 AM	19.26	54.53	3.38	20.22	0.00	0.00	0.00	0.83	97.39	79.22	3.59	16.29	10207	54533	1522	607	0	0	0	0	66868	144.50	117.40	72.07	266.15	161.13	276.83	174.28	1.35	25.75	25.47
7/22/2024 9:32:13 AM	23.19	57.22	2.15	20.86	0.00	0.00	0.00	0.64	103.42	78.50	3.64	16.99	12291	57222	967	626	0	0	0	0	71106	143.19	120.18	75.97	279.83	168.51	289.33	184.10	1.36	25.71	25.50
7/22/2024 9:32:16 AM	20.60	49.37	0.00	20.77	0.00	0.00	0.00	0.49	90.74	79.94	3.70	17.03	10919	49368	0	623	0	0	0	0	60910	145.81	107.29	66.62	244.78	148.35	261.41	163.68	1.36	25.71	25.48
7/22/2024 9:32:19 AM	13.63	40.69	0.00	18.40	0.00	0.00	0.00	1.08	72.72	80.76	3.75	16.87	7222	40691	0	552	0	0	0	0	48466	147.30	91.64	54.19	201.19	126.91	220.26	133.47	1.37	25.70	25.52
7/22/2024 9:32:21 AM	11.62	36.09	0.00	12.50	0.00	0.00	0.00	1.10	60.22	82.04	3.79	17.02	6159	36095	0	375	0	0	0	0	42629	149.64	70.26	41.31	169.00	104.19	182.49	103.21	1.37	25.66	25.44
7/22/2024 9:32:24 AM	17.50	47.59	1.49	12.18	0.00	0.00	0.00	0.76	78.76	81.31	3.81	17.10	9274	47588	673	365	0	0	0	0	57900	148.30	83.71	55.11	219.15	125.74	221.36	127.80	1.37	25.71	25.55
7/22/2024 9:32:27 AM	15.51	42.51	0.92	10.91	0.00	0.00	0.00	0.89	69.85	81.30	3.84	16.94	8221	42515	414	327	0	0	0	0	51477	148.28	74.36	50.23	196.00	114.05	197.26	113.67	1.38	25.64	25.48
7/22/2024 9:32:29 AM	15.99	41.97	0.00	13.08	0.00	0.00	0.00	0.90	71.05	80.83	3.85	16.42	8473	41975	0	392	0	0	0	0	50841	147.43	77.85	50.26	196.57	118.00	205.53	119.90	1.38	25.65	25.50
7/22/2024 9:32:32 AM	16.54	44.18	2.02	8.77	0.00	0.00	0.00	0.81	71.51	82.32	3.86	16.28	8766	44181	910	263	0	0	0	0	54120	150.15	72.02	48.09	198.65	114.36	197.46	113.18	1.38	25.60	25.60
7/22/2024 9:32:34 AM	13.28	32.25	0.00	8.63	0.00	0.00	0.00	1.15	54.17	82.40	3.89	16.38	7040	32253	0	259	0	0	0	0	39552	150.29	56.84	37.89	149.02	96.09	154.76	93.18	1.38	25.56	25.53
7/22/2024 9:32:37 AM	12.29	29.88	4.35	2.67	0.00	0.00	0.00	0.91	49.18	83.30	3.93	16.15	6511	29878	1959	80	0	0	0	0	38428	151.93	47.04	30.52	131.65	84.63	126.30	82.13	1.39	25.58	25.52
7/22/2024 9:32:40 AM	12.73	29.35	5.54	1.63	0.00	0.00	0.00	0.90	49.25	82.99	3.99	16.14	6745	29353	2494	49	0	0	0	0	38641	151.37	46.39	29.32	128.88	85.49	122.26	84.14	1.39	25.55	25.48
7/22/2024 9:32:43 AM	14.20	24.47	0.00	6.43	0.00	0.00	0.00	1.26	45.11	82.98	4.03	16.15	7527	24472	0	193	0	0	0	0	32192	151.36	46.81	28.28	117.30	87.79	120.91	86.45	1.40	25.53	25.52
7/22/2024 9:32:45 AM	15.78	23.96	0.00	6.61	0.00	0.00	0.00	1.18	46.35	82.86	4.05	16.34	8365	23959	0	198	0	0	0	0	32522	151.13	47.73	28.11	117.08	90.54	121.19	91.72	1.40	25.51	25.55
7/22/2024 9:32:48 AM	15.77	24.10	0.83	5.76	0.00	0.00	0.00	1.17	46.46	82.48	4.07	16.10	8359	24098	372	173	0	0	0	0	33002	150.44	47.23	28.40	117.04	90.41	118.46	91.66	1.40	25.50	25.53
7/22/2024 9:32:51 AM	14.40	22.88	2.79	3.17	0.00	0.00	0.00	1.20	43.24	83.19	4.14	15.45	7630	22882	1254	95	0	0	0	0	31861	151.73	42.20	25.42	107.68	85.09	105.41	84.93	1.41	25.47	25.55
7/22/2024 9:32:54 AM	15.93	22.29	1.60	4.22	0.00	0.00	0.00	1.41	44.04	82.63	4.21	15.09	8445	22293	720	126	0	0	0	0	31584	150.71	43.68	25.58	107.97	90.74	107.76	90.56	1.41	25.45	25.57
7/22/2024 9:32:56 AM	18.41	19.22	0.35	4.80	0.00	0.00	0.00	1.75	42.78	81.70	4.29	15.00	9758	19218	159	144	0	0	0	0	29278	149.02	42.78	23.31	98.93	97.04	101.03	97.52	1.42	25.41	25.57
7/22/2024 9:32:59 AM	18.59	19.63	1.03	4.35	0.00	0.00	0.00	1.81	43.60	80.96	4.41	14.22	9851	19630	463	130	0	0	0	0	30075	147.66	43.39	23.56	100.30	99.17	101.47	99.59	1.43	25.37	25.52
7/22/2024 9:33:02 AM	20.58	17.55	0.00	5.36	0.00	0.00	0.00	2.21	43.50	80.47	4.56	13.90	10909	17550	0	161	0	0	0	0	28620	146.77	44.57	22.81	95.51	107.73	99.66	108.24	1.45	25.35	25.52
7/22/2024 9:33:04 AM	25.03	19.17	1.89	2.97	0.00	0.00	0.00	2.91	49.06	78.33	4.71	13.90	13267	19169	849	89	0	0	0	0	33374	142.87	46.81	22.81	102.14	128.11	101.65	126.56	1.46	25.32	25.53
7/22/2024 9:33:07 AM	25.79	19.82	1.26	3.48	0.00	0.00	0.00	3.01	50.34	77.95	4.71	12.45	13667	19815	565	104	0	0	0	0	34152	142.17	48.04	23.56	105.63	131.37	105.85	129.27	1.46	25.28	25.58
7/22/2024 9:33:10 AM	25.84	20.56	1.87	2.92	0.00	0.00	0.00	2.98	51.19	77.98	4.73	13.17	13696	20564	839	87	0	0	0	0	35187	142.23	48.14	24.10	107.86	131.97	106.64	129.78	1.46	25.23	25.50
7/22/2024 9:33:13 AM	25.76	20.66	1.78	2.74	0.00	0.00	0.00	2.90	50.94	77.99	4.73	13.41	13650	20663	803	82	0	0	0	0	35199	142.25	47.29	23.60	107.52	130.02	106.27	127.91	1.46	25.19	25.52
7/22/2024 9:33:15 AM	25.49	19.46	1.06	3.74	0.00	0.00	0.00	2.90	49.74	78.07	4.74	14.08	13508	19462	476	112	0	0	0	0	33558	142.39	47.71	23.72	104.53	128.99	104.98	127.61	1.46	25.19	25.55
7/22/2024 9:33:18 AM	25.90	20.83	1.29	3.35	0.00	0.00	0.00	2.95	51.37	78.21	4.75	14.24	13725	20829	581	101	0	0	0	0	35236	142.66	48.35	24.67	109.31	131.55	108.57	129.19	1.47	25.14	25.53
7/22/2024 9:33:21 AM	24.49	21.23	1.76	3.14	0.00	0.00	0.00	2.89	50.62	78.40	4.74	14.29	12980	21228	792	94	0	0	0	0	35094	143.00	48.09	24.63	109.51	128.34	108.44	125.30	1.46	25.10	25.53
7/22/2024 9:33:24 AM	24.52	20.61	1.57	3.41	0.00	0.00	0.00	2.78	50.12	78.43	4.77	14.14	12994	20610	708	102	0	0	0	0	34414	143.05	47.83	24.42	107.67	126.48	107.14	124.71	1.47	25.06	25.53
7/22/2024 9:33:26 AM	23.67	21.43	2.41	2.78	0.00	0.00	0.00	2.82	50.29	78.96	4.80	13.91	12547	21431	1083	83	0	0	0	0	35145	144.01	47.90	24.74	109.41	126.29	107.53	123.34	1.47	25.04	25.47
7/22/2024 9:33:29 AM	24.64	19.80	0.58	4.05	0.00	0.00	0.00	2.91	49.07	78.49	4.81	13.88	13060	19803	262	121	0	0	0	0	33246	143.16	47.40	24.03	105.30	127.05	106.15	124.31	1.47	24.98	25.52
7/22/2024 9:33:32 AM	25.84	21.04	0.67	3.93	0.00	0.00	0.00	2.94	51.48	78.08	4.81	14.13	13697	21042	300	118	0	0	0	0	35156	142.41	48.82	25.03	110.66	131.30	110.89	128.71	1.47	24.96	25.47
7/22/2024 9:33:35 AM	26.41	20.35	0.28	4.31	0.00	0.00	0.00	2.90	51.34	78.25	4.83	14.34	13995	20351	124	129	0	0	0	0	34599	142.73	48.89	24.16	108.82	131.38	110.41	129.95	1.47	24.91	25.52
7/22/2024 9:33:37 AM	26.06	22.60	3.70	1.46	0.00	0.00	0.00	2.77	53.82	78.26	4.86	14.56	13813	22602	1663	44	0	0	0	0	38122	142.75	48.81	24.46	113.79	132.21	109.88	131.27	1.48	24.88	25.45
7/22/2024 9:33:40 AM	26.51	20.81	1.17	3.48	0.00	0.00	0.00	3.05	51.97	78.25	4.88	14.27	14051	20808	526	104	0	0	0	0	35489	142.73	48.99	24.94	109.98	134.35	109.35	131.88	1.48	24.82	25.44
7/22/2024 9:33:43 AM	26.67	21.40	3.48	1.00	0.00	0.00	0.00	3.35	52.55	77.43	4.89	13.97	14137	21395	1565	30	0	0	0	0	37127	141.22	47.74	23.53	109.06	139.06	104.64	134.41	1.48	24.79	25.40
7/22/2024 9:33:45 AM	27.73	20.07	1.48	2.33	0.00	0.00	0.00	3.42	51.61	76.55	4.90	14.18	14699	20068	666	70	0	0	0	0	35502	139.63	47.23	23.18	106.11	139.69	104.26	135.12	1.48	24.76	25.47
7/22/2024 9:33:49 AM	27.48	19.63	1.72	2.17	0.00	0.00	0.00	3.40	50.99	77.49	4.94	13.74	14562	19626	773	65	0	0	0	0	35027	141.35	46.81	22.36	104.03	138.61	102.43	134.36	1.48	24.69	25.40
7/22/2024 9:33:51 AM	27.21	17.37	0.77	2.93	0.00	0.00	0.00	3.42	48.28	76.96	5.05	12.46	14420	17370	348	88	0	0	0	0	32226	140.38	45.38	21.34	96.48	135.89	96.54	132.17	1.50	24.67	25.39
7/22/2024 9:33:54 AM	26.90	18.62	2.86	1.30	0.00	0.00	0.00	3.46	49.69	77.06	5.11	12.20	14258	18619	1288	39	0	0	0	0	34204	140.56	45.80	21.23	99.15	138.02	96.40	133.90	1.50	24.62	25.40
7/22/2024 9:33:57 AM	27.15	18.51	2.03	1.84	0.00	0.00	0.00	3.41	49.52	77.18	5.16	12.39	14389	18506	911	55	0	0	0	0	33862	140.77	45.55	21.49	99.34	137.00	97.38	133.04	1.51	24.58	25.39
7/22/2024 9:33:59 AM	26.03	17.29	1.20	2.48	0.00	0.00	0.00	3.33	47.00	77.09	5.17	12.48	13795	17287	540	74	0	0	0	0	31697	140.62	44.04	20.69	94.52	131.67	94.02	127.58	1.51	24.57	25.39
7/22/2024 9:34:02 AM	25.67	17.63	1.73	2.03	0.00	0.00	0.00	3.27	47.05	77.25	5.25	13.09	13605	17629	778	61	0	0	0	0	32073	140.91	43.74	20.77	95.01	130.61	93.55	126.51	1.51	24.49	25.36
7/22/2024 9:34:05 AM	24.91	16.02	0.34	3.16	0.00	0.00	0.00	3.24	44.44	77.92	5.33	12.95	13204	16022	154	95	0	0	0	0	29474	142.12	42.55	20.22	89.72	126.37	90.49	122.19	1.52	24.46	25.39
7/22/2024 9:34:08 AM	25.36	18.09	2.41	1.53	0.00	0.00	0.00	3.30	47.38	77.56	5.40	13.05	13440	18088	1083	46	0	0	0	0	32657	141.46	43.91	20.82	95.97	131.09	93.61	126.59	1.53	24.42	25.37
7/22/2024 9:34:10 AM	25.12	17.33	1.60	2.20	0.00	0.00	0.00	3.23	46.25	78.00	5.45	13.31	13312	17330	721	66	0	0	0	0	31429	142.27	43.36	20.89	93.80	128.53	92.47	124.46	1.53	24.39	25.32
7/22/2024 9:34:13 AM	23.81	15.42	0.62	3.05	0.00	0.00	0.00	3.09	42.90	78.38	5.54	13.33	12619	15418	281	92	0	0	0	0	28409	142.96	41.47	19.42	86.50	121.53	87.43	118.01	1.54	24.34	25.31
7/22/2024 9:34:16 AM	22.61	15.11	0.35	3.28	0.00	0.00	0.00	2.94	41.35	79.57	5.61	12.91	11985	15107	155	99	0	0	0	0	27346	145.13	40.37	19.13	84.55	116.28	85.96	112.74	1.55	24.29	25.31
7/22/2024 9:34:19 AM	22.14	15.22	0.00	3.71	0.00	0.00	0.00	2.94	41.07	79.54	5.67	13.19	11735	15217	0	111	0	0	0	0	27064	145.07	40.69	19.59	85.20	115.43	87.18	111.47	1.56	24.24	25.28
7/22/2024 9:34:22 AM	20.41	15.12	0.71	2.91	0.00	0.00	0.00	2.64	39.16	79.93	5.71	13.27	10819	15124	320	87	0	0	0	0	26350	145.78	38.20	18.46	82.15	106.93	83.05	103.45	1.56	24.21	25.28
7/22/2024 9:34:24 AM	21.01	15.14	0.96	2.54	0.00	0.00	0.00	2.63	39.66	79.82	5.80	13.46	11138	15142	431	76	0	0	0	0	26787	145.59	37.94	18.52	82.23	107.98	82.28	104.96	1.57	24.14	25.21
7/22/2024 9:34:27 AM	19.59	14.27	0.26	3.38	0.00	0.00	0.00	2.55	37.51	80.38	5.89	13.28	10384	14273	118	101	0	0	0	0	24876	146.60	37.36	18.45	79.07	103.09	80.60	99.90	1.58	24.15	25.28
7/22/2024 9:34:30 AM	18.56	13.30	0.00	3.69	0.00	0.00	0.00	2.62	35.56	80.24	5.96	11.78	9838	13303	0	111	0	0	0	0	23252	146.35	36.58	17.59	74.97	100.91	77.78	96.89	1.58	24.07	25.20
7/22/2024 9:34:32 AM	17.45	14.35	0.98	2.58	0.00	0.00	0.00	2.38	35.36	80.11	6.01	11.85	9250	14354	439	77	0	0	0	0	24120	146.13	35.02	17.40	76.34	95.56	76.83	91.48	1.59	24.03	25.26
7/22/2024 9:34:35 AM	18.13	15.74	1.85	1.53	0.00	0.00	0.00	2.38	37.25	80.21	6.08	12.31	9607	15739	834	46	0	0	0	0	26225	146.29	35.11	17.63	80.43	97.87	78.93	93.52	1.60	24.00	25.23
7/22/2024 9:34:37 AM	17.02	14.12	0.99	2.48	0.00	0.00	0.00	2.41	34.62	80.18	6.14	12.60	9020	14122	447	74	0	0	0	0	23664	146.24	34.46	17.00	74.92	94.61	75.44	89.93	1.60	23.94	25.13
7/22/2024 9:34:40 AM	16.74	13.21	0.00	3.09	0.00	0.00	0.00	2.24	33.04	79.95	6.19	12.86	8871	13214	0	93	0	0	0	0	22177	145.83	32.95	16.15	71.52	89.82	73.68	85.92	1.61	23.92	25.12
7/22/2024 9:34:43 AM	15.59	15.83	3.11	0.18	0.00	0.00	0.00	2.20	34.72	80.68	6.28	13.04	8263	15834	1401	5	0	0	0	0	25505	147.15	32.07	16.80	76.96	89.34	73.02	83.84	1.61	23.86	25.16
7/22/2024 9:34:46 AM	14.65	11.58	0.00	2.55	0.00	0.00	0.00	2.17	28.78	80.30	6.30	13.10	7765	11578	0	77	0	0	0	0	19420	146.47	28.65	14.09	62.28	81.30	64.91	76.12	1.62	23.81	25.07
7/22/2024 9:34:49 AM	12.59	12.57	1.38	0.94	0.00	0.00	0.00	1.99	27.47	80.15	6.33	13.26	6672	12567	622	28	0	0	0	0	19889	146.18	26.28	13.36	62.24	74.14	61.18	67.61	1.62	23.76	25.13
7/22/2024 9:34:51 AM	12.21	11.97	0.57	1.70	0.00	0.00	0.00	1.86	26.44	80.27	6.34	13.19	6470	11972	254	51	0	0	0	0	18748	146.41	25.84	13.92	60.81	70.77	60.56	64.94	1.62	23.73	25.07
7/22/2024 9:34:54 AM	13.91	12.19	0.00	2.34	0.00	0.00	0.00	2.07	28.44	80.03	6.34	12.91	7374	12189	0	70	0	0	0	0	19633	145.97	28.10	14.18	63.72	78.06	65.07	72.28	1.62	23.71	25.07
7/22/2024 9:34:57 AM	13.07	12.97	0.51	2.09	0.00	0.00	0.00	2.13	28.64	80.26	6.36	12.72	6929	12966	231	63	0	0	0	0	20188	146.39	28.66	15.04	66.00	78.31	66.26	71.27	1.62	23.64	25.03
7/22/2024 9:35:00 AM	12.11	11.59	0.00	2.62	0.00	0.00	0.00	2.02	26.32	79.94	6.36	12.76	6420	11590	0	79	0	0	0	0	18088	145.81	26.91	14.28	60.24	73.36	63.05	66.95	1.62	23.60	24.97
7/22/2024 9:35:02 AM	13.03	12.59	0.39	1.86	0.00	0.00	0.00	1.93	27.86	79.74	6.36	12.80	6904	12587	173	56	0	0	0	0	19720	145.45	26.99	14.56	63.94	74.18	63.79	68.22	1.62	23.55	24.99
7/22/2024 9:35:05 AM	12.37	13.92	2.13	0.24	0.00	0.00	0.00	1.99	28.65	79.69	6.42	12.72	6556	13916	957	7	0	0	0	0	21436	145.36	26.59	14.25	66.27	74.87	63.38	67.54	1.63	23.53	24.95
7/22/2024 9:35:08 AM	12.76	13.31	1.58	0.75	0.00	0.00	0.00	1.92	28.41	79.93	6.43	12.64	6763	13314	710	23	0	0	0	0	20810	145.79	26.58	14.35	65.05	74.30	62.95	67.99	1.63	23.49	24.97
7/22/2024 9:35:11 AM	12.89	12.61	0.77	1.47	0.00	0.00	0.00	2.04	27.74	80.03	6.44	12.56	6830	12615	344	44	0	0	0	0	19833	145.98	26.83	13.93	63.33	75.32	62.94	68.51	1.63	23.43	24.94
7/22/2024 9:35:14 AM	12.30	11.98	0.62	1.36	0.00	0.00	0.00	1.94	26.28	79.75	6.53	12.15	6521	11984	281	41	0	0	0	0	18827	145.46	25.25	13.31	60.18	71.52	59.71	64.81	1.64	23.38	24.89
7/22/2024 9:35:16 AM	10.62	10.87	0.32	1.36	0.00	0.00	0.00	1.74	23.18	78.92	6.67	11.27	5628	10872	146	41	0	0	0	0	16686	143.96	22.46	12.11	54.35	62.98	54.23	56.33	1.65	23.35	24.87
7/22/2024 9:35:19 AM	9.18	10.61	0.75	0.88	0.00	0.00	0.00	1.62	21.42	78.50	6.77	10.83	4865	10606	339	26	0	0	0	0	15837	143.18	20.70	11.29	51.45	57.57	50.74	50.54	1.66	23.31	24.83
7/22/2024 9:35:22 AM	9.76	11.32	1.07	0.61	0.00	0.00	0.00	1.58	22.76	78.43	6.86	10.75	5175	11315	483	18	0	0	0	0	16991	143.06	21.33	11.75	54.23	59.18	52.83	52.65	1.67	23.26	24.86
7/22/2024 9:35:25 AM	9.08	11.21	1.20	0.59	0.00	0.00	0.00	1.66	22.08	78.00	6.95	11.03	4811	11208	538	18	0	0	0	0	16575	142.26	21.28	11.32	53.27	58.84	52.20	51.34	1.68	23.23	24.81
7/22/2024 9:35:27 AM	8.76	11.01	0.81	0.66	0.00	0.00	0.00	1.54	21.24	78.41	7.00	11.20	4643	11006	363	20	0	0	0	0	16032	143.01	20.06	11.29	52.10	55.47	50.94	48.12	1.69	23.15	24.81
7/22/2024 9:35:30 AM	8.16	11.07	1.64	0.00	0.00	0.00	0.00	1.51	20.87	78.63	7.07	11.54	4323	11073	740	0	0	0	0	0	16136	143.43	19.55	10.76	51.14	54.19	49.00	46.77	1.69	23.12	24.76
7/22/2024 9:35:32 AM	8.02	11.33	1.42	0.13	0.00	0.00	0.00	1.58	20.90	78.42	7.14	11.83	4252	11333	639	4	0	0	0	0	16229	143.04	19.69	11.09	52.08	54.81	50.04	46.48	1.70	23.07	24.78
7/22/2024 9:35:35 AM	8.45	10.80	0.98	0.47	0.00	0.00	0.00	1.61	20.70	78.35	7.20	11.74	4481	10802	440	14	0	0	0	0	15737	142.90	19.68	11.05	50.89	55.47	49.45	47.48	1.71	23.05	24.76
7/22/2024 9:35:38 AM	7.88	9.15	0.30	1.01	0.00	0.00	0.00	1.56	18.34	78.37	7.27	11.82	4177	9151	135	30	0	0	0	0	13494	142.95	18.30	9.82	44.84	51.74	44.97	44.20	1.71	22.98	24.70
7/22/2024 9:35:41 AM	8.27	10.27	0.41	0.83	0.00	0.00	0.00	1.62	19.78	78.09	7.32	12.03	4385	10266	186	25	0	0	0	0	14861	142.44	19.10	10.66	49.00	54.18	48.41	45.92	1.72	22.93	24.62
7/22/2024 9:35:44 AM	8.19	10.03	0.24	0.86	0.00	0.00	0.00	1.60	19.33	78.18	7.41	12.28	4343	10034	109	26	0	0	0	0	14512	142.60	18.60	10.27	47.93	53.21	47.61	44.91	1.73	22.90	24.65
7/22/2024 9:35:46 AM	7.87	9.02	0.00	1.18	0.00	0.00	0.00	1.59	18.08	78.24	7.50	11.82	4173	9023	0	36	0	0	0	0	13232	142.71	18.04	9.72	44.32	51.74	45.15	43.84	1.74	22.87	24.63
7/22/2024 9:35:49 AM	7.83	8.92	0.06	1.03	0.00	0.00	0.00	1.49	17.84	78.25	7.56	11.40	4148	8922	29	31	0	0	0	0	13130	142.74	17.51	9.49	43.73	49.91	43.99	42.59	1.74	22.84	24.65
7/22/2024 9:35:52 AM	7.36	9.43	0.35	0.59	0.00	0.00	0.00	1.49	17.74	78.40	7.67	11.05	3902	9433	158	18	0	0	0	0	13511	142.99	16.92	9.45	44.51	48.83	43.96	40.66	1.75	22.77	24.62
7/22/2024 9:35:54 AM	7.75	9.43	0.57	0.44	0.00	0.00	0.00	1.49	18.20	78.19	7.81	11.25	4109	9433	257	13	0	0	0	0	13811	142.62	17.16	9.45	44.73	49.91	43.91	42.24	1.76	22.73	24.54
7/22/2024 9:35:57 AM	7.49	8.05	0.00	0.94	0.00	0.00	0.00	1.56	16.48	78.13	7.94	10.99	3972	8047	0	28	0	0	0	0	12047	142.51	16.46	8.74	40.03	49.00	40.49	41.18	1.78	22.67	24.55
7/22/2024 9:36:00 AM	7.58	9.20	0.88	0.13	0.00	0.00	0.00	1.53	17.80	77.97	8.04	10.65	4020	9197	398	4	0	0	0	0	13618	142.22	16.75	9.25	43.43	49.98	42.06	42.01	1.79	22.66	24.52
7/22/2024 9:36:02 AM	7.38	8.74	0.76	0.24	0.00	0.00	0.00	1.57	17.12	77.88	8.16	10.66	3913	8739	343	7	0	0	0	0	13002	142.06	16.45	8.87	41.69	49.59	40.71	41.40	1.80	22.63	24.52
7/22/2024 9:36:05 AM	8.42	8.68	0.57	0.49	0.00	0.00	0.00	1.44	18.16	77.76	8.29	10.89	4463	8681	256	15	0	0	0	0	13414	141.84	17.04	9.22	42.71	50.38	41.98	44.12	1.81	22.54	24.44
7/22/2024 9:36:08 AM	7.82	8.37	0.15	0.87	0.00	0.00	0.00	1.59	17.21	77.68	8.38	10.63	4147	8373	67	26	0	0	0	0	12612	141.69	17.04	9.01	41.52	50.60	41.69	42.85	1.82	22.51	24.44
7/22/2024 9:36:11 AM	7.64	8.58	0.45	0.49	0.00	0.00	0.00	1.55	17.16	77.59	8.49	10.62	4049	8582	203	15	0	0	0	0	12849	141.52	16.52	8.78	41.53	49.57	41.10	41.75	1.83	22.48	24.44
7/22/2024 9:36:13 AM	8.49	9.46	1.09	0.00	0.00	0.00	0.00	1.60	19.04	77.32	8.60	10.67	4501	9464	489	0	0	0	0	0	14453	141.03	17.65	9.44	45.30	53.49	43.19	45.84	1.84	22.44	24.42
7/22/2024 9:36:16 AM	8.15	9.12	0.91	0.00	0.00	0.00	0.00	1.65	18.17	77.48	8.70	10.62	4318	9115	411	0	0	0	0	0	13844	141.32	16.93	8.95	43.36	52.55	41.89	44.23	1.85	22.39	24.44
7/22/2024 9:36:19 AM	7.76	8.17	0.33	0.46	0.00	0.00	0.00	1.62	16.72	77.35	8.84	10.52	4112	8172	147	14	0	0	0	0	12445	141.09	16.11	8.54	40.04	50.21	39.59	41.97	1.87	22.34	24.33
7/22/2024 9:36:22 AM	8.03	8.04	0.89	0.15	0.00	0.00	0.00	1.62	17.12	77.30	9.01	10.15	4257	8043	402	4	0	0	0	0	12706	140.99	16.45	8.51	39.70	51.30	38.69	43.87	1.88	22.32	24.26
7/22/2024 9:36:25 AM	8.48	8.40	0.87	0.31	0.00	0.00	0.00	1.69	18.06	76.96	9.25	10.01	4494	8398	393	9	0	0	0	0	13295	140.37	17.54	8.99	41.72	54.02	40.87	46.48	1.91	22.28	24.30
7/22/2024 9:36:27 AM	9.08	8.43	0.67	0.33	0.00	0.00	0.00	1.78	18.51	76.77	9.34	10.06	4813	8426	300	10	0	0	0	0	13550	140.04	17.74	8.72	42.11	56.31	41.58	48.39	1.92	22.22	24.31
7/22/2024 9:36:30 AM	8.54	8.32	0.56	0.44	0.00	0.00	0.00	1.79	17.86	76.91	9.34	10.11	4527	8324	253	13	0	0	0	0	13116	140.28	17.46	8.71	41.43	55.02	41.06	46.60	1.92	22.18	24.30
7/22/2024 9:36:33 AM	8.30	8.86	1.05	0.00	0.00	0.00	0.00	1.70	18.21	76.84	9.35	10.20	4401	8857	471	0	0	0	0	0	13728	140.15	17.24	8.85	42.71	53.80	41.32	45.60	1.92	22.12	24.22
7/22/2024 9:36:36 AM	8.60	8.37	0.60	0.42	0.00	0.00	0.00	1.74	18.00	76.95	9.36	10.42	4560	8373	272	13	0	0	0	0	13218	140.35	17.46	8.80	41.67	54.56	41.20	46.57	1.92	22.08	24.23
7/22/2024 9:36:39 AM	8.25	8.52	0.38	0.45	0.00	0.00	0.00	1.77	17.60	76.74	9.38	10.65	4373	8520	173	13	0	0	0	0	13079	139.98	17.04	8.92	41.81	53.88	41.26	44.93	1.92	22.05	24.15
7/22/2024 9:36:41 AM	8.06	8.32	0.58	0.33	0.00	0.00	0.00	1.76	17.29	77.01	9.52	10.67	4270	8325	261	10	0	0	0	0	12865	140.47	16.85	8.69	40.86	53.28	40.20	44.49	1.93	21.99	24.14
7/22/2024 9:36:44 AM	8.07	8.18	0.23	0.59	0.00	0.00	0.00	1.77	17.08	76.88	9.58	10.49	4278	8184	106	18	0	0	0	0	12585	140.24	16.82	8.64	40.58	53.04	40.46	44.15	1.94	21.98	24.14
7/22/2024 9:36:47 AM	7.92	7.78	0.13	0.67	0.00	0.00	0.00	1.69	16.50	76.90	9.65	10.29	4197	7779	59	20	0	0	0	0	12056	140.26	16.29	8.26	38.98	51.20	39.16	42.88	1.95	21.91	24.10
7/22/2024 9:36:49 AM	7.98	8.87	0.85	0.00	0.00	0.00	0.00	1.74	17.70	77.06	9.72	10.68	4228	8868	385	0	0	0	0	0	13481	140.56	16.78	8.77	42.60	53.18	40.62	44.06	1.95	21.90	24.02
7/22/2024 9:36:52 AM	8.30	8.91	0.80	0.00	0.00	0.00	0.00	1.76	18.00	76.70	9.73	10.61	4399	8906	358	0	0	0	0	0	13663	139.90	16.91	8.75	43.06	54.05	40.86	45.00	1.95	21.86	23.99
7/22/2024 9:36:55 AM	7.60	8.74	0.96	0.00	0.00	0.00	0.00	1.71	17.30	76.66	9.75	10.68	4029	8736	434	0	0	0	0	0	13199	139.82	16.62	8.75	41.74	52.01	40.12	43.01	1.96	21.82	24.01
7/22/2024 9:36:57 AM	8.51	8.45	0.69	0.00	0.00	0.00	0.00	1.72	17.65	76.88	9.81	10.84	4509	8449	312	0	0	0	0	0	13270	140.23	16.45	8.36	41.74	53.41	39.09	44.90	1.96	21.77	24.01
7/22/2024 9:37:01 AM	9.25	9.10	0.68	0.00	0.00	0.00	0.00	1.71	19.04	77.09	9.83	10.72	4903	9105	307	0	0	0	0	0	14315	140.61	17.27	9.03	44.86	55.54	41.68	47.39	1.96	21.71	23.97
