VC:46e9e7d BD:Jun  9 2016 SN:US4300170200001328
                     Time,      [CH4]_ppm,   [CH4]_ppm_sd,     [CH4L]_ppm,  [CH4L]_ppm_sd,     [CH4H]_ppm,  [CH4H]_ppm_sd,      [H2O]_ppm,   [H2O]_ppm_sd,      [CO2]_ppm,   [CO2]_ppm_sd,     [CH4]d_ppm,  [CH4]d_ppm_sd,     [CO2]d_ppm,  [CO2]d_ppm_sd,      GasP_torr,   GasP_torr_sd,         GasT_C,      GasT_C_sd,         AmbT_C,      AmbT_C_sd,         RD0_us,      RD0_us_sd,         RD1_us,      RD1_us_sd,       Fit_Flag,      MIU_VALVE,       MIU_DESC
  05/31/2018 11:22:37.167,    1.82330e+00,    1.56089e-03,    1.82330e+00,    1.56089e-03,   -1.00000e-02,    6.33741e-19,    2.65500e+04,    9.72717e+01,    4.17746e+02,    1.81493e-01,    1.87303e+00,    1.74317e-03,    4.29139e+02,    1.79140e-01,    1.40280e+02,    3.58307e-02,    2.47671e+01,    1.53632e-03,    2.69027e+01,    1.28960e-02,    8.65112e+00,    2.64255e-03,    8.82143e+00,    3.36727e-03,              3,              0,       1 meters
  05/31/2018 11:22:47.119,    1.82175e+00,    1.31889e-03,    1.82175e+00,    1.31889e-03,   -1.00000e-02,    1.09731e-18,    2.66419e+04,    5.14884e+01,    4.17806e+02,    2.04118e-01,    1.87161e+00,    1.39889e-03,    4.29242e+02,    2.05120e-01,    1.40289e+02,    3.76915e-02,    2.47738e+01,    2.57524e-03,    2.69588e+01,    2.06853e-02,    8.65339e+00,    2.13091e-03,    8.81984e+00,    4.51115e-03,              3,              0,       1 meters
  05/31/2018 11:22:57.073,    1.82098e+00,    1.76627e-03,    1.82098e+00,    1.76627e-03,   -1.00000e-02,    1.09731e-18,    2.67036e+04,    5.78802e+01,    4.18100e+02,    2.15891e-01,    1.87094e+00,    1.87927e-03,    4.29572e+02,    2.11853e-01,    1.40277e+02,    3.57440e-02,    2.47823e+01,    2.60838e-03,    2.70307e+01,    2.15477e-02,    8.65545e+00,    3.56939e-03,    8.81951e+00,    2.47642e-03,              3,              0,       1 meters
  05/31/2018 11:23:07.039,    1.82171e+00,    1.53026e-03,    1.82171e+00,    1.53026e-03,   -1.00000e-02,    1.09731e-18,    2.68227e+04,    5.97755e+01,    4.18390e+02,    1.62761e-01,    1.87192e+00,    1.56534e-03,    4.29922e+02,    1.84986e-01,    1.40283e+02,    3.74862e-02,    2.47909e+01,    2.54943e-03,    2.71010e+01,    2.01680e-02,    8.65413e+00,    1.77799e-03,    8.81934e+00,    2.81617e-03,              3,              0,       1 meters
  05/31/2018 11:23:16.992,    1.82257e+00,    1.12453e-03,    1.82257e+00,    1.12453e-03,   -1.00000e-02,    1.09731e-18,    2.69499e+04,    4.97929e+01,    4.18679e+02,    2.14787e-01,    1.87305e+00,    1.14463e-03,    4.30275e+02,    2.12285e-01,    1.40274e+02,    3.54058e-02,    2.47992e+01,    2.57023e-03,    2.71700e+01,    2.23024e-02,    8.65452e+00,    1.75326e-03,    8.81969e+00,    2.87416e-03,              3,              0,       1 meters
  05/31/2018 11:23:26.945,    1.82176e+00,    1.17379e-03,    1.82176e+00,    1.17379e-03,   -1.00000e-02,    1.09731e-18,    2.69778e+04,    3.50351e+01,    4.18510e+02,    2.54924e-01,    1.87227e+00,    1.21736e-03,    4.30113e+02,    2.53040e-01,    1.40289e+02,    3.45376e-02,    2.48079e+01,    2.70122e-03,    2.72411e+01,    2.35370e-02,    8.65550e+00,    2.15648e-03,    8.82029e+00,    2.16670e-03,              3,              0,       1 meters
  05/31/2018 11:23:36.899,    1.82217e+00,    1.51456e-03,    1.82217e+00,    1.51456e-03,   -1.00000e-02,    1.09731e-18,    2.71062e+04,    4.04523e+01,    4.18470e+02,    2.07231e-01,    1.87294e+00,    1.55165e-03,    4.30130e+02,    2.06063e-01,    1.40275e+02,    3.63599e-02,    2.48169e+01,    2.75046e-03,    2.73149e+01,    2.19272e-02,    8.65732e+00,    2.07086e-03,    8.81959e+00,    2.22715e-03,              3,              0,       1 meters
  05/31/2018 11:23:46.852,    1.82173e+00,    6.35959e-04,    1.82173e+00,    6.35959e-04,   -1.00000e-02,    1.09731e-18,    2.71401e+04,    5.56266e+01,    4.18549e+02,    2.03254e-01,    1.87255e+00,    6.60561e-04,    4.30225e+02,    2.03956e-01,    1.40283e+02,    3.82948e-02,    2.48260e+01,    2.80856e-03,    2.73845e+01,    2.12210e-02,    8.65724e+00,    1.06939e-03,    8.82090e+00,    2.31877e-03,              3,              0,       1 meters
  05/31/2018 11:23:56.807,    1.82231e+00,    1.02629e-03,    1.82231e+00,    1.02629e-03,   -1.00000e-02,    1.09731e-18,    2.71809e+04,    5.89228e+01,    4.18929e+02,    2.64031e-01,    1.87323e+00,    1.11271e-03,    4.30634e+02,    2.80733e-01,    1.40277e+02,    3.57513e-02,    2.48354e+01,    2.89246e-03,    2.74504e+01,    2.16709e-02,    8.65841e+00,    1.51384e-03,    8.82114e+00,    3.26693e-03,              3,              0,       1 meters
  05/31/2018 11:24:06.760,    1.82248e+00,    8.17304e-04,    1.82248e+00,    8.17304e-04,   -1.00000e-02,    1.09731e-18,    2.72322e+04,    4.51415e+01,    4.19086e+02,    2.54989e-01,    1.87350e+00,    8.39207e-04,    4.30818e+02,    2.58218e-01,    1.40276e+02,    3.63806e-02,    2.48450e+01,    2.95754e-03,    2.75162e+01,    1.96247e-02,    8.65719e+00,    1.91267e-03,    8.82253e+00,    2.45868e-03,              3,              0,       1 meters
  05/31/2018 11:24:16.714,    1.82241e+00,    1.11061e-03,    1.82241e+00,    1.11061e-03,   -1.00000e-02,    1.09731e-18,    2.72656e+04,    5.59322e+01,    4.18966e+02,    2.68565e-01,    1.87349e+00,    1.16875e-03,    4.30710e+02,    2.64355e-01,    1.40283e+02,    3.88448e-02,    2.48548e+01,    2.99625e-03,    2.75809e+01,    2.05424e-02,    8.65800e+00,    2.35092e-03,    8.82210e+00,    1.52372e-03,              3,              0,       1 meters
  05/31/2018 11:24:26.668,    1.82209e+00,    1.40310e-03,    1.82209e+00,    1.40310e-03,   -1.00000e-02,    1.09731e-18,    2.72890e+04,    6.97760e+01,    4.18810e+02,    2.85945e-01,    1.87321e+00,    1.50813e-03,    4.30559e+02,    2.88497e-01,    1.40271e+02,    3.68055e-02,    2.48649e+01,    3.09307e-03,    2.76494e+01,    2.13991e-02,    8.65720e+00,    2.11077e-03,    8.82264e+00,    3.69780e-03,              3,              0,       1 meters
  05/31/2018 11:24:36.624,    1.82153e+00,    8.37421e-04,    1.82153e+00,    8.37421e-04,   -1.00000e-02,    1.09731e-18,    2.73248e+04,    4.39856e+01,    4.18567e+02,    2.61043e-01,    1.87270e+00,    8.84895e-04,    4.30326e+02,    2.75619e-01,    1.40286e+02,    3.35408e-02,    2.48754e+01,    3.00824e-03,    2.77121e+01,    1.50363e-02,    8.65597e+00,    2.60714e-03,    8.82256e+00,    2.26907e-03,              3,              0,       1 meters
  05/31/2018 11:24:46.575,    1.82148e+00,    8.32547e-04,    1.82148e+00,    8.32547e-04,   -1.00000e-02,    1.09731e-18,    2.73555e+04,    4.56852e+01,    4.18379e+02,    3.00981e-01,    1.87271e+00,    8.28660e-04,    4.30146e+02,    3.04982e-01,    1.40271e+02,    3.69223e-02,    2.48863e+01,    3.28647e-03,    2.77793e+01,    2.22277e-02,    8.65695e+00,    2.00102e-03,    8.82137e+00,    2.55951e-03,              3,              0,       1 meters
  05/31/2018 11:24:56.527,    1.82041e+00,    1.32572e-03,    1.82041e+00,    1.32572e-03,   -1.00000e-02,    1.09731e-18,    2.74217e+04,    3.60165e+01,    4.17404e+02,    6.75868e-01,    1.87174e+00,    1.39611e-03,    4.29173e+02,    7.03353e-01,    1.40279e+02,    3.71592e-02,    2.48971e+01,    3.21789e-03,    2.78459e+01,    1.76932e-02,    8.65633e+00,    2.43647e-03,    8.82403e+00,    2.92852e-03,              3,              0,       1 meters
  05/31/2018 11:25:06.495,    1.81991e+00,    1.10452e-03,    1.81991e+00,    1.10452e-03,   -1.00000e-02,    1.09731e-18,    2.74018e+04,    3.54025e+01,    4.15822e+02,    5.48601e-01,    1.87118e+00,    1.15641e-03,    4.27537e+02,    5.66371e-01,    1.40274e+02,    3.66663e-02,    2.49083e+01,    3.49926e-03,    2.79088e+01,    1.83244e-02,    8.65704e+00,    2.70439e-03,    8.82390e+00,    1.40822e-03,              3,              0,       1 meters
  05/31/2018 11:25:16.449,    1.82706e+00,    2.93927e-03,    1.82706e+00,    2.93927e-03,   -1.00000e-02,    1.09731e-18,    2.76487e+04,    2.44031e+02,    4.13752e+02,    6.00325e-01,    1.87901e+00,    3.44900e-03,    4.25517e+02,    5.16495e-01,    1.40278e+02,    3.74035e-02,    2.49200e+01,    3.47994e-03,    2.79691e+01,    1.97076e-02,    8.65741e+00,    2.75371e-03,    8.82273e+00,    2.97007e-03,              3,              0,       1 meters
  05/31/2018 11:25:26.402,    1.83892e+00,    3.74227e-03,    1.83892e+00,    3.74227e-03,   -1.00000e-02,    1.09731e-18,    2.84581e+04,    2.77793e+02,    4.12659e+02,    1.95103e-01,    1.89279e+00,    4.34799e-03,    4.24747e+02,    1.98825e-01,    1.40279e+02,    3.21472e-02,    2.49320e+01,    3.77531e-03,    2.80297e+01,    1.90261e-02,    8.65933e+00,    1.24282e-03,    8.82481e+00,    1.65802e-03,              3,              0,       1 meters
  05/31/2018 11:25:36.356,    1.85877e+00,    8.51504e-03,    1.85877e+00,    8.51504e-03,   -1.00000e-02,    1.09731e-18,    2.96938e+04,    4.87067e+02,    4.12087e+02,    1.28843e-01,    1.91566e+00,    9.72906e-03,    4.24698e+02,    1.62110e-01,    1.40270e+02,    3.72997e-02,    2.49445e+01,    3.79458e-03,    2.80904e+01,    1.69220e-02,    8.65811e+00,    2.72053e-03,    8.82584e+00,    2.66034e-03,              3,              0,       1 meters
  05/31/2018 11:25:46.309,    1.88519e+00,    5.46395e-03,    1.88519e+00,    5.46395e-03,   -1.00000e-02,    1.09731e-18,    3.14130e+04,    5.04028e+02,    4.11530e+02,    3.70304e-01,    1.94633e+00,    6.63174e-03,    4.24877e+02,    2.28767e-01,    1.40280e+02,    3.72612e-02,    2.49574e+01,    3.99866e-03,    2.81419e+01,    1.44998e-02,    8.65888e+00,    2.57387e-03,    8.82508e+00,    2.33127e-03,              3,              0,       1 meters
  05/31/2018 11:25:56.263,    1.90238e+00,    6.27394e-03,    1.90238e+00,    6.27394e-03,   -1.00000e-02,    1.09731e-18,    3.27039e+04,    3.29647e+02,    4.11092e+02,    1.52878e-01,    1.96671e+00,    7.13856e-03,    4.24991e+02,    2.09396e-01,    1.40263e+02,    3.33998e-02,    2.49704e+01,    3.87124e-03,    2.81947e+01,    1.60647e-02,    8.65941e+00,    2.22559e-03,    8.82563e+00,    1.87425e-03,              3,              0,       1 meters
  05/31/2018 11:26:06.216,    1.91962e+00,    3.96518e-03,    1.91962e+00,    3.96518e-03,   -1.00000e-02,    1.09731e-18,    3.34672e+04,    1.47840e+02,    4.11095e+02,    2.90974e-01,    1.98609e+00,    4.38125e-03,    4.25329e+02,    2.54108e-01,    1.40278e+02,    3.69513e-02,    2.49831e+01,    3.85828e-03,    2.82423e+01,    1.45128e-02,    8.65744e+00,    2.47048e-03,    8.82452e+00,    2.78356e-03,              3,              0,       1 meters
  05/31/2018 11:26:16.170,    1.93286e+00,    3.85565e-03,    1.93286e+00,    3.85565e-03,   -1.00000e-02,    1.09731e-18,    3.38252e+04,    6.77679e+01,    4.10843e+02,    2.13089e-01,    2.00053e+00,    4.11414e-03,    4.25226e+02,    2.19980e-01,    1.40269e+02,    3.77002e-02,    2.49958e+01,    3.80725e-03,    2.82938e+01,    1.60324e-02,    8.65728e+00,    2.76828e-03,    8.82485e+00,    2.59000e-03,              3,              0,       1 meters
  05/31/2018 11:26:26.123,    1.96289e+00,    1.41809e-02,    1.96289e+00,    1.41809e-02,   -1.00000e-02,    1.09731e-18,    3.40041e+04,    7.02183e+01,    4.10992e+02,    2.09068e-01,    2.03199e+00,    1.47965e-02,    4.25460e+02,    2.16796e-01,    1.40272e+02,    3.76467e-02,    2.50085e+01,    3.85846e-03,    2.83404e+01,    1.50327e-02,    8.65787e+00,    2.70357e-03,    8.82531e+00,    2.05548e-03,              3,              0,       1 meters
  05/31/2018 11:26:36.079,    1.99296e+00,    2.63067e-03,    1.99296e+00,    2.63067e-03,   -1.00000e-02,    1.09731e-18,    3.41514e+04,    6.64177e+01,    4.11058e+02,    2.55317e-01,    2.06343e+00,    2.79384e-03,    4.25592e+02,    2.62765e-01,    1.40279e+02,    3.89607e-02,    2.50212e+01,    3.86173e-03,    2.83892e+01,    1.67556e-02,    8.65736e+00,    2.27955e-03,    8.82501e+00,    2.90556e-03,              3,              0,       1 meters
  05/31/2018 11:26:46.031,    1.99886e+00,    2.73181e-03,    1.99886e+00,    2.73181e-03,   -1.00000e-02,    1.09731e-18,    3.43245e+04,    6.16959e+01,    4.11064e+02,    1.89373e-01,    2.06990e+00,    2.89694e-03,    4.25675e+02,    1.84786e-01,    1.40268e+02,    3.44206e-02,    2.50340e+01,    3.90842e-03,    2.84398e+01,    1.41302e-02,    8.65586e+00,    3.36734e-03,    8.82554e+00,    2.35651e-03,              3,              0,       1 meters
  05/31/2018 11:26:55.983,    2.01112e+00,    8.08795e-03,    2.01112e+00,    8.08795e-03,   -1.00000e-02,    1.09731e-18,    3.44907e+04,    6.90953e+01,    4.11179e+02,    1.96610e-01,    2.08296e+00,    8.47484e-03,    4.25867e+02,    1.90437e-01,    1.40284e+02,    3.27078e-02,    2.50469e+01,    3.92503e-03,    2.84884e+01,    1.66461e-02,    8.65673e+00,    1.83279e-03,    8.82616e+00,    2.10779e-03,              3,              0,       1 meters
  05/31/2018 11:27:05.937,    2.04128e+00,    9.02892e-03,    2.04128e+00,    9.02892e-03,   -1.00000e-02,    1.09731e-18,    3.46575e+04,    5.97631e+01,    4.11163e+02,    1.72743e-01,    2.11456e+00,    9.42456e-03,    4.25925e+02,    1.83239e-01,    1.40268e+02,    3.70649e-02,    2.50599e+01,    3.96552e-03,    2.85416e+01,    1.33109e-02,    8.65595e+00,    1.94695e-03,    8.82636e+00,    1.80966e-03,              3,              0,       1 meters
  05/31/2018 11:27:15.892,    2.06589e+00,    6.16977e-03,    2.06589e+00,    6.16977e-03,   -1.00000e-02,    1.09731e-18,    3.47818e+04,    6.61431e+01,    4.11357e+02,    1.34615e-01,    2.14033e+00,    6.48401e-03,    4.26181e+02,    1.39879e-01,    1.40279e+02,    3.92258e-02,    2.50729e+01,    3.95643e-03,    2.85914e+01,    1.74133e-02,    8.65646e+00,    1.89159e-03,    8.82607e+00,    2.07380e-03,              3,              0,       1 meters
  05/31/2018 11:27:25.844,    2.07343e+00,    1.14131e-03,    2.07343e+00,    1.14131e-03,   -1.00000e-02,    1.09731e-18,    3.48171e+04,    4.79591e+01,    4.11375e+02,    2.01954e-01,    2.14822e+00,    1.17584e-03,    4.26215e+02,    2.12598e-01,    1.40272e+02,    3.74257e-02,    2.50862e+01,    4.14315e-03,    2.86464e+01,    1.71118e-02,    8.65653e+00,    2.22130e-03,    8.82636e+00,    1.65207e-03,              3,              0,       1 meters
  05/31/2018 11:27:35.798,    2.07572e+00,    1.64220e-03,    2.07572e+00,    1.64220e-03,   -1.00000e-02,    1.09731e-18,    3.47571e+04,    4.25179e+01,    4.11488e+02,    2.21352e-01,    2.15046e+00,    1.71148e-03,    4.26305e+02,    2.32369e-01,    1.40267e+02,    3.58202e-02,    2.50998e+01,    4.11520e-03,    2.87066e+01,    1.66500e-02,    8.65626e+00,    1.29994e-03,    8.82652e+00,    2.49391e-03,              3,              0,       1 meters
  05/31/2018 11:27:45.752,    2.08082e+00,    3.60599e-03,    2.08082e+00,    3.60599e-03,   -1.00000e-02,    1.09731e-18,    3.47262e+04,    5.02520e+01,    4.11466e+02,    2.28021e-01,    2.15568e+00,    3.70037e-03,    4.26269e+02,    2.32502e-01,    1.40280e+02,    3.93343e-02,    2.51137e+01,    4.24573e-03,    2.87629e+01,    1.76998e-02,    8.65488e+00,    1.30184e-03,    8.82801e+00,    2.72079e-03,              3,              0,       1 meters
  05/31/2018 11:27:55.705,    2.10346e+00,    1.01212e-02,    2.10346e+00,    1.01212e-02,   -1.00000e-02,    1.09731e-18,    3.46903e+04,    4.12710e+01,    4.11803e+02,    2.64240e-01,    2.17905e+00,    1.04257e-02,    4.26601e+02,    2.70335e-01,    1.40263e+02,    3.38657e-02,    2.51278e+01,    4.17665e-03,    2.88207e+01,    1.64387e-02,    8.65563e+00,    1.96191e-03,    8.82629e+00,    2.82257e-03,              3,              0,       1 meters
  05/31/2018 11:28:05.659,    2.13849e+00,    1.38576e-02,    2.13849e+00,    1.38576e-02,   -1.00000e-02,    1.09731e-18,    3.46134e+04,    3.76800e+01,    4.11718e+02,    1.64633e-01,    2.21516e+00,    1.43088e-02,    4.26480e+02,    1.69999e-01,    1.40280e+02,    3.46039e-02,    2.51419e+01,    4.27554e-03,    2.88696e+01,    1.46697e-02,    8.65636e+00,    1.41501e-03,    8.82728e+00,    2.23573e-03,              3,              0,       1 meters
  05/31/2018 11:28:15.612,    2.17590e+00,    7.56128e-03,    2.17590e+00,    7.56128e-03,   -1.00000e-02,    1.09731e-18,    3.45074e+04,    4.14884e+01,    4.12009e+02,    1.82095e-01,    2.25367e+00,    7.77820e-03,    4.26734e+02,    1.93546e-01,    1.40274e+02,    3.49454e-02,    2.51563e+01,    4.39445e-03,    2.89210e+01,    1.50743e-02,    8.65613e+00,    1.67210e-03,    8.82702e+00,    2.40007e-03,              3,              0,       1 meters
  05/31/2018 11:28:25.565,    2.21990e+00,    1.58251e-02,    2.21990e+00,    1.58251e-02,   -1.00000e-02,    1.09731e-18,    3.44816e+04,    6.11110e+01,    4.12045e+02,    2.18964e-01,    2.29918e+00,    1.62979e-02,    4.26760e+02,    2.30157e-01,    1.40265e+02,    3.68096e-02,    2.51709e+01,    4.43674e-03,    2.89707e+01,    1.40742e-02,    8.65654e+00,    2.31206e-03,    8.82839e+00,    2.54164e-03,              3,              0,       1 meters
  05/31/2018 11:28:35.519,    2.25611e+00,    4.83243e-03,    2.25611e+00,    4.83243e-03,   -1.00000e-02,    1.09731e-18,    3.44014e+04,    6.90021e+01,    4.12237e+02,    2.45885e-01,    2.33649e+00,    4.91385e-03,    4.26924e+02,    2.58520e-01,    1.40280e+02,    3.85138e-02,    2.51855e+01,    4.49082e-03,    2.90222e+01,    1.47005e-02,    8.65613e+00,    2.27340e-03,    8.82789e+00,    1.90171e-03,              3,              0,       1 meters
  05/31/2018 11:28:45.478,    2.26377e+00,    4.47177e-03,    2.26377e+00,    4.47177e-03,   -1.00000e-02,    1.09731e-18,    3.43084e+04,    7.23040e+01,    4.12201e+02,    2.39804e-01,    2.34420e+00,    4.47692e-03,    4.26845e+02,    2.38435e-01,    1.40267e+02,    3.65947e-02,    2.52004e+01,    4.58931e-03,    2.90735e+01,    1.41687e-02,    8.65712e+00,    1.46310e-03,    8.82781e+00,    2.32788e-03,              3,              0,       1 meters
  05/31/2018 11:28:55.433,    2.29069e+00,    1.03111e-02,    2.29069e+00,    1.03111e-02,   -1.00000e-02,    1.09731e-18,    3.41525e+04,    5.44643e+01,    4.12254e+02,    1.82735e-01,    2.37169e+00,    1.05947e-02,    4.26832e+02,    1.84742e-01,    1.40275e+02,    3.60629e-02,    2.52155e+01,    4.57468e-03,    2.91222e+01,    1.62430e-02,    8.65810e+00,    2.44608e-03,    8.82652e+00,    2.79304e-03,              3,              0,       1 meters
  05/31/2018 11:29:05.386,    2.31093e+00,    2.52143e-03,    2.31093e+00,    2.52143e-03,   -1.00000e-02,    1.09731e-18,    3.39732e+04,    9.84766e+01,    4.12529e+02,    1.64133e-01,    2.39220e+00,    2.51391e-03,    4.27037e+02,    1.69086e-01,    1.40276e+02,    3.52123e-02,    2.52307e+01,    4.64083e-03,    2.91683e+01,    1.41104e-02,    8.65829e+00,    2.66869e-03,    8.82671e+00,    2.16725e-03,              3,              0,       1 meters
  05/31/2018 11:29:15.340,    2.32020e+00,    6.36383e-03,    2.32020e+00,    6.36383e-03,   -1.00000e-02,    1.09731e-18,    3.36967e+04,    5.97724e+01,    4.12551e+02,    9.07483e-02,    2.40111e+00,    6.47834e-03,    4.26938e+02,    9.55816e-02,    1.40258e+02,    3.39365e-02,    2.52460e+01,    4.66558e-03,    2.92162e+01,    1.72356e-02,    8.65788e+00,    1.47443e-03,    8.82702e+00,    2.99753e-03,              3,              0,       1 meters
  05/31/2018 11:29:25.294,    2.35680e+00,    1.14065e-02,    2.35680e+00,    1.14065e-02,   -1.00000e-02,    1.09731e-18,    3.34907e+04,    8.68438e+01,    4.12591e+02,    1.57094e-01,    2.43847e+00,    1.16302e-02,    4.26888e+02,    1.75616e-01,    1.40269e+02,    3.71363e-02,    2.52615e+01,    4.76523e-03,    2.92684e+01,    1.50979e-02,    8.65953e+00,    2.20968e-03,    8.82812e+00,    2.55635e-03,              3,              0,       1 meters
  05/31/2018 11:29:35.247,    2.36126e+00,    4.09996e-03,    2.36126e+00,    4.09996e-03,   -1.00000e-02,    1.09731e-18,    3.34319e+04,    4.56757e+01,    4.12557e+02,    3.16517e-01,    2.44294e+00,    4.19569e-03,    4.26827e+02,    3.19019e-01,    1.40276e+02,    3.75705e-02,    2.52773e+01,    4.84771e-03,    2.93220e+01,    1.78829e-02,    8.65986e+00,    2.62897e-03,    8.82827e+00,    2.65146e-03,              3,              0,       1 meters
  05/31/2018 11:29:45.207,    2.35547e+00,    4.03522e-03,    2.35547e+00,    4.03522e-03,   -1.00000e-02,    1.09731e-18,    3.35200e+04,    4.49985e+01,    4.12528e+02,    2.88502e-01,    2.43716e+00,    4.23364e-03,    4.26836e+02,    2.99394e-01,    1.40263e+02,    3.54185e-02,    2.52933e+01,    4.87220e-03,    2.93740e+01,    1.67094e-02,    8.65862e+00,    2.02354e-03,    8.82704e+00,    2.56463e-03,              3,              0,       1 meters
  05/31/2018 11:29:55.159,    2.38784e+00,    1.35138e-02,    2.38784e+00,    1.35138e-02,   -1.00000e-02,    1.09731e-18,    3.37384e+04,    8.60628e+01,    4.12606e+02,    1.41021e-01,    2.47122e+00,    1.41640e-02,    4.27013e+02,    1.39428e-01,    1.40268e+02,    3.68675e-02,    2.53095e+01,    4.90704e-03,    2.94270e+01,    1.68974e-02,    8.65738e+00,    1.14130e-03,    8.82873e+00,    2.18208e-03,              3,              0,       1 meters
  05/31/2018 11:30:05.120,    2.42775e+00,    1.18999e-02,    2.42775e+00,    1.18999e-02,   -1.00000e-02,    1.09731e-18,    3.39994e+04,    7.81160e+01,    4.12330e+02,    1.81874e-01,    2.51320e+00,    1.24716e-02,    4.26842e+02,    1.80532e-01,    1.40281e+02,    3.09635e-02,    2.53259e+01,    5.04439e-03,    2.94768e+01,    1.45467e-02,    8.65845e+00,    2.01888e-03,    8.83009e+00,    2.21945e-03,              3,              0,       1 meters
  05/31/2018 11:30:15.074,    2.46816e+00,    1.20144e-02,    2.46816e+00,    1.20144e-02,   -1.00000e-02,    1.09731e-18,    3.43226e+04,    1.15892e+02,    4.12554e+02,    1.94570e-01,    2.55589e+00,    1.27291e-02,    4.27218e+02,    2.10790e-01,    1.40259e+02,    3.58528e-02,    2.53426e+01,    5.14935e-03,    2.95296e+01,    1.71350e-02,    8.65798e+00,    2.26897e-03,    8.82961e+00,    3.08814e-03,              3,              0,       1 meters
  05/31/2018 11:30:25.027,    2.49223e+00,    5.42508e-03,    2.49223e+00,    5.42508e-03,   -1.00000e-02,    1.09731e-18,    3.47283e+04,    1.28099e+02,    4.12404e+02,    3.04738e-01,    2.58189e+00,    5.94320e-03,    4.27242e+02,    2.98444e-01,    1.40270e+02,    3.67651e-02,    2.53597e+01,    5.22826e-03,    2.95794e+01,    1.27383e-02,    8.65688e+00,    2.12571e-03,    8.83114e+00,    3.04730e-03,              3,              0,       1 meters
  05/31/2018 11:30:34.981,    2.47479e+00,    5.26370e-02,    2.47479e+00,    5.26370e-02,   -1.00000e-02,    1.09731e-18,    3.50949e+04,    1.10543e+02,    4.12018e+02,    5.27626e-01,    2.56480e+00,    5.43382e-02,    4.27003e+02,    5.15519e-01,    1.40275e+02,    3.61369e-02,    2.53770e+01,    5.30346e-03,    2.96289e+01,    1.56027e-02,    8.65862e+00,    1.63515e-03,    8.83168e+00,    2.43040e-03,              3,              0,       1 meters
  05/31/2018 11:30:44.933,    2.08640e+00,    1.15628e-01,    2.08640e+00,    1.15628e-01,   -1.00000e-02,    1.09731e-18,    3.54288e+04,    9.81111e+01,    4.08119e+02,    1.20558e+00,    2.16303e+00,    1.19673e-01,    4.23110e+02,    1.20985e+00,    1.40259e+02,    3.13348e-02,    2.53947e+01,    5.29806e-03,    2.96830e+01,    1.73238e-02,    8.65806e+00,    1.99823e-03,    8.83258e+00,    2.30487e-03,              3,              0,       1 meters
  05/31/2018 11:30:54.886,    1.87774e+00,    2.83753e-02,    1.87774e+00,    2.83753e-02,   -1.00000e-02,    1.09731e-18,    3.57095e+04,    7.56370e+01,    4.05917e+02,    4.60704e-01,    1.94728e+00,    2.92999e-02,    4.20949e+02,    4.57647e-01,    1.40267e+02,    3.85497e-02,    2.54124e+01,    5.43305e-03,    2.97357e+01,    1.46873e-02,    8.65730e+00,    1.60968e-03,    8.83200e+00,    1.51044e-03,              3,              0,       1 meters
  05/31/2018 11:31:04.841,    1.82448e+00,    7.16243e-03,    1.82448e+00,    7.16243e-03,   -1.00000e-02,    1.09731e-18,    3.58957e+04,    4.14889e+01,    4.05560e+02,    1.44948e-01,    1.89241e+00,    7.39040e-03,    4.20659e+02,    1.41710e-01,    1.40273e+02,    3.78271e-02,    2.54304e+01,    5.43703e-03,    2.97881e+01,    1.53469e-02,    8.65809e+00,    2.53864e-03,    8.83092e+00,    1.67145e-03,              3,              0,       1 meters
  05/31/2018 11:31:14.794,    1.81172e+00,    2.09114e-03,    1.81172e+00,    2.09114e-03,   -1.00000e-02,    1.09731e-18,    3.59151e+04,    5.31585e+01,    4.05710e+02,    3.89859e-01,    1.87921e+00,    2.19873e-03,    4.20824e+02,    3.90034e-01,    1.40258e+02,    3.39947e-02,    2.54487e+01,    5.57078e-03,    2.98361e+01,    1.41248e-02,    8.65753e+00,    1.91005e-03,    8.83214e+00,    3.54123e-03,              3,              0,       1 meters
  05/31/2018 11:31:24.748,    1.80791e+00,    1.06735e-03,    1.80791e+00,    1.06735e-03,   -1.00000e-02,    1.09731e-18,    3.58638e+04,    5.00339e+01,    4.06246e+02,    2.47702e-01,    1.87516e+00,    1.14958e-03,    4.21357e+02,    2.41732e-01,    1.40273e+02,    3.76071e-02,    2.54673e+01,    5.67422e-03,    2.98874e+01,    1.50531e-02,    8.65658e+00,    2.66646e-03,    8.83094e+00,    2.49388e-03,              3,              0,       1 meters
  05/31/2018 11:31:34.702,    1.80735e+00,    1.08345e-03,    1.80735e+00,    1.08345e-03,   -1.00000e-02,    1.09731e-18,    3.57287e+04,    4.74341e+01,    4.06974e+02,    3.50555e-01,    1.87432e+00,    1.11569e-03,    4.22053e+02,    3.56861e-01,    1.40271e+02,    3.37434e-02,    2.54862e+01,    5.76883e-03,    2.99344e+01,    1.31274e-02,    8.65730e+00,    1.68455e-03,    8.83008e+00,    2.39048e-03,              3,              0,       1 meters
  05/31/2018 11:31:44.655,    1.80837e+00,    1.13253e-03,    1.80837e+00,    1.13253e-03,   -1.00000e-02,    1.09731e-18,    3.55817e+04,    1.08738e+02,    4.08642e+02,    6.20938e-01,    1.87509e+00,    1.13509e-03,    4.23719e+02,    6.41097e-01,    1.40258e+02,    3.61970e-02,    2.55055e+01,    5.75930e-03,    2.99771e+01,    1.11517e-02,    8.65641e+00,    2.58574e-03,    8.82925e+00,    1.93769e-03,              3,              0,       1 meters
  05/31/2018 11:31:54.609,    1.81468e+00,    4.07417e-03,    1.81468e+00,    4.07417e-03,   -1.00000e-02,    1.09731e-18,    3.52935e+04,    9.83592e+01,    4.07847e+02,    3.18678e-01,    1.88107e+00,    4.06508e-03,    4.22768e+02,    3.65067e-01,    1.40268e+02,    3.86301e-02,    2.55245e+01,    5.77970e-03,    3.00147e+01,    1.12880e-02,    8.65731e+00,    2.02467e-03,    8.83038e+00,    3.33038e-03,              3,              0,       1 meters
  05/31/2018 11:32:04.561,    1.82677e+00,    3.68131e-03,    1.82677e+00,    3.68131e-03,   -1.00000e-02,    1.09731e-18,    3.50092e+04,    6.13864e+01,    4.07279e+02,    2.89634e-01,    1.89304e+00,    3.70111e-03,    4.22055e+02,    3.01398e-01,    1.40271e+02,    3.79676e-02,    2.55438e+01,    5.80542e-03,    3.00517e+01,    1.07306e-02,    8.65726e+00,    2.31848e-03,    8.82910e+00,    2.52005e-03,              3,              0,       1 meters
  05/31/2018 11:32:14.515,    1.85277e+00,    9.75981e-03,    1.85277e+00,    9.75981e-03,   -1.00000e-02,    1.09731e-18,    3.48472e+04,    5.58016e+01,    4.07232e+02,    1.84306e-01,    1.91966e+00,    1.00910e-02,    4.21935e+02,    1.94017e-01,    1.40256e+02,    3.33905e-02,    2.55633e+01,    5.97054e-03,    3.00958e+01,    1.42344e-02,    8.65711e+00,    2.92274e-03,    8.82985e+00,    2.33254e-03,              3,              0,       1 meters
  05/31/2018 11:32:24.470,    1.88675e+00,    1.40339e-02,    1.88675e+00,    1.40339e-02,   -1.00000e-02,    1.09731e-18,    3.48521e+04,    4.66171e+01,    4.07320e+02,    3.16839e-01,    1.95489e+00,    1.45921e-02,    4.22029e+02,    3.33395e-01,    1.40269e+02,    3.79364e-02,    2.55826e+01,    5.89004e-03,    3.01478e+01,    1.46172e-02,    8.65720e+00,    3.03505e-03,    8.83123e+00,    2.79717e-03,              3,              0,       1 meters
  05/31/2018 11:32:34.422,    1.94084e+00,    1.54293e-02,    1.94084e+00,    1.54293e-02,   -1.00000e-02,    1.09731e-18,    3.48423e+04,    4.59602e+01,    4.07616e+02,    2.04051e-01,    2.01090e+00,    1.59744e-02,    4.22331e+02,    2.17483e-01,    1.40271e+02,    3.54505e-02,    2.56021e+01,    5.90172e-03,    3.01936e+01,    1.35785e-02,    8.65789e+00,    2.03152e-03,    8.83028e+00,    2.26575e-03,              3,              0,       1 meters
  05/31/2018 11:32:44.376,    1.98261e+00,    1.07799e-02,    1.98261e+00,    1.07799e-02,   -1.00000e-02,    1.09731e-18,    3.48336e+04,    4.81494e+01,    4.07693e+02,    2.71752e-01,    2.05416e+00,    1.11294e-02,    4.22407e+02,    2.76860e-01,    1.40256e+02,    3.55798e-02,    2.56218e+01,    5.98058e-03,    3.02390e+01,    1.52251e-02,    8.65548e+00,    2.62588e-03,    8.83266e+00,    2.44335e-03,              3,              0,       1 meters
  05/31/2018 11:32:54.330,    2.00761e+00,    5.93134e-03,    2.00761e+00,    5.93134e-03,   -1.00000e-02,    1.09731e-18,    3.48169e+04,    6.23156e+01,    4.07888e+02,    2.01528e-01,    2.08003e+00,    6.14978e-03,    4.22602e+02,    2.16071e-01,    1.40261e+02,    3.62102e-02,    2.56414e+01,    6.03581e-03,    3.02846e+01,    1.48258e-02,    8.65619e+00,    1.75174e-03,    8.83220e+00,    2.15969e-03,              3,              0,       1 meters
  05/31/2018 11:33:04.283,    2.01950e+00,    3.30040e-03,    2.01950e+00,    3.30040e-03,   -1.00000e-02,    1.09731e-18,    3.47679e+04,    8.21545e+01,    4.07983e+02,    2.22602e-01,    2.09225e+00,    3.34245e-03,    4.22679e+02,    2.45303e-01,    1.40275e+02,    3.53161e-02,    2.56613e+01,    6.07093e-03,    3.03285e+01,    1.38798e-02,    8.65673e+00,    2.38615e-03,    8.83169e+00,    2.34520e-03,              3,              0,       1 meters
  05/31/2018 11:33:14.237,    2.03222e+00,    4.50819e-03,    2.03222e+00,    4.50819e-03,   -1.00000e-02,    1.09731e-18,    3.45722e+04,    9.57409e+01,    4.07972e+02,    1.60409e-01,    2.10499e+00,    4.51896e-03,    4.22581e+02,    1.82538e-01,    1.40268e+02,    3.39670e-02,    2.56814e+01,    6.14092e-03,    3.03663e+01,    1.22193e-02,    8.65695e+00,    3.10953e-03,    8.83290e+00,    2.67350e-03,              3,              0,       1 meters
  05/31/2018 11:33:24.194,    2.06103e+00,    1.25776e-02,    2.06103e+00,    1.25776e-02,   -1.00000e-02,    1.09731e-18,    3.43202e+04,    8.51112e+01,    4.08247e+02,    2.17038e-01,    2.13428e+00,    1.28901e-02,    4.22756e+02,    2.06531e-01,    1.40254e+02,    3.48664e-02,    2.57016e+01,    6.13276e-03,    3.04077e+01,    1.12906e-02,    8.65717e+00,    1.72373e-03,    8.83185e+00,    2.01662e-03,              3,              0,       1 meters
  05/31/2018 11:33:34.156,    2.08380e+00,    1.54674e-03,    2.08380e+00,    1.54674e-03,   -1.00000e-02,    1.09731e-18,    3.41101e+04,    6.55580e+01,    4.08307e+02,    2.61260e-01,    2.15739e+00,    1.50172e-03,    4.22726e+02,    2.68952e-01,    1.40273e+02,    3.67152e-02,    2.57220e+01,    6.22025e-03,    3.04476e+01,    1.28071e-02,    8.65600e+00,    2.21432e-03,    8.83267e+00,    3.09340e-03,              3,              0,       1 meters
  05/31/2018 11:33:44.110,    2.09786e+00,    5.48107e-03,    2.09786e+00,    5.48107e-03,   -1.00000e-02,    1.09731e-18,    3.39303e+04,    4.18196e+01,    4.08355e+02,    1.27920e-01,    2.17154e+00,    5.62784e-03,    4.22697e+02,    1.34142e-01,    1.40269e+02,    3.63219e-02,    2.57424e+01,    6.08901e-03,    3.04833e+01,    1.06880e-02,    8.65670e+00,    2.41335e-03,    8.83241e+00,    1.75809e-03,              3,              0,       1 meters
  05/31/2018 11:33:54.063,    2.10937e+00,    2.63516e-03,    2.10937e+00,    2.63516e-03,   -1.00000e-02,    1.09731e-18,    3.38567e+04,    6.04681e+01,    4.08624e+02,    2.24598e-01,    2.18328e+00,    2.74520e-03,    4.22944e+02,    2.32226e-01,    1.40253e+02,    3.39990e-02,    2.57628e+01,    6.18708e-03,    3.05204e+01,    1.17482e-02,    8.65624e+00,    1.64609e-03,    8.83232e+00,    2.03765e-03,              3,              0,       1 meters
  05/31/2018 11:34:04.017,    2.11427e+00,    4.89448e-03,    2.11427e+00,    4.89448e-03,   -1.00000e-02,    1.09731e-18,    3.37265e+04,    5.30705e+01,    4.08603e+02,    2.80024e-01,    2.18807e+00,    5.04612e-03,    4.22865e+02,    2.82869e-01,    1.40257e+02,    3.54677e-02,    2.57833e+01,    6.21264e-03,    3.05633e+01,    1.35840e-02,    8.65712e+00,    1.57694e-03,    8.83250e+00,    2.68575e-03,              3,              0,       1 meters
  05/31/2018 11:34:13.970,    2.14663e+00,    1.54354e-02,    2.14663e+00,    1.54354e-02,   -1.00000e-02,    1.09731e-18,    3.35932e+04,    4.60028e+01,    4.08790e+02,    2.39258e-01,    2.22124e+00,    1.59196e-02,    4.23000e+02,    2.49118e-01,    1.40272e+02,    3.53308e-02,    2.58038e+01,    6.22324e-03,    3.06082e+01,    1.30566e-02,    8.65780e+00,    1.86502e-03,    8.83285e+00,    2.25960e-03,              3,              0,       1 meters
  05/31/2018 11:34:23.924,    2.21792e+00,    2.66257e-02,    2.21792e+00,    2.66257e-02,   -1.00000e-02,    1.09731e-18,    3.35285e+04,    4.52322e+01,    4.09220e+02,    2.81767e-01,    2.29486e+00,    2.74848e-02,    4.23417e+02,    2.90791e-01,    1.40270e+02,    3.61265e-02,    2.58244e+01,    6.21063e-03,    3.06479e+01,    1.09125e-02,    8.65618e+00,    2.76209e-03,    8.83168e+00,    2.35019e-03,              3,              0,       1 meters
  05/31/2018 11:34:33.877,    2.28860e+00,    1.36108e-02,    2.28860e+00,    1.36108e-02,   -1.00000e-02,    1.09731e-18,    3.35086e+04,    5.14434e+01,    4.09657e+02,    1.68046e-01,    2.36795e+00,    1.40011e-02,    4.23860e+02,    1.61996e-01,    1.40255e+02,    3.12846e-02,    2.58449e+01,    6.22759e-03,    3.06824e+01,    1.13597e-02,    8.65509e+00,    1.75007e-03,    8.83206e+00,    1.92552e-03,              3,              0,       1 meters
  05/31/2018 11:34:43.830,    2.29787e+00,    5.00770e-03,    2.29787e+00,    5.00770e-03,   -1.00000e-02,    1.09731e-18,    3.34123e+04,    4.00401e+01,    4.09792e+02,    2.07895e-01,    2.37730e+00,    5.19056e-03,    4.23958e+02,    2.14615e-01,    1.40258e+02,    3.44770e-02,    2.58654e+01,    6.15053e-03,    3.07170e+01,    9.86173e-03,    8.65630e+00,    2.33072e-03,    8.83090e+00,    2.68050e-03,              3,              0,       1 meters
  05/31/2018 11:34:53.783,    2.28257e+00,    2.85400e-03,    2.28257e+00,    2.85400e-03,   -1.00000e-02,    1.09731e-18,    3.33123e+04,    4.60460e+01,    4.09658e+02,    2.76207e-01,    2.36122e+00,    3.01444e-03,    4.23775e+02,    2.79992e-01,    1.40270e+02,    3.72931e-02,    2.58858e+01,    6.09487e-03,    3.07539e+01,    1.46197e-02,    8.65573e+00,    2.21874e-03,    8.83308e+00,    3.08616e-03,              3,              0,       1 meters
  05/31/2018 11:35:03.737,    2.28020e+00,    1.99502e-03,    2.28020e+00,    1.99502e-03,   -1.00000e-02,    1.09731e-18,    3.33363e+04,    2.96488e+01,    4.09710e+02,    1.07292e-01,    2.35883e+00,    2.09510e-03,    4.23839e+02,    1.03705e-01,    1.40272e+02,    3.36287e-02,    2.59062e+01,    6.15638e-03,    3.07943e+01,    9.47330e-03,    8.65604e+00,    2.68847e-03,    8.83126e+00,    2.64060e-03,              3,              0,       1 meters
  05/31/2018 11:35:13.691,    2.28720e+00,    1.86987e-03,    2.28720e+00,    1.86987e-03,   -1.00000e-02,    1.09731e-18,    3.33434e+04,    4.55205e+01,    4.09785e+02,    1.91073e-01,    2.36610e+00,    1.98344e-03,    4.23920e+02,    1.97802e-01,    1.40256e+02,    3.39300e-02,    2.59269e+01,    6.24070e-03,    3.08301e+01,    1.18622e-02,    8.65636e+00,    1.45116e-03,    8.83142e+00,    1.69288e-03,              3,              0,       1 meters
  05/31/2018 11:35:23.645,    2.28675e+00,    2.10104e-03,    2.28675e+00,    2.10104e-03,   -1.00000e-02,    1.09731e-18,    3.33754e+04,    5.00105e+01,    4.09663e+02,    1.31812e-01,    2.36571e+00,    2.19305e-03,    4.23807e+02,    1.41903e-01,    1.40252e+02,    3.47510e-02,    2.59473e+01,    6.23143e-03,    3.08663e+01,    1.00002e-02,    8.65723e+00,    1.54210e-03,    8.83218e+00,    2.26257e-03,              3,              0,       1 meters
  05/31/2018 11:35:33.598,    2.29012e+00,    6.94073e-03,    2.29012e+00,    6.94073e-03,   -1.00000e-02,    1.09731e-18,    3.34073e+04,    4.89500e+01,    4.09610e+02,    2.86939e-01,    2.36927e+00,    7.24344e-03,    4.23767e+02,    3.01704e-01,    1.40263e+02,    3.94790e-02,    2.59677e+01,    6.26566e-03,    3.09044e+01,    1.33053e-02,    8.65556e+00,    2.17627e-03,    8.83201e+00,    2.20312e-03,              3,              0,       1 meters
  05/31/2018 11:35:43.552,    2.33220e+00,    1.80454e-02,    2.33220e+00,    1.80454e-02,   -1.00000e-02,    1.09731e-18,    3.34364e+04,    4.40680e+01,    4.10035e+02,    1.93668e-01,    2.41288e+00,    1.86921e-02,    4.24220e+02,    2.07299e-01,    1.40272e+02,    3.43304e-02,    2.59882e+01,    6.21229e-03,    3.09453e+01,    1.22470e-02,    8.65635e+00,    2.29624e-03,    8.83198e+00,    3.17705e-03,              3,              0,       1 meters
  05/31/2018 11:35:53.505,    2.37431e+00,    5.43015e-03,    2.37431e+00,    5.43015e-03,   -1.00000e-02,    1.09731e-18,    3.35293e+04,    7.51334e+01,    4.10194e+02,    1.65295e-01,    2.45668e+00,    5.70787e-03,    4.24424e+02,    1.69319e-01,    1.40271e+02,    3.62866e-02,    2.60085e+01,    6.26514e-03,    3.09813e+01,    1.02661e-02,    8.65622e+00,    1.64139e-03,    8.83132e+00,    1.97667e-03,              3,              0,       1 meters
  05/31/2018 11:36:03.458,    2.39230e+00,    6.46359e-03,    2.39230e+00,    6.46359e-03,   -1.00000e-02,    1.09731e-18,    3.36243e+04,    6.09915e+01,    4.10374e+02,    1.68876e-01,    2.47554e+00,    6.80091e-03,    4.24653e+02,    1.87134e-01,    1.40257e+02,    3.49124e-02,    2.60291e+01,    6.16920e-03,    3.10189e+01,    1.03608e-02,    8.65601e+00,    1.62959e-03,    8.83061e+00,    2.43765e-03,              3,              0,       1 meters
  05/31/2018 11:36:13.412,    2.39180e+00,    7.09196e-03,    2.39180e+00,    7.09196e-03,   -1.00000e-02,    1.09731e-18,    3.38256e+04,    6.61391e+01,    4.10130e+02,    2.04827e-01,    2.47553e+00,    7.25587e-03,    4.24488e+02,    2.03668e-01,    1.40248e+02,    3.08544e-02,    2.60495e+01,    6.21555e-03,    3.10524e+01,    1.06842e-02,    8.65723e+00,    2.73207e-03,    8.83146e+00,    2.40863e-03,              3,              0,       1 meters
  05/31/2018 11:36:23.364,    2.38630e+00,    3.57904e-03,    2.38630e+00,    3.57904e-03,   -1.00000e-02,    1.09731e-18,    3.39056e+04,    4.30169e+01,    4.10079e+02,    1.75656e-01,    2.47005e+00,    3.78394e-03,    4.24471e+02,    1.76691e-01,    1.40260e+02,    3.76830e-02,    2.60701e+01,    6.17454e-03,    3.10900e+01,    1.33000e-02,    8.65753e+00,    1.58854e-03,    8.83053e+00,    1.99660e-03,              3,              0,       1 meters
  05/31/2018 11:36:33.326,    2.39955e+00,    7.19435e-03,    2.39955e+00,    7.19435e-03,   -1.00000e-02,    1.09731e-18,    3.39835e+04,    4.91556e+01,    4.10122e+02,    1.79462e-01,    2.48396e+00,    7.39909e-03,    4.24550e+02,    1.75144e-01,    1.40270e+02,    3.69068e-02,    2.60906e+01,    6.22437e-03,    3.11261e+01,    9.31005e-03,    8.65605e+00,    2.28514e-03,    8.83025e+00,    1.67395e-03,              3,              0,       1 meters
  05/31/2018 11:36:43.279,    2.43108e+00,    5.55249e-03,    2.43108e+00,    5.55249e-03,   -1.00000e-02,    1.09731e-18,    3.39754e+04,    4.79600e+01,    4.10254e+02,    1.83873e-01,    2.51658e+00,    5.74291e-03,    4.24683e+02,    1.99708e-01,    1.40266e+02,    3.46115e-02,    2.61111e+01,    6.18170e-03,    3.11600e+01,    1.09279e-02,    8.65569e+00,    1.63946e-03,    8.83187e+00,    2.62426e-03,              3,              0,       1 meters
  05/31/2018 11:36:53.231,    2.44978e+00,    1.19554e-02,    2.44978e+00,    1.19554e-02,   -1.00000e-02,    1.09731e-18,    3.38889e+04,    3.98528e+01,    4.10556e+02,    2.05234e-01,    2.53571e+00,    1.23702e-02,    4.24958e+02,    2.20039e-01,    1.40251e+02,    3.26256e-02,    2.61314e+01,    6.13666e-03,    3.11874e+01,    8.78016e-03,    8.65751e+00,    1.60192e-03,    8.82879e+00,    1.70220e-03,              3,              0,       1 meters
  05/31/2018 11:37:03.184,    2.49328e+00,    1.00800e-02,    2.49328e+00,    1.00800e-02,   -1.00000e-02,    1.09731e-18,    3.38407e+04,    3.46904e+01,    4.10807e+02,    2.64989e-01,    2.58061e+00,    1.03949e-02,    4.25196e+02,    2.69813e-01,    1.40249e+02,    3.27629e-02,    2.61517e+01,    6.03926e-03,    3.12202e+01,    8.97096e-03,    8.65784e+00,    1.95871e-03,    8.82863e+00,    2.84259e-03,              3,              0,       1 meters
  05/31/2018 11:37:13.137,    2.49945e+00,    5.70259e-03,    2.49945e+00,    5.70259e-03,   -1.00000e-02,    1.09731e-18,    3.38596e+04,    3.81266e+01,    4.10727e+02,    1.13681e-01,    2.58704e+00,    5.96583e-03,    4.25121e+02,    1.22434e-01,    1.40260e+02,    3.73536e-02,    2.61719e+01,    6.02145e-03,    3.12537e+01,    9.26924e-03,    8.65687e+00,    2.66910e-03,    8.82780e+00,    1.69330e-03,              3,              0,       1 meters
