VC:46e9e7d BD:Jun  9 2016 SN:US4300170200001328
                     Time,      [CH4]_ppm,   [CH4]_ppm_sd,     [CH4L]_ppm,  [CH4L]_ppm_sd,     [CH4H]_ppm,  [CH4H]_ppm_sd,      [H2O]_ppm,   [H2O]_ppm_sd,      [CO2]_ppm,   [CO2]_ppm_sd,     [CH4]d_ppm,  [CH4]d_ppm_sd,     [CO2]d_ppm,  [CO2]d_ppm_sd,      GasP_torr,   GasP_torr_sd,         GasT_C,      GasT_C_sd,         AmbT_C,      AmbT_C_sd,         RD0_us,      RD0_us_sd,         RD1_us,      RD1_us_sd,       Fit_Flag,      MIU_VALVE,       MIU_DESC
  11/02/2018 12:53:16.184,    1.83963e+00,    1.38600e-03,    1.83963e+00,    1.38600e-03,   -1.00000e-02,    3.88275e-19,    1.74696e+04,    3.82034e+01,    4.12714e+02,    3.62735e-01,    1.87234e+00,    1.46982e-03,    4.20052e+02,    3.56549e-01,    1.40336e+02,    3.57500e-02,    2.26035e+01,    1.44455e-03,    2.32185e+01,    4.50492e-03,    1.08392e+01,    2.38338e-03,    1.18736e+01,    4.96563e-03,              3,              0,       1 meters
  11/02/2018 12:53:26.139,    1.83951e+00,    9.61435e-04,    1.83951e+00,    9.61435e-04,   -1.00000e-02,    1.09731e-18,    1.75109e+04,    4.30438e+01,    4.17139e+02,    2.76245e+00,    1.87230e+00,    1.02230e-03,    4.24574e+02,    2.81361e+00,    1.40329e+02,    3.83388e-02,    2.25966e+01,    2.91129e-03,    2.32387e+01,    8.62471e-03,    1.08382e+01,    2.45041e-03,    1.18746e+01,    2.97641e-03,              3,              0,       1 meters
  11/02/2018 12:53:36.092,    1.83977e+00,    9.02094e-04,    1.83977e+00,    9.02094e-04,   -1.00000e-02,    1.09731e-18,    1.75688e+04,    3.33011e+01,    4.17410e+02,    1.20365e+00,    1.87267e+00,    9.54458e-04,    4.24874e+02,    1.22243e+00,    1.40334e+02,    4.09037e-02,    2.25873e+01,    2.78361e-03,    2.32601e+01,    5.97696e-03,    1.08387e+01,    1.70428e-03,    1.18745e+01,    2.90832e-03,              3,              0,       1 meters
  11/02/2018 12:53:46.046,    1.83957e+00,    1.41098e-03,    1.83957e+00,    1.41098e-03,   -1.00000e-02,    1.09731e-18,    1.75719e+04,    5.52275e+01,    4.13753e+02,    1.04823e+00,    1.87247e+00,    1.52919e-03,    4.21154e+02,    1.06182e+00,    1.40338e+02,    4.15454e-02,    2.25779e+01,    2.89809e-03,    2.32795e+01,    7.81600e-03,    1.08383e+01,    2.43935e-03,    1.18747e+01,    3.03819e-03,              3,              0,       1 meters
  11/02/2018 12:53:56.000,    1.83963e+00,    1.23027e-03,    1.83963e+00,    1.23027e-03,   -1.00000e-02,    1.09731e-18,    1.75914e+04,    3.78695e+01,    4.11446e+02,    6.03811e-01,    1.87257e+00,    1.25815e-03,    4.18813e+02,    6.07166e-01,    1.40325e+02,    4.07593e-02,    2.25686e+01,    2.82924e-03,    2.33037e+01,    8.83255e-03,    1.08389e+01,    1.82119e-03,    1.18752e+01,    1.22973e-03,              3,              0,       1 meters
  11/02/2018 12:54:05.953,    1.83894e+00,    8.49175e-04,    1.83894e+00,    8.49175e-04,   -1.00000e-02,    1.09731e-18,    1.76296e+04,    4.69243e+01,    4.09980e+02,    2.61608e-01,    1.87194e+00,    8.83195e-04,    4.17337e+02,    2.60141e-01,    1.40332e+02,    4.29163e-02,    2.25591e+01,    2.78587e-03,    2.33276e+01,    6.51537e-03,    1.08374e+01,    1.82023e-03,    1.18749e+01,    2.36036e-03,              3,              0,       1 meters
  11/02/2018 12:54:15.907,    1.83857e+00,    6.49691e-04,    1.83857e+00,    6.49691e-04,   -1.00000e-02,    1.09731e-18,    1.76410e+04,    3.01470e+01,    4.10133e+02,    4.70230e-01,    1.87158e+00,    6.84939e-04,    4.17498e+02,    4.86397e-01,    1.40331e+02,    3.94613e-02,    2.25501e+01,    2.63451e-03,    2.33470e+01,    7.41732e-03,    1.08393e+01,    1.25925e-03,    1.18739e+01,    1.92325e-03,              3,              0,       1 meters
  11/02/2018 12:54:25.860,    1.83944e+00,    7.57883e-04,    1.83944e+00,    7.57883e-04,   -1.00000e-02,    1.09731e-18,    1.76927e+04,    4.81469e+01,    4.16402e+02,    3.61571e+00,    1.87257e+00,    7.95577e-04,    4.23902e+02,    3.67632e+00,    1.40327e+02,    3.40295e-02,    2.25410e+01,    2.78506e-03,    2.33652e+01,    6.75200e-03,    1.08381e+01,    1.79463e-03,    1.18747e+01,    2.76777e-03,              3,              0,       1 meters
  11/02/2018 12:54:35.813,    1.83966e+00,    1.31953e-03,    1.83966e+00,    1.31953e-03,   -1.00000e-02,    1.09731e-18,    1.76645e+04,    2.58542e+01,    4.18827e+02,    4.27313e-01,    1.87274e+00,    1.35410e-03,    4.26359e+02,    4.42558e-01,    1.40335e+02,    3.23069e-02,    2.25320e+01,    2.75437e-03,    2.33893e+01,    7.10094e-03,    1.08380e+01,    1.65127e-03,    1.18737e+01,    1.95038e-03,              3,              0,       1 meters
  11/02/2018 12:54:45.767,    1.84076e+00,    9.81030e-04,    1.84076e+00,    9.81030e-04,   -1.00000e-02,    1.09731e-18,    1.76565e+04,    2.67346e+01,    4.16184e+02,    1.04867e+00,    1.87384e+00,    9.95419e-04,    4.23665e+02,    1.07345e+00,    1.40329e+02,    3.63232e-02,    2.25230e+01,    2.67156e-03,    2.34086e+01,    4.50145e-03,    1.08371e+01,    1.38726e-03,    1.18759e+01,    1.46222e-03,              3,              0,       1 meters
  11/02/2018 12:54:55.721,    1.84208e+00,    1.66751e-03,    1.84208e+00,    1.66751e-03,   -1.00000e-02,    1.09731e-18,    1.75922e+04,    3.86087e+01,    4.14169e+02,    2.17098e-01,    1.87506e+00,    1.75539e-03,    4.21586e+02,    2.19462e-01,    1.40329e+02,    3.97499e-02,    2.25143e+01,    2.56805e-03,    2.34241e+01,    7.42243e-03,    1.08386e+01,    2.33624e-03,    1.18744e+01,    2.17383e-03,              3,              0,       1 meters
  11/02/2018 12:55:05.681,    1.84302e+00,    9.80342e-04,    1.84302e+00,    9.80342e-04,   -1.00000e-02,    1.09731e-18,    1.76424e+04,    3.53116e+01,    4.14590e+02,    8.39855e-01,    1.87612e+00,    9.78317e-04,    4.22036e+02,    8.66190e-01,    1.40333e+02,    3.92389e-02,    2.25056e+01,    2.62350e-03,    2.34419e+01,    6.80122e-03,    1.08372e+01,    1.77548e-03,    1.18738e+01,    2.49838e-03,              3,              0,       1 meters
  11/02/2018 12:55:15.642,    1.84119e+00,    1.23453e-03,    1.84119e+00,    1.23453e-03,   -1.00000e-02,    1.09731e-18,    1.76734e+04,    4.56149e+01,    4.18103e+02,    4.51618e-01,    1.87431e+00,    1.29561e-03,    4.25625e+02,    4.67242e-01,    1.40328e+02,    4.02248e-02,    2.24970e+01,    2.74511e-03,    2.34590e+01,    4.24439e-03,    1.08366e+01,    1.92288e-03,    1.18755e+01,    3.49608e-03,              3,              0,       1 meters
  11/02/2018 12:55:25.599,    1.84088e+00,    8.20979e-04,    1.84088e+00,    8.20979e-04,   -1.00000e-02,    1.09731e-18,    1.76479e+04,    5.25805e+01,    4.18027e+02,    3.43351e-01,    1.87395e+00,    8.16753e-04,    4.25536e+02,    3.58174e-01,    1.40336e+02,    3.76317e-02,    2.24887e+01,    2.34650e-03,    2.34740e+01,    4.93807e-03,    1.08376e+01,    1.20426e-03,    1.18729e+01,    1.48658e-03,              3,              0,       1 meters
  11/02/2018 12:55:35.552,    1.84124e+00,    6.94212e-04,    1.84124e+00,    6.94212e-04,   -1.00000e-02,    1.09731e-18,    1.76536e+04,    4.61868e+01,    4.17078e+02,    3.82796e-01,    1.87433e+00,    7.37032e-04,    4.24573e+02,    3.74540e-01,    1.40328e+02,    3.70816e-02,    2.24805e+01,    2.38604e-03,    2.34973e+01,    6.33724e-03,    1.08376e+01,    2.11198e-03,    1.18747e+01,    2.80489e-03,              3,              0,       1 meters
  11/02/2018 12:55:45.506,    1.84428e+00,    3.19104e-03,    1.84428e+00,    3.19104e-03,   -1.00000e-02,    1.09731e-18,    1.77345e+04,    2.97818e+01,    4.15649e+02,    7.78142e-01,    1.87758e+00,    3.23916e-03,    4.23153e+02,    7.90988e-01,    1.40328e+02,    4.54640e-02,    2.24725e+01,    2.43774e-03,    2.35166e+01,    6.95220e-03,    1.08369e+01,    1.28396e-03,    1.18750e+01,    2.31614e-03,              3,              0,       1 meters
  11/02/2018 12:55:55.459,    1.84833e+00,    1.38792e-03,    1.84833e+00,    1.38792e-03,   -1.00000e-02,    1.09731e-18,    1.77495e+04,    4.09681e+01,    4.15306e+02,    2.53731e-01,    1.88172e+00,    1.39648e-03,    4.22810e+02,    2.61957e-01,    1.40332e+02,    3.82214e-02,    2.24646e+01,    2.41376e-03,    2.35311e+01,    5.92055e-03,    1.08373e+01,    1.49245e-03,    1.18749e+01,    1.95938e-03,              3,              0,       1 meters
  11/02/2018 12:56:05.412,    1.84271e+00,    1.95475e-03,    1.84271e+00,    1.95475e-03,   -1.00000e-02,    1.09731e-18,    1.77718e+04,    3.29408e+01,    4.14499e+02,    2.95220e-01,    1.87605e+00,    1.94441e-03,    4.21999e+02,    2.95827e-01,    1.40323e+02,    3.58048e-02,    2.24569e+01,    2.21250e-03,    2.35499e+01,    5.87398e-03,    1.08365e+01,    2.07897e-03,    1.18746e+01,    2.03866e-03,              3,              0,       1 meters
  11/02/2018 12:56:15.374,    1.83916e+00,    9.79704e-04,    1.83916e+00,    9.79704e-04,   -1.00000e-02,    1.09731e-18,    1.77807e+04,    2.91007e+01,    4.11974e+02,    9.60878e-01,    1.87245e+00,    9.92034e-04,    4.19432e+02,    9.74456e-01,    1.40334e+02,    3.91976e-02,    2.24492e+01,    2.36905e-03,    2.35654e+01,    5.32662e-03,    1.08362e+01,    1.90225e-03,    1.18753e+01,    1.55575e-03,              3,              0,       1 meters
  11/02/2018 12:56:25.327,    1.83817e+00,    7.14360e-04,    1.83817e+00,    7.14360e-04,   -1.00000e-02,    1.09731e-18,    1.77940e+04,    3.07022e+01,    4.10169e+02,    2.71171e-01,    1.87147e+00,    7.07039e-04,    4.17599e+02,    2.74372e-01,    1.40323e+02,    3.77811e-02,    2.24417e+01,    2.35062e-03,    2.35799e+01,    5.45186e-03,    1.08358e+01,    2.08745e-03,    1.18756e+01,    1.13697e-03,              3,              0,       1 meters
  11/02/2018 12:56:35.279,    1.83784e+00,    1.00720e-03,    1.83784e+00,    1.00720e-03,   -1.00000e-02,    1.09731e-18,    1.77994e+04,    2.24388e+01,    4.09954e+02,    2.55331e-01,    1.87114e+00,    1.01484e-03,    4.17383e+02,    2.54195e-01,    1.40329e+02,    4.15223e-02,    2.24340e+01,    2.15162e-03,    2.35950e+01,    5.85678e-03,    1.08364e+01,    1.05665e-03,    1.18749e+01,    1.64049e-03,              3,              0,       1 meters
  11/02/2018 12:56:45.234,    1.83883e+00,    1.00411e-03,    1.83883e+00,    1.00411e-03,   -1.00000e-02,    1.09731e-18,    1.77747e+04,    3.54514e+01,    4.12927e+02,    2.30789e+00,    1.87210e+00,    1.01402e-03,    4.20399e+02,    2.34358e+00,    1.40326e+02,    3.53725e-02,    2.24267e+01,    2.14183e-03,    2.36121e+01,    4.29670e-03,    1.08355e+01,    1.28913e-03,    1.18739e+01,    2.52738e-03,              3,              0,       1 meters
  11/02/2018 12:56:55.188,    1.84074e+00,    1.74152e-03,    1.84074e+00,    1.74152e-03,   -1.00000e-02,    1.09731e-18,    1.77671e+04,    4.54164e+01,    4.17498e+02,    7.78685e-01,    1.87404e+00,    1.80311e-03,    4.25050e+02,    7.88035e-01,    1.40328e+02,    3.99412e-02,    2.24198e+01,    2.20242e-03,    2.36224e+01,    5.57579e-03,    1.08366e+01,    9.56411e-04,    1.18735e+01,    2.28654e-03,              3,              0,       1 meters
  11/02/2018 12:57:05.141,    1.84474e+00,    1.25506e-03,    1.84474e+00,    1.25506e-03,   -1.00000e-02,    1.09731e-18,    1.77791e+04,    5.62716e+01,    4.17128e+02,    3.39137e-01,    1.87813e+00,    1.31550e-03,    4.24679e+02,    3.52214e-01,    1.40328e+02,    3.94306e-02,    2.24127e+01,    2.07819e-03,    2.36331e+01,    2.96303e-03,    1.08353e+01,    2.65540e-03,    1.18736e+01,    1.93972e-03,              3,              0,       1 meters
  11/02/2018 12:57:15.093,    1.84488e+00,    7.71175e-04,    1.84488e+00,    7.71175e-04,   -1.00000e-02,    1.09731e-18,    1.77300e+04,    3.59633e+01,    4.15385e+02,    7.03855e-01,    1.87818e+00,    7.91637e-04,    4.22882e+02,    7.18881e-01,    1.40323e+02,    3.94120e-02,    2.24058e+01,    2.25562e-03,    2.36427e+01,    4.51949e-03,    1.08348e+01,    1.72739e-03,    1.18749e+01,    1.24970e-03,              3,              0,       1 meters
  11/02/2018 12:57:25.047,    1.84292e+00,    6.91065e-04,    1.84292e+00,    6.91065e-04,   -1.00000e-02,    1.09731e-18,    1.77589e+04,    3.27101e+01,    4.15657e+02,    2.16109e+00,    1.87624e+00,    7.06703e-04,    4.23172e+02,    2.19804e+00,    1.40330e+02,    3.34860e-02,    2.23986e+01,    2.16993e-03,    2.36555e+01,    3.33903e-03,    1.08353e+01,    7.39746e-04,    1.18752e+01,    1.84055e-03,              3,              0,       1 meters
  11/02/2018 12:57:35.001,    1.84323e+00,    5.13233e-04,    1.84323e+00,    5.13233e-04,   -1.00000e-02,    1.09731e-18,    1.76882e+04,    4.07620e+01,    4.22520e+02,    9.22838e-01,    1.87642e+00,    5.33573e-04,    4.30129e+02,    9.40279e-01,    1.40320e+02,    3.84548e-02,    2.23917e+01,    2.05491e-03,    2.36644e+01,    2.98428e-03,    1.08356e+01,    1.49965e-03,    1.18745e+01,    1.37340e-03,              3,              0,       1 meters
  11/02/2018 12:57:44.954,    1.84092e+00,    9.13573e-04,    1.84092e+00,    9.13573e-04,   -1.00000e-02,    1.09731e-18,    1.76782e+04,    5.01417e+01,    4.21165e+02,    1.01924e+00,    1.87405e+00,    8.64577e-04,    4.28744e+02,    1.02262e+00,    1.40329e+02,    3.95280e-02,    2.23851e+01,    1.98168e-03,    2.36754e+01,    3.86427e-03,    1.08358e+01,    1.31832e-03,    1.18742e+01,    1.15652e-03,              3,              0,       1 meters
  11/02/2018 12:57:54.909,    1.83869e+00,    9.73255e-04,    1.83869e+00,    9.73255e-04,   -1.00000e-02,    1.09731e-18,    1.77606e+04,    3.37657e+01,    4.14752e+02,    2.23307e+00,    1.87193e+00,    9.94518e-04,    4.22252e+02,    2.27445e+00,    1.40318e+02,    3.23044e-02,    2.23786e+01,    1.98552e-03,    2.36867e+01,    3.37875e-03,    1.08362e+01,    3.18085e-03,    1.18739e+01,    1.60780e-03,              3,              0,       1 meters
  11/02/2018 12:58:04.863,    1.83882e+00,    5.67103e-04,    1.83882e+00,    5.67103e-04,   -1.00000e-02,    1.09731e-18,    1.77008e+04,    3.42627e+01,    4.11257e+02,    1.76364e-01,    1.87196e+00,    5.67871e-04,    4.18668e+02,    1.83524e-01,    1.40332e+02,    3.92641e-02,    2.23720e+01,    1.99239e-03,    2.36948e+01,    3.55070e-03,    1.08357e+01,    2.08635e-03,    1.18743e+01,    1.27124e-03,              3,              0,       1 meters
  11/02/2018 12:58:14.815,    1.83891e+00,    6.13723e-04,    1.83891e+00,    6.13723e-04,   -1.00000e-02,    1.09731e-18,    1.75893e+04,    2.46716e+01,    4.11747e+02,    2.83284e-01,    1.87183e+00,    6.28684e-04,    4.19119e+02,    2.82452e-01,    1.40318e+02,    4.11798e-02,    2.23654e+01,    2.08735e-03,    2.37078e+01,    5.09992e-03,    1.08361e+01,    1.44675e-03,    1.18745e+01,    1.79270e-03,              3,              0,       1 meters
  11/02/2018 12:58:24.769,    1.83959e+00,    4.99657e-04,    1.83959e+00,    4.99657e-04,   -1.00000e-02,    1.09731e-18,    1.75472e+04,    3.08107e+01,    4.12646e+02,    2.37315e-01,    1.87244e+00,    5.06114e-04,    4.20016e+02,    2.33560e-01,    1.40322e+02,    3.81145e-02,    2.23589e+01,    1.89944e-03,    2.37201e+01,    5.70643e-03,    1.08364e+01,    2.06759e-03,    1.18744e+01,    1.89447e-03,              3,              0,       1 meters
  11/02/2018 12:58:34.723,    1.83982e+00,    4.23279e-04,    1.83982e+00,    4.23279e-04,   -1.00000e-02,    1.09731e-18,    1.74880e+04,    2.04237e+01,    4.13169e+02,    1.77139e-01,    1.87256e+00,    4.27398e-04,    4.20523e+02,    1.77005e-01,    1.40326e+02,    3.33692e-02,    2.23525e+01,    1.86870e-03,    2.37317e+01,    3.52693e-03,    1.08363e+01,    1.23569e-03,    1.18754e+01,    1.87399e-03,              3,              0,       1 meters
  11/02/2018 12:58:44.676,    1.83985e+00,    7.19352e-04,    1.83985e+00,    7.19352e-04,   -1.00000e-02,    1.09731e-18,    1.74798e+04,    3.08360e+01,    4.13541e+02,    1.68185e-01,    1.87258e+00,    7.39810e-04,    4.20898e+02,    1.71395e-01,    1.40325e+02,    4.15183e-02,    2.23464e+01,    1.88854e-03,    2.37434e+01,    5.46980e-03,    1.08360e+01,    1.80903e-03,    1.18749e+01,    1.92590e-03,              3,              0,       1 meters
  11/02/2018 12:58:54.631,    1.84138e+00,    6.36723e-04,    1.84138e+00,    6.36723e-04,   -1.00000e-02,    1.09731e-18,    1.74521e+04,    3.50969e+01,    4.15278e+02,    8.05674e-01,    1.87409e+00,    5.95546e-04,    4.22654e+02,    8.08602e-01,    1.40325e+02,    4.19013e-02,    2.23401e+01,    1.82847e-03,    2.37587e+01,    4.93191e-03,    1.08358e+01,    1.10155e-03,    1.18750e+01,    2.09570e-03,              3,              0,       1 meters
  11/02/2018 12:59:04.584,    1.84189e+00,    9.50912e-04,    1.84189e+00,    9.50912e-04,   -1.00000e-02,    1.09731e-18,    1.73817e+04,    2.41891e+01,    4.16773e+02,    3.98585e-01,    1.87447e+00,    9.46103e-04,    4.24146e+02,    4.02701e-01,    1.40324e+02,    3.52447e-02,    2.23340e+01,    1.74688e-03,    2.37689e+01,    2.90179e-03,    1.08372e+01,    1.26930e-03,    1.18762e+01,    1.67804e-03,              3,              0,       1 meters
  11/02/2018 12:59:14.537,    1.84279e+00,    3.13372e-04,    1.84279e+00,    3.13372e-04,   -1.00000e-02,    1.09731e-18,    1.73709e+04,    2.81723e+01,    4.18122e+02,    4.73899e-01,    1.87537e+00,    3.53263e-04,    4.25513e+02,    4.77973e-01,    1.40324e+02,    3.49869e-02,    2.23283e+01,    1.83995e-03,    2.37749e+01,    1.80426e-03,    1.08375e+01,    1.17899e-03,    1.18762e+01,    2.11982e-03,              3,              0,       1 meters
  11/02/2018 12:59:24.491,    1.84339e+00,    7.65736e-04,    1.84339e+00,    7.65736e-04,   -1.00000e-02,    1.09731e-18,    1.73443e+04,    1.90028e+01,    4.19537e+02,    8.39622e-01,    1.87593e+00,    7.70413e-04,    4.26942e+02,    8.53102e-01,    1.40317e+02,    4.09801e-02,    2.23225e+01,    1.71080e-03,    2.37811e+01,    2.98202e-03,    1.08372e+01,    1.75043e-03,    1.18752e+01,    1.80281e-03,              3,              0,       1 meters
  11/02/2018 12:59:34.445,    1.84430e+00,    7.35627e-04,    1.84430e+00,    7.35627e-04,   -1.00000e-02,    1.09731e-18,    1.73046e+04,    3.05045e+01,    4.21523e+02,    1.45147e-01,    1.87678e+00,    7.34251e-04,    4.28945e+02,    1.46375e-01,    1.40327e+02,    3.87333e-02,    2.23167e+01,    1.80271e-03,    2.37906e+01,    4.22438e-03,    1.08385e+01,    1.68437e-03,    1.18754e+01,    1.89385e-03,              3,              0,       1 meters
  11/02/2018 12:59:44.397,    1.84493e+00,    7.58325e-04,    1.84493e+00,    7.58325e-04,   -1.00000e-02,    1.09731e-18,    1.73291e+04,    3.84121e+01,    4.22390e+02,    4.30203e-01,    1.87746e+00,    8.16885e-04,    4.29838e+02,    4.33365e-01,    1.40316e+02,    3.17851e-02,    2.23111e+01,    1.79728e-03,    2.38016e+01,    2.28247e-03,    1.08379e+01,    2.16643e-03,    1.18752e+01,    2.65710e-03,              3,              0,       1 meters
  11/02/2018 12:59:54.351,    1.84591e+00,    9.08938e-04,    1.84591e+00,    9.08938e-04,   -1.00000e-02,    1.09731e-18,    1.73215e+04,    2.30737e+01,    4.23487e+02,    4.12145e-01,    1.87845e+00,    9.39201e-04,    4.30952e+02,    4.19778e-01,    1.40329e+02,    3.84878e-02,    2.23055e+01,    1.65478e-03,    2.38102e+01,    3.98854e-03,    1.08374e+01,    2.00587e-03,    1.18770e+01,    1.75403e-03,              3,              0,       1 meters
  11/02/2018 13:00:04.305,    1.84659e+00,    1.31748e-03,    1.84659e+00,    1.31748e-03,   -1.00000e-02,    1.09731e-18,    1.73277e+04,    4.12158e+01,    4.24745e+02,    4.53866e-01,    1.87915e+00,    1.37206e-03,    4.32235e+02,    4.60255e-01,    1.40314e+02,    4.07730e-02,    2.23002e+01,    1.65851e-03,    2.38177e+01,    2.93714e-03,    1.08380e+01,    2.90282e-03,    1.18766e+01,    3.64796e-03,              3,              0,       1 meters
  11/02/2018 13:00:14.258,    1.84761e+00,    1.04004e-03,    1.84761e+00,    1.04004e-03,   -1.00000e-02,    1.09731e-18,    1.72181e+04,    5.59352e+01,    4.28058e+02,    1.07446e+00,    1.87998e+00,    1.03497e-03,    4.35558e+02,    1.07286e+00,    1.40324e+02,    3.28488e-02,    2.22944e+01,    1.78462e-03,    2.38256e+01,    3.96269e-03,    1.08379e+01,    1.63076e-03,    1.18756e+01,    3.54312e-03,              3,              0,       1 meters
  11/02/2018 13:00:24.213,    1.84808e+00,    5.21122e-04,    1.84808e+00,    5.21122e-04,   -1.00000e-02,    1.09731e-18,    1.71411e+04,    2.84366e+01,    4.29410e+02,    1.79394e-01,    1.88031e+00,    5.10232e-04,    4.36899e+02,    1.80210e-01,    1.40322e+02,    3.80101e-02,    2.22891e+01,    1.52756e-03,    2.38329e+01,    4.14473e-03,    1.08389e+01,    1.02355e-03,    1.18748e+01,    1.51280e-03,              3,              0,       1 meters
  11/02/2018 13:00:34.166,    1.84919e+00,    6.54100e-04,    1.84919e+00,    6.54100e-04,   -1.00000e-02,    1.09731e-18,    1.71175e+04,    2.99764e+01,    4.31058e+02,    5.97331e-01,    1.88139e+00,    6.59056e-04,    4.38566e+02,    6.10155e-01,    1.40324e+02,    3.77297e-02,    2.22838e+01,    1.59619e-03,    2.38417e+01,    4.26859e-03,    1.08391e+01,    1.08823e-03,    1.18755e+01,    9.76259e-04,              3,              0,       1 meters
  11/02/2018 13:00:44.119,    1.84974e+00,    1.01079e-03,    1.84974e+00,    1.01079e-03,   -1.00000e-02,    1.09731e-18,    1.70842e+04,    4.80402e+01,    4.31983e+02,    5.70267e-01,    1.88189e+00,    1.08532e-03,    4.39491e+02,    5.69937e-01,    1.40320e+02,    3.46572e-02,    2.22784e+01,    1.64930e-03,    2.38531e+01,    3.33127e-03,    1.08400e+01,    3.35902e-03,    1.18742e+01,    2.84362e-03,              3,              0,       1 meters
  11/02/2018 13:00:54.074,    1.85048e+00,    7.75960e-04,    1.85048e+00,    7.75960e-04,   -1.00000e-02,    1.09731e-18,    1.70858e+04,    3.21419e+01,    4.34101e+02,    5.60872e-01,    1.88265e+00,    8.13592e-04,    4.41647e+02,    5.68492e-01,    1.40325e+02,    3.82476e-02,    2.22731e+01,    1.54339e-03,    2.38568e+01,    1.93613e-03,    1.08407e+01,    1.98345e-03,    1.18761e+01,    1.87704e-03,              3,              0,       1 meters
  11/02/2018 13:01:04.027,    1.85164e+00,    4.99363e-04,    1.85164e+00,    4.99363e-04,   -1.00000e-02,    1.09731e-18,    1.70563e+04,    3.60550e+01,    4.35562e+02,    3.67363e-01,    1.88377e+00,    4.81306e-04,    4.43120e+02,    3.70524e-01,    1.40316e+02,    4.28799e-02,    2.22681e+01,    1.52301e-03,    2.38611e+01,    2.66488e-03,    1.08393e+01,    2.47992e-03,    1.18760e+01,    1.61813e-03,              3,              0,       1 meters
  11/02/2018 13:01:13.988,    1.85184e+00,    1.13343e-03,    1.85184e+00,    1.13343e-03,   -1.00000e-02,    1.09731e-18,    1.70292e+04,    3.20164e+01,    4.37124e+02,    5.52898e-01,    1.88393e+00,    1.17015e-03,    4.44696e+02,    5.59436e-01,    1.40319e+02,    3.53720e-02,    2.22629e+01,    1.61863e-03,    2.38675e+01,    4.37176e-03,    1.08396e+01,    2.04049e-03,    1.18750e+01,    1.66727e-03,              3,              0,       1 meters
  11/02/2018 13:01:23.939,    1.85304e+00,    9.96956e-04,    1.85304e+00,    9.96956e-04,   -1.00000e-02,    1.09731e-18,    1.70075e+04,    3.53322e+01,    4.38400e+02,    7.10968e-01,    1.88510e+00,    9.96236e-04,    4.45985e+02,    7.11355e-01,    1.40315e+02,    4.01299e-02,    2.22576e+01,    1.61248e-03,    2.38753e+01,    2.69890e-03,    1.08394e+01,    1.98521e-03,    1.18767e+01,    1.68806e-03,              3,              0,       1 meters
  11/02/2018 13:01:33.901,    1.85343e+00,    8.67686e-04,    1.85343e+00,    8.67686e-04,   -1.00000e-02,    1.09731e-18,    1.69497e+04,    3.22789e+01,    4.39944e+02,    1.69148e-01,    1.88539e+00,    9.06373e-04,    4.47529e+02,    1.73965e-01,    1.40328e+02,    3.84559e-02,    2.22524e+01,    1.46640e-03,    2.38907e+01,    6.44171e-03,    1.08396e+01,    1.59828e-03,    1.18750e+01,    1.54820e-03,              3,              0,       1 meters
  11/02/2018 13:01:43.860,    1.85342e+00,    8.43824e-04,    1.85342e+00,    8.43824e-04,   -1.00000e-02,    1.09731e-18,    1.69713e+04,    2.83874e+01,    4.40155e+02,    3.54802e-01,    1.88541e+00,    8.81921e-04,    4.47754e+02,    3.61782e-01,    1.40316e+02,    3.55793e-02,    2.22475e+01,    1.56095e-03,    2.39033e+01,    1.81682e-03,    1.08405e+01,    2.27801e-03,    1.18762e+01,    2.33286e-03,              3,              0,       1 meters
  11/02/2018 13:01:53.813,    1.85399e+00,    7.78593e-04,    1.85399e+00,    7.78593e-04,   -1.00000e-02,    1.09731e-18,    1.69458e+04,    3.26639e+01,    4.40914e+02,    1.38995e-01,    1.88595e+00,    7.67149e-04,    4.48514e+02,    1.39272e-01,    1.40325e+02,    3.42635e-02,    2.22423e+01,    1.49286e-03,    2.39048e+01,    2.90243e-03,    1.08404e+01,    2.30327e-03,    1.18766e+01,    1.14051e-03,              3,              0,       1 meters
  11/02/2018 13:02:03.767,    1.85443e+00,    9.27613e-04,    1.85443e+00,    9.27613e-04,   -1.00000e-02,    1.09731e-18,    1.69476e+04,    2.38755e+01,    4.42004e+02,    7.24877e-01,    1.88640e+00,    9.55721e-04,    4.49624e+02,    7.35201e-01,    1.40316e+02,    3.79235e-02,    2.22374e+01,    1.48837e-03,    2.39098e+01,    2.29659e-03,    1.08411e+01,    1.59800e-03,    1.18762e+01,    1.49676e-03,              3,              0,       1 meters
  11/02/2018 13:02:13.722,    1.85553e+00,    5.19525e-04,    1.85553e+00,    5.19525e-04,   -1.00000e-02,    1.09731e-18,    1.69211e+04,    3.16941e+01,    4.43863e+02,    6.47476e-01,    1.88747e+00,    4.99922e-04,    4.51503e+02,    6.54535e-01,    1.40325e+02,    3.92192e-02,    2.22323e+01,    1.44556e-03,    2.39164e+01,    6.41333e-03,    1.08415e+01,    1.22151e-03,    1.18756e+01,    1.67485e-03,              3,              0,       1 meters
  11/02/2018 13:02:23.676,    1.85642e+00,    7.68510e-04,    1.85642e+00,    7.68510e-04,   -1.00000e-02,    1.09731e-18,    1.69008e+04,    3.49245e+01,    4.45669e+02,    4.35578e-01,    1.88834e+00,    8.05733e-04,    4.53331e+02,    4.31471e-01,    1.40317e+02,    3.64054e-02,    2.22275e+01,    1.42173e-03,    2.39239e+01,    2.23523e-03,    1.08407e+01,    1.66012e-03,    1.18756e+01,    1.51448e-03,              3,              0,       1 meters
  11/02/2018 13:02:33.629,    1.85661e+00,    1.14241e-03,    1.85661e+00,    1.14241e-03,   -1.00000e-02,    1.09731e-18,    1.68811e+04,    2.61828e+01,    4.46267e+02,    3.51986e-01,    1.88849e+00,    1.16721e-03,    4.53930e+02,    3.57771e-01,    1.40325e+02,    4.05376e-02,    2.22224e+01,    1.46086e-03,    2.39244e+01,    2.18801e-03,    1.08417e+01,    1.80222e-03,    1.18760e+01,    2.24941e-03,              3,              0,       1 meters
  11/02/2018 13:02:43.582,    1.85703e+00,    8.81401e-04,    1.85703e+00,    8.81401e-04,   -1.00000e-02,    1.09731e-18,    1.68744e+04,    2.43741e+01,    4.47284e+02,    2.21010e-01,    1.88891e+00,    9.15285e-04,    4.54961e+02,    2.20597e-01,    1.40314e+02,    3.64564e-02,    2.22175e+01,    1.44575e-03,    2.39301e+01,    2.02507e-03,    1.08424e+01,    2.08190e-03,    1.18747e+01,    2.49032e-03,              3,              0,       1 meters
  11/02/2018 13:02:53.536,    1.85776e+00,    8.12750e-04,    1.85776e+00,    8.12750e-04,   -1.00000e-02,    1.09731e-18,    1.68524e+04,    3.26801e+01,    4.48239e+02,    4.85390e-01,    1.88961e+00,    8.14811e-04,    4.55923e+02,    4.89020e-01,    1.40319e+02,    3.81253e-02,    2.22127e+01,    1.42770e-03,    2.39331e+01,    2.30947e-03,    1.08419e+01,    1.90840e-03,    1.18751e+01,    1.84159e-03,              3,              0,       1 meters
  11/02/2018 13:03:03.490,    1.85821e+00,    1.15689e-03,    1.85821e+00,    1.15689e-03,   -1.00000e-02,    1.09731e-18,    1.68076e+04,    2.97428e+01,    4.50377e+02,    5.86526e-01,    1.88998e+00,    1.20584e-03,    4.58076e+02,    5.91416e-01,    1.40314e+02,    4.10966e-02,    2.22081e+01,    1.37396e-03,    2.39356e+01,    2.41450e-03,    1.08438e+01,    2.16450e-03,    1.18748e+01,    2.71362e-03,              3,              0,       1 meters
  11/02/2018 13:03:13.442,    1.85943e+00,    1.76975e-03,    1.85943e+00,    1.76975e-03,   -1.00000e-02,    1.09731e-18,    1.68098e+04,    6.18518e+01,    4.51956e+02,    4.93357e-01,    1.89122e+00,    1.88989e-03,    4.59683e+02,    4.93626e-01,    1.40324e+02,    3.45842e-02,    2.22035e+01,    1.48663e-03,    2.39424e+01,    3.18640e-03,    1.08419e+01,    3.38751e-03,    1.18747e+01,    2.41723e-03,              3,              0,       1 meters
  11/02/2018 13:03:23.396,    1.86022e+00,    1.82802e-03,    1.86022e+00,    1.82802e-03,   -1.00000e-02,    1.09731e-18,    1.67899e+04,    6.11245e+01,    4.53182e+02,    5.02800e-01,    1.89199e+00,    1.97252e-03,    4.60920e+02,    4.87542e-01,    1.40318e+02,    3.88940e-02,    2.21985e+01,    1.44955e-03,    2.39542e+01,    4.68598e-03,    1.08426e+01,    3.70009e-03,    1.18748e+01,    5.25706e-03,              3,              0,       1 meters
  11/02/2018 13:03:33.349,    1.86095e+00,    1.03350e-03,    1.86095e+00,    1.03350e-03,   -1.00000e-02,    1.09731e-18,    1.67711e+04,    3.48799e+01,    4.53902e+02,    3.66595e-01,    1.89270e+00,    1.10354e-03,    4.61644e+02,    3.68597e-01,    1.40322e+02,    3.98556e-02,    2.21939e+01,    1.52037e-03,    2.39633e+01,    3.35317e-03,    1.08423e+01,    2.24846e-03,    1.18753e+01,    2.81894e-03,              3,              0,       1 meters
  11/02/2018 13:03:43.303,    1.86173e+00,    1.09157e-03,    1.86173e+00,    1.09157e-03,   -1.00000e-02,    1.09731e-18,    1.67761e+04,    2.22120e+01,    4.56069e+02,    7.67330e-01,    1.89349e+00,    1.09834e-03,    4.63850e+02,    7.84430e-01,    1.40319e+02,    3.59352e-02,    2.21893e+01,    1.39205e-03,    2.39708e+01,    2.41787e-03,    1.08424e+01,    1.81830e-03,    1.18766e+01,    2.09431e-03,              3,              0,       1 meters
  11/02/2018 13:03:53.257,    1.86198e+00,    6.13750e-04,    1.86198e+00,    6.13750e-04,   -1.00000e-02,    1.09731e-18,    1.67553e+04,    4.68364e+01,    4.57410e+02,    4.92350e-01,    1.89371e+00,    6.83977e-04,    4.65204e+02,    5.00341e-01,    1.40322e+02,    3.72718e-02,    2.21844e+01,    1.42978e-03,    2.39754e+01,    2.37741e-03,    1.08431e+01,    2.47212e-03,    1.18752e+01,    2.61506e-03,              3,              0,       1 meters
  11/02/2018 13:04:03.211,    1.86290e+00,    9.02248e-04,    1.86290e+00,    9.02248e-04,   -1.00000e-02,    1.09731e-18,    1.67316e+04,    3.10863e+01,    4.59293e+02,    5.96863e-01,    1.89460e+00,    9.09683e-04,    4.67109e+02,    6.16470e-01,    1.40314e+02,    4.21028e-02,    2.21797e+01,    1.44694e-03,    2.39760e+01,    2.27200e-03,    1.08435e+01,    1.19566e-03,    1.18749e+01,    2.28575e-03,              3,              0,       1 meters
  11/02/2018 13:04:13.165,    1.86457e+00,    8.86023e-04,    1.86457e+00,    8.86023e-04,   -1.00000e-02,    1.09731e-18,    1.67114e+04,    2.94048e+01,    4.62385e+02,    7.15296e-01,    1.89626e+00,    9.07917e-04,    4.70244e+02,    7.18279e-01,    1.40321e+02,    3.54245e-02,    2.21751e+01,    1.43218e-03,    2.39821e+01,    2.40875e-03,    1.08423e+01,    2.52017e-03,    1.18765e+01,    2.01583e-03,              3,              0,       1 meters
  11/02/2018 13:04:23.118,    1.86471e+00,    5.58558e-04,    1.86471e+00,    5.58558e-04,   -1.00000e-02,    1.09731e-18,    1.66909e+04,    2.19411e+01,    4.63139e+02,    1.44268e-01,    1.89637e+00,    5.83301e-04,    4.71000e+02,    1.45466e-01,    1.40318e+02,    3.66982e-02,    2.21705e+01,    1.36055e-03,    2.39837e+01,    1.96882e-03,    1.08429e+01,    2.17068e-03,    1.18753e+01,    2.78853e-03,              3,              0,       1 meters
  11/02/2018 13:04:33.071,    1.86543e+00,    6.94028e-04,    1.86543e+00,    6.94028e-04,   -1.00000e-02,    1.09731e-18,    1.66637e+04,    2.61064e+01,    4.64393e+02,    9.59367e-01,    1.89704e+00,    6.98653e-04,    4.72262e+02,    9.64788e-01,    1.40317e+02,    3.87985e-02,    2.21659e+01,    1.38447e-03,    2.39828e+01,    2.49502e-03,    1.08439e+01,    1.86674e-03,    1.18748e+01,    1.70853e-03,              3,              0,       1 meters
  11/02/2018 13:04:43.024,    1.86664e+00,    6.54392e-04,    1.86664e+00,    6.54392e-04,   -1.00000e-02,    1.09731e-18,    1.66546e+04,    3.26670e+01,    4.67097e+02,    4.37203e-01,    1.89826e+00,    6.78209e-04,    4.75009e+02,    4.37689e-01,    1.40321e+02,    3.38676e-02,    2.21613e+01,    1.42605e-03,    2.39841e+01,    1.79266e-03,    1.08434e+01,    1.23243e-03,    1.18754e+01,    2.26636e-03,              3,              0,       1 meters
  11/02/2018 13:04:52.976,    1.86704e+00,    8.71047e-04,    1.86704e+00,    8.71047e-04,   -1.00000e-02,    1.09731e-18,    1.66560e+04,    3.05547e+01,    4.67392e+02,    3.58056e-01,    1.89867e+00,    8.94816e-04,    4.75309e+02,    3.59461e-01,    1.40323e+02,    4.17375e-02,    2.21565e+01,    1.42441e-03,    2.39897e+01,    4.36743e-03,    1.08443e+01,    1.79705e-03,    1.18759e+01,    1.92220e-03,              3,              0,       1 meters
  11/02/2018 13:05:02.938,    1.86826e+00,    5.71420e-04,    1.86826e+00,    5.71420e-04,   -1.00000e-02,    1.09731e-18,    1.66448e+04,    2.65704e+01,    4.69830e+02,    7.88645e-01,    1.89988e+00,    5.77567e-04,    4.77782e+02,    7.93299e-01,    1.40314e+02,    3.78071e-02,    2.21522e+01,    1.24467e-03,    2.39973e+01,    2.13066e-03,    1.08443e+01,    1.80583e-03,    1.18757e+01,    2.23088e-03,              3,              0,       1 meters
  11/02/2018 13:05:12.892,    1.86890e+00,    6.53060e-04,    1.86890e+00,    6.53060e-04,   -1.00000e-02,    1.09731e-18,    1.66102e+04,    3.68556e+01,    4.72144e+02,    7.93910e-01,    1.90047e+00,    6.69247e-04,    4.80119e+02,    8.15155e-01,    1.40324e+02,    3.88635e-02,    2.21477e+01,    1.38796e-03,    2.40014e+01,    2.73565e-03,    1.08442e+01,    1.23131e-03,    1.18745e+01,    2.81325e-03,              3,              0,       1 meters
  11/02/2018 13:05:22.845,    1.87017e+00,    7.35090e-04,    1.87017e+00,    7.35090e-04,   -1.00000e-02,    1.09731e-18,    1.66353e+04,    2.08378e+01,    4.73853e+02,    2.65654e-01,    1.90180e+00,    7.70540e-04,    4.81869e+02,    2.68208e-01,    1.40317e+02,    3.67954e-02,    2.21433e+01,    1.38137e-03,    2.40049e+01,    2.60740e-03,    1.08433e+01,    1.84638e-03,    1.18749e+01,    1.98402e-03,              3,              0,       1 meters
  11/02/2018 13:05:32.799,    1.87053e+00,    9.50088e-04,    1.87053e+00,    9.50088e-04,   -1.00000e-02,    1.09731e-18,    1.66080e+04,    2.64939e+01,    4.74607e+02,    1.38741e-01,    1.90212e+00,    9.79029e-04,    4.82623e+02,    1.44124e-01,    1.40318e+02,    3.48873e-02,    2.21386e+01,    1.41261e-03,    2.40111e+01,    2.76707e-03,    1.08439e+01,    2.62572e-03,    1.18744e+01,    1.61064e-03,              3,              0,       1 meters
  11/02/2018 13:05:42.753,    1.87075e+00,    6.80357e-04,    1.87075e+00,    6.80357e-04,   -1.00000e-02,    1.09731e-18,    1.66288e+04,    2.91114e+01,    4.75116e+02,    1.99481e-01,    1.90238e+00,    7.15137e-04,    4.83150e+02,    2.01717e-01,    1.40313e+02,    4.05322e-02,    2.21341e+01,    1.46863e-03,    2.40147e+01,    2.29584e-03,    1.08440e+01,    8.51909e-04,    1.18746e+01,    1.74370e-03,              3,              0,       1 meters
  11/02/2018 13:05:52.705,    1.87054e+00,    7.96508e-04,    1.87054e+00,    7.96508e-04,   -1.00000e-02,    1.09731e-18,    1.66148e+04,    2.50011e+01,    4.75555e+02,    1.60706e-01,    1.90215e+00,    8.09141e-04,    4.83589e+02,    1.66268e-01,    1.40321e+02,    3.61093e-02,    2.21294e+01,    1.42608e-03,    2.40210e+01,    2.93156e-03,    1.08433e+01,    1.44672e-03,    1.18746e+01,    1.69012e-03,              3,              0,       1 meters
  11/02/2018 13:06:02.660,    1.87113e+00,    7.02885e-04,    1.87113e+00,    7.02885e-04,   -1.00000e-02,    1.09731e-18,    1.66172e+04,    2.74953e+01,    4.76118e+02,    3.96007e-01,    1.90274e+00,    6.92222e-04,    4.84164e+02,    3.98153e-01,    1.40316e+02,    3.58837e-02,    2.21249e+01,    1.34626e-03,    2.40259e+01,    3.32664e-03,    1.08439e+01,    1.38613e-03,    1.18749e+01,    2.42413e-03,              3,              0,       1 meters
  11/02/2018 13:06:12.614,    1.87175e+00,    1.12623e-03,    1.87175e+00,    1.12623e-03,   -1.00000e-02,    1.09731e-18,    1.66073e+04,    3.64544e+01,    4.77214e+02,    2.55961e-01,    1.90336e+00,    1.15051e-03,    4.85273e+02,    2.64163e-01,    1.40321e+02,    4.16503e-02,    2.21205e+01,    1.32259e-03,    2.40304e+01,    2.81451e-03,    1.08440e+01,    1.75152e-03,    1.18754e+01,    1.62720e-03,              3,              0,       1 meters
  11/02/2018 13:06:22.567,    1.87220e+00,    6.64917e-04,    1.87220e+00,    6.64917e-04,   -1.00000e-02,    1.09731e-18,    1.66061e+04,    4.63900e+01,    4.78606e+02,    1.00646e+00,    1.90382e+00,    7.03342e-04,    4.86688e+02,    1.00806e+00,    1.40320e+02,    3.52407e-02,    2.21160e+01,    1.39934e-03,    2.40366e+01,    3.02619e-03,    1.08434e+01,    1.89871e-03,    1.18750e+01,    3.03442e-03,              3,              0,       1 meters
  11/02/2018 13:06:32.520,    1.87294e+00,    6.07979e-04,    1.87294e+00,    6.07979e-04,   -1.00000e-02,    1.09731e-18,    1.65615e+04,    4.08168e+01,    4.80593e+02,    2.16476e-01,    1.90448e+00,    6.19406e-04,    4.88687e+02,    2.14266e-01,    1.40320e+02,    3.41235e-02,    2.21114e+01,    1.39162e-03,    2.40407e+01,    3.14488e-03,    1.08445e+01,    1.12924e-03,    1.18751e+01,    1.77264e-03,              3,              0,       1 meters
  11/02/2018 13:06:42.480,    1.87355e+00,    7.85410e-04,    1.87355e+00,    7.85410e-04,   -1.00000e-02,    1.09731e-18,    1.65735e+04,    2.48176e+01,    4.81050e+02,    3.89531e-01,    1.90513e+00,    7.93481e-04,    4.89157e+02,    3.92346e-01,    1.40319e+02,    4.09602e-02,    2.21069e+01,    1.47140e-03,    2.40464e+01,    2.17701e-03,    1.08449e+01,    2.91321e-03,    1.18745e+01,    2.01944e-03,              3,              0,       1 meters
  11/02/2018 13:06:52.431,    1.86041e+00,    7.88509e-03,    1.86041e+00,    7.88509e-03,   -1.00000e-02,    1.09731e-18,    1.69158e+04,    2.39462e+02,    4.55106e+02,    1.46827e+01,    1.89242e+00,    7.58012e-03,    4.62933e+02,    1.48238e+01,    1.40314e+02,    3.33788e-02,    2.21025e+01,    1.37986e-03,    2.40503e+01,    1.68104e-03,    1.08443e+01,    3.03315e-03,    1.18739e+01,    2.44175e-03,              3,              0,       1 meters
  11/02/2018 13:07:02.387,    1.84608e+00,    2.01652e-03,    1.84608e+00,    2.01652e-03,   -1.00000e-02,    1.09731e-18,    1.75976e+04,    1.57638e+02,    4.26347e+02,    4.03748e+00,    1.87914e+00,    1.83101e-03,    4.33983e+02,    4.04282e+00,    1.40319e+02,    4.06171e-02,    2.20987e+01,    1.13732e-03,    2.40519e+01,    2.29242e-03,    1.08434e+01,    2.53629e-03,    1.18755e+01,    2.96266e-03,              3,              0,       1 meters
  11/02/2018 13:07:12.340,    1.84164e+00,    5.36757e-04,    1.84164e+00,    5.36757e-04,   -1.00000e-02,    1.09731e-18,    1.79589e+04,    4.47098e+01,    4.19231e+02,    1.15042e+00,    1.87532e+00,    5.14790e-04,    4.26898e+02,    1.15505e+00,    1.40313e+02,    4.19910e-02,    2.20949e+01,    1.25242e-03,    2.40552e+01,    2.23853e-03,    1.08450e+01,    1.96268e-03,    1.18750e+01,    2.36492e-03,              3,              0,       1 meters
  11/02/2018 13:07:22.294,    1.84154e+00,    5.92233e-04,    1.84154e+00,    5.92233e-04,   -1.00000e-02,    1.09731e-18,    1.80571e+04,    3.80233e+01,    4.16742e+02,    4.41096e-01,    1.87541e+00,    5.74238e-04,    4.24406e+02,    4.39496e-01,    1.40320e+02,    3.49766e-02,    2.20908e+01,    1.24164e-03,    2.40559e+01,    3.44582e-03,    1.08452e+01,    1.57429e-03,    1.18765e+01,    2.01103e-03,              3,              0,       1 meters
  11/02/2018 13:07:32.246,    1.84189e+00,    1.12408e-03,    1.84189e+00,    1.12408e-03,   -1.00000e-02,    1.09731e-18,    1.81339e+04,    2.96006e+01,    4.15417e+02,    4.13073e-01,    1.87590e+00,    1.16758e-03,    4.23089e+02,    4.18846e-01,    1.40314e+02,    3.95856e-02,    2.20868e+01,    1.23729e-03,    2.40650e+01,    4.51065e-03,    1.08433e+01,    2.10443e-03,    1.18768e+01,    2.09993e-03,              3,              0,       1 meters
  11/02/2018 13:07:42.200,    1.84024e+00,    9.81092e-04,    1.84024e+00,    9.81092e-04,   -1.00000e-02,    1.09731e-18,    1.81958e+04,    5.79081e+01,    4.14826e+02,    2.76807e-01,    1.87435e+00,    1.08803e-03,    4.22514e+02,    2.63621e-01,    1.40322e+02,    4.12210e-02,    2.20827e+01,    1.21966e-03,    2.40676e+01,    2.49436e-03,    1.08453e+01,    1.47397e-03,    1.18756e+01,    3.31829e-03,              3,              0,       1 meters
  11/02/2018 13:07:52.153,    1.83987e+00,    1.18544e-03,    1.83987e+00,    1.18544e-03,   -1.00000e-02,    1.09731e-18,    1.84517e+04,    1.13068e+02,    4.13953e+02,    3.63642e-01,    1.87446e+00,    1.24543e-03,    4.21735e+02,    3.23683e-01,    1.40312e+02,    3.84616e-02,    2.20787e+01,    1.24481e-03,    2.40682e+01,    2.11591e-03,    1.08448e+01,    3.89772e-03,    1.18767e+01,    2.01753e-03,              3,              0,       1 meters
  11/02/2018 13:08:02.108,    1.83920e+00,    7.64269e-04,    1.83920e+00,    7.64269e-04,   -1.00000e-02,    1.09731e-18,    1.86335e+04,    4.47300e+01,    4.13077e+02,    2.87011e-01,    1.87412e+00,    7.84984e-04,    4.20920e+02,    2.80546e-01,    1.40325e+02,    3.38423e-02,    2.20746e+01,    1.24328e-03,    2.40707e+01,    2.02498e-03,    1.08445e+01,    1.88547e-03,    1.18745e+01,    1.99366e-03,              3,              0,       1 meters
  11/02/2018 13:08:12.062,    1.83918e+00,    8.59708e-04,    1.83918e+00,    8.59708e-04,   -1.00000e-02,    1.09731e-18,    1.86563e+04,    4.29174e+01,    4.12325e+02,    3.17072e-01,    1.87415e+00,    8.57850e-04,    4.20164e+02,    3.27432e-01,    1.40313e+02,    4.30917e-02,    2.20706e+01,    1.18934e-03,    2.40779e+01,    2.07556e-03,    1.08444e+01,    2.20292e-03,    1.18754e+01,    1.77546e-03,              3,              0,       1 meters
  11/02/2018 13:08:22.016,    1.84320e+00,    5.19949e-03,    1.84320e+00,    5.19949e-03,   -1.00000e-02,    1.09731e-18,    1.83233e+04,    1.81582e+02,    4.13372e+02,    1.04070e+00,    1.87761e+00,    5.05234e-03,    4.21088e+02,    1.12463e+00,    1.40326e+02,    3.22694e-02,    2.20667e+01,    1.23121e-03,    2.40786e+01,    2.16746e-03,    1.08440e+01,    3.09500e-03,    1.18758e+01,    1.46122e-03,              3,              0,       1 meters
  11/02/2018 13:08:31.968,    1.85313e+00,    3.29595e-03,    1.85313e+00,    3.29595e-03,   -1.00000e-02,    1.09731e-18,    1.79048e+04,    8.74701e+01,    4.10131e+02,    6.84861e-01,    1.88692e+00,    3.50782e-03,    4.17608e+02,    7.24631e-01,    1.40310e+02,    3.19219e-02,    2.20625e+01,    1.37913e-03,    2.40796e+01,    1.43601e-03,    1.08449e+01,    1.92187e-03,    1.18750e+01,    1.89306e-03,              3,              0,       1 meters
  11/02/2018 13:08:41.923,    1.84348e+00,    2.10696e-03,    1.84348e+00,    2.10696e-03,   -1.00000e-02,    1.09731e-18,    1.78154e+04,    3.21877e+01,    4.09129e+02,    1.39613e-01,    1.87692e+00,    2.15068e-03,    4.16550e+02,    1.50179e-01,    1.40321e+02,    4.26495e-02,    2.20581e+01,    1.25773e-03,    2.40806e+01,    2.31927e-03,    1.08455e+01,    1.87787e-03,    1.18757e+01,    1.75130e-03,              3,              0,       1 meters
  11/02/2018 13:08:51.876,    1.84005e+00,    1.06749e-03,    1.84005e+00,    1.06749e-03,   -1.00000e-02,    1.09731e-18,    1.77549e+04,    4.25739e+01,    4.09107e+02,    2.53497e-01,    1.87331e+00,    1.10972e-03,    4.16502e+02,    2.47465e-01,    1.40312e+02,    3.54021e-02,    2.20539e+01,    1.29793e-03,    2.40846e+01,    3.51597e-03,    1.08446e+01,    1.12834e-03,    1.18756e+01,    2.79042e-03,              3,              0,       1 meters
  11/02/2018 13:09:01.830,    1.83967e+00,    8.78105e-04,    1.83967e+00,    8.78105e-04,   -1.00000e-02,    1.09731e-18,    1.76195e+04,    7.53932e+01,    4.10145e+02,    6.85392e-01,    1.87267e+00,    8.61515e-04,    4.17501e+02,    6.69226e-01,    1.40320e+02,    3.59350e-02,    2.20497e+01,    1.12650e-03,    2.40796e+01,    1.96858e-03,    1.08438e+01,    1.72631e-03,    1.18770e+01,    3.87450e-03,              3,              0,       1 meters
  11/02/2018 13:09:11.783,    1.84050e+00,    8.45003e-04,    1.84050e+00,    8.45003e-04,   -1.00000e-02,    1.09731e-18,    1.75361e+04,    2.54711e+01,    4.11866e+02,    3.73580e-01,    1.87335e+00,    8.34845e-04,    4.19217e+02,    3.79838e-01,    1.40316e+02,    3.70111e-02,    2.20458e+01,    1.17981e-03,    2.40804e+01,    2.90303e-03,    1.08452e+01,    2.18889e-03,    1.18769e+01,    2.66693e-03,              3,              0,       1 meters
  11/02/2018 13:09:21.738,    1.84173e+00,    7.98813e-04,    1.84173e+00,    7.98813e-04,   -1.00000e-02,    1.09731e-18,    1.75248e+04,    2.51110e+01,    4.12958e+02,    4.12738e-01,    1.87459e+00,    7.86465e-04,    4.20325e+02,    4.15733e-01,    1.40317e+02,    4.38819e-02,    2.20418e+01,    1.30496e-03,    2.40855e+01,    2.77260e-03,    1.08449e+01,    2.59936e-03,    1.18762e+01,    2.03837e-03,              3,              0,       1 meters
  11/02/2018 13:09:31.691,    1.84199e+00,    8.75079e-04,    1.84199e+00,    8.75079e-04,   -1.00000e-02,    1.09731e-18,    1.74675e+04,    3.04826e+01,    4.13826e+02,    2.35894e-01,    1.87473e+00,    8.99589e-04,    4.21183e+02,    2.36291e-01,    1.40317e+02,    3.65456e-02,    2.20378e+01,    1.11026e-03,    2.40813e+01,    2.36539e-03,    1.08450e+01,    2.49036e-03,    1.18764e+01,    2.11498e-03,              3,              0,       1 meters
  11/02/2018 13:09:41.644,    1.84220e+00,    9.51906e-04,    1.84220e+00,    9.51906e-04,   -1.00000e-02,    1.09731e-18,    1.73889e+04,    6.61178e+01,    4.15334e+02,    6.47930e-01,    1.87480e+00,    9.94371e-04,    4.22684e+02,    6.37791e-01,    1.40318e+02,    3.77824e-02,    2.20338e+01,    1.22218e-03,    2.40857e+01,    2.20250e-03,    1.08455e+01,    1.46326e-03,    1.18750e+01,    1.64023e-03,              3,              0,       1 meters
  11/02/2018 13:09:51.596,    1.84316e+00,    9.19599e-04,    1.84316e+00,    9.19599e-04,   -1.00000e-02,    1.09731e-18,    1.73356e+04,    2.85941e+01,    4.18037e+02,    7.55598e-01,    1.87568e+00,    9.44439e-04,    4.25412e+02,    7.64466e-01,    1.40321e+02,    4.14848e-02,    2.20298e+01,    1.23847e-03,    2.40843e+01,    2.18839e-03,    1.08449e+01,    1.80030e-03,    1.18759e+01,    1.48679e-03,              3,              0,       1 meters
  11/02/2018 13:10:01.551,    1.84385e+00,    8.73268e-04,    1.84385e+00,    8.73268e-04,   -1.00000e-02,    1.09731e-18,    1.73287e+04,    2.41118e+01,    4.18537e+02,    1.84224e-01,    1.87637e+00,    8.86678e-04,    4.25918e+02,    1.89309e-01,    1.40314e+02,    4.00764e-02,    2.20258e+01,    1.16646e-03,    2.40806e+01,    2.97765e-03,    1.08443e+01,    2.64332e-03,    1.18753e+01,    1.17485e-03,              3,              0,       1 meters
  11/02/2018 13:10:11.511,    1.84400e+00,    7.04458e-04,    1.84400e+00,    7.04458e-04,   -1.00000e-02,    1.09731e-18,    1.73080e+04,    2.42796e+01,    4.19218e+02,    4.29548e-01,    1.87648e+00,    6.91471e-04,    4.26602e+02,    4.35388e-01,    1.40323e+02,    3.19134e-02,    2.20220e+01,    1.17444e-03,    2.40798e+01,    3.55631e-03,    1.08459e+01,    2.86011e-03,    1.18757e+01,    4.01971e-03,              3,              0,       1 meters
  11/02/2018 13:10:21.464,    1.84455e+00,    7.07899e-04,    1.84455e+00,    7.07899e-04,   -1.00000e-02,    1.09731e-18,    1.72752e+04,    4.08791e+01,    4.20248e+02,    2.77246e-01,    1.87697e+00,    7.37639e-04,    4.27636e+02,    2.73425e-01,    1.40312e+02,    4.04641e-02,    2.20180e+01,    1.24077e-03,    2.40864e+01,    1.93722e-03,    1.08457e+01,    1.86233e-03,    1.18769e+01,    2.64576e-03,              3,              0,       1 meters
  11/02/2018 13:10:31.416,    1.84472e+00,    5.22272e-04,    1.84472e+00,    5.22272e-04,   -1.00000e-02,    1.09731e-18,    1.72136e+04,    4.74886e+01,    4.21678e+02,    4.09261e-01,    1.87703e+00,    5.51540e-04,    4.29063e+02,    4.00872e-01,    1.40322e+02,    4.11869e-02,    2.20140e+01,    1.21151e-03,    2.40876e+01,    2.60229e-03,    1.08455e+01,    1.75256e-03,    1.18751e+01,    2.20363e-03,              3,              0,       1 meters
  11/02/2018 13:10:41.372,    1.84591e+00,    6.16642e-04,    1.84591e+00,    6.16642e-04,   -1.00000e-02,    1.09731e-18,    1.71727e+04,    4.52167e+01,    4.22885e+02,    2.55528e-01,    1.87816e+00,    6.24579e-04,    4.30274e+02,    2.55177e-01,    1.40312e+02,    3.18290e-02,    2.20100e+01,    1.12749e-03,    2.40836e+01,    2.70530e-03,    1.08463e+01,    1.98255e-03,    1.18759e+01,    1.59057e-03,              3,              0,       1 meters
  11/02/2018 13:10:51.326,    1.84581e+00,    8.67564e-04,    1.84581e+00,    8.67564e-04,   -1.00000e-02,    1.09731e-18,    1.71470e+04,    3.69071e+01,    4.23632e+02,    1.76107e-01,    1.87801e+00,    8.87492e-04,    4.31023e+02,    1.76938e-01,    1.40318e+02,    3.81819e-02,    2.20060e+01,    1.24677e-03,    2.40849e+01,    2.43023e-03,    1.08462e+01,    1.57543e-03,    1.18759e+01,    2.35853e-03,              3,              0,       1 meters
  11/02/2018 13:11:01.277,    1.84633e+00,    1.01231e-03,    1.84633e+00,    1.01231e-03,   -1.00000e-02,    1.09731e-18,    1.71187e+04,    2.93747e+01,    4.23884e+02,    1.06282e-01,    1.87849e+00,    1.01749e-03,    4.31267e+02,    1.09340e-01,    1.40311e+02,    3.99207e-02,    2.20023e+01,    1.12425e-03,    2.40819e+01,    3.21754e-03,    1.08449e+01,    1.10639e-03,    1.18747e+01,    2.12667e-03,              3,              0,       1 meters
  11/02/2018 13:11:11.232,    1.84612e+00,    8.02660e-04,    1.84612e+00,    8.02660e-04,   -1.00000e-02,    1.09731e-18,    1.71087e+04,    4.77118e+01,    4.24235e+02,    5.99483e-01,    1.87825e+00,    8.40464e-04,    4.31620e+02,    6.14355e-01,    1.40318e+02,    3.77515e-02,    2.19983e+01,    1.25432e-03,    2.40799e+01,    2.49010e-03,    1.08468e+01,    1.97611e-03,    1.18742e+01,    1.97181e-03,              3,              0,       1 meters
  11/02/2018 13:11:21.186,    1.84647e+00,    9.63832e-04,    1.84647e+00,    9.63832e-04,   -1.00000e-02,    1.09731e-18,    1.70899e+04,    1.96660e+01,    4.25117e+02,    3.76562e-01,    1.87857e+00,    9.68020e-04,    4.32508e+02,    3.77013e-01,    1.40315e+02,    3.46047e-02,    2.19942e+01,    1.23298e-03,    2.40825e+01,    3.00372e-03,    1.08464e+01,    1.93659e-03,    1.18757e+01,    2.08584e-03,              3,              0,       1 meters
  11/02/2018 13:11:31.140,    1.84749e+00,    6.06569e-04,    1.84749e+00,    6.06569e-04,   -1.00000e-02,    1.09731e-18,    1.70710e+04,    4.36796e+01,    4.25657e+02,    2.10774e-01,    1.87958e+00,    6.11714e-04,    4.33050e+02,    2.06185e-01,    1.40319e+02,    4.07429e-02,    2.19904e+01,    1.12684e-03,    2.40856e+01,    2.21088e-03,    1.08452e+01,    2.05619e-03,    1.18757e+01,    1.70561e-03,              3,              0,       1 meters
  11/02/2018 13:11:41.094,    1.84773e+00,    7.94979e-04,    1.84773e+00,    7.94979e-04,   -1.00000e-02,    1.09731e-18,    1.70001e+04,    2.84028e+01,    4.27287e+02,    5.31955e-01,    1.87969e+00,    8.24414e-04,    4.34677e+02,    5.31920e-01,    1.40320e+02,    3.93429e-02,    2.19864e+01,    1.25004e-03,    2.40884e+01,    3.33476e-03,    1.08458e+01,    2.07391e-03,    1.18752e+01,    3.04069e-03,              3,              0,       1 meters
  11/02/2018 13:11:51.047,    1.84828e+00,    6.98111e-04,    1.84828e+00,    6.98111e-04,   -1.00000e-02,    1.09731e-18,    1.69361e+04,    3.68971e+01,    4.28952e+02,    5.25782e-01,    1.88013e+00,    7.03950e-04,    4.36342e+02,    5.29604e-01,    1.40313e+02,    3.56044e-02,    2.19823e+01,    1.16261e-03,    2.40929e+01,    1.97354e-03,    1.08464e+01,    9.69499e-04,    1.18745e+01,    1.52863e-03,              3,              0,       1 meters
  11/02/2018 13:12:01.001,    1.84918e+00,    8.12930e-04,    1.84918e+00,    8.12930e-04,   -1.00000e-02,    1.09731e-18,    1.69296e+04,    3.28111e+01,    4.29814e+02,    2.63426e-01,    1.88103e+00,    8.47013e-04,    4.37216e+02,    2.67184e-01,    1.40322e+02,    3.89833e-02,    2.19782e+01,    1.09860e-03,    2.40911e+01,    1.98678e-03,    1.08450e+01,    2.11521e-03,    1.18759e+01,    3.05448e-03,              3,              0,       1 meters
  11/02/2018 13:12:10.954,    1.84933e+00,    1.19413e-03,    1.84933e+00,    1.19413e-03,   -1.00000e-02,    1.09731e-18,    1.68685e+04,    3.85817e+01,    4.30862e+02,    3.04609e-01,    1.88106e+00,    1.24110e-03,    4.38255e+02,    3.08626e-01,    1.40311e+02,    4.03904e-02,    2.19743e+01,    1.23464e-03,    2.40940e+01,    2.25384e-03,    1.08459e+01,    1.93957e-03,    1.18751e+01,    2.68652e-03,              3,              0,       1 meters
  11/02/2018 13:12:20.908,    1.85012e+00,    1.16262e-03,    1.85012e+00,    1.16262e-03,   -1.00000e-02,    1.09731e-18,    1.68505e+04,    2.72829e+01,    4.31940e+02,    3.26798e-01,    1.88183e+00,    1.18577e-03,    4.39343e+02,    3.27147e-01,    1.40324e+02,    3.84869e-02,    2.19702e+01,    1.27914e-03,    2.40894e+01,    2.24535e-03,    1.08457e+01,    1.03284e-03,    1.18741e+01,    2.18545e-03,              3,              0,       1 meters
  11/02/2018 13:12:30.860,    1.85010e+00,    6.91199e-04,    1.85010e+00,    6.91199e-04,   -1.00000e-02,    1.09731e-18,    1.68080e+04,    2.86613e+01,    4.32218e+02,    1.58926e-01,    1.88173e+00,    7.29990e-04,    4.39607e+02,    1.64098e-01,    1.40314e+02,    3.11443e-02,    2.19659e+01,    1.30714e-03,    2.40912e+01,    1.74663e-03,    1.08456e+01,    1.65773e-03,    1.18759e+01,    1.55583e-03,              3,              0,       1 meters
  11/02/2018 13:12:40.815,    1.85060e+00,    6.59561e-04,    1.85060e+00,    6.59561e-04,   -1.00000e-02,    1.09731e-18,    1.68013e+04,    4.78388e+01,    4.32982e+02,    2.75159e-01,    1.88223e+00,    6.84091e-04,    4.40381e+02,    2.69698e-01,    1.40320e+02,    4.08911e-02,    2.19616e+01,    1.31172e-03,    2.40959e+01,    2.09142e-03,    1.08461e+01,    1.27038e-03,    1.18763e+01,    1.92787e-03,              3,              0,       1 meters
  11/02/2018 13:12:50.768,    1.85081e+00,    6.86128e-04,    1.85081e+00,    6.86128e-04,   -1.00000e-02,    1.09731e-18,    1.67580e+04,    4.85923e+01,    4.33479e+02,    1.56180e-01,    1.88236e+00,    6.96978e-04,    4.40867e+02,    1.46511e-01,    1.40312e+02,    3.77973e-02,    2.19575e+01,    1.19792e-03,    2.40999e+01,    2.72221e-03,    1.08466e+01,    2.17407e-03,    1.18765e+01,    1.82625e-03,              3,              0,       1 meters
  11/02/2018 13:13:00.721,    1.85110e+00,    7.08623e-04,    1.85110e+00,    7.08623e-04,   -1.00000e-02,    1.09731e-18,    1.67563e+04,    3.25635e+01,    4.33881e+02,    2.03943e-01,    1.88265e+00,    7.10112e-04,    4.41276e+02,    2.07014e-01,    1.40316e+02,    3.74626e-02,    2.19535e+01,    1.34493e-03,    2.41011e+01,    2.25850e-03,    1.08452e+01,    1.08196e-03,    1.18761e+01,    2.38364e-03,              3,              0,       1 meters
  11/02/2018 13:13:10.673,    1.85096e+00,    6.17642e-04,    1.85096e+00,    6.17642e-04,   -1.00000e-02,    1.09731e-18,    1.67819e+04,    2.90286e+01,    4.34934e+02,    3.67434e-01,    1.88255e+00,    6.37669e-04,    4.42357e+02,    3.70900e-01,    1.40314e+02,    3.42394e-02,    2.19494e+01,    1.20761e-03,    2.41007e+01,    3.00652e-03,    1.08466e+01,    2.40896e-03,    1.18754e+01,    2.83523e-03,              3,              0,       1 meters
  11/02/2018 13:13:20.627,    1.85130e+00,    6.48311e-04,    1.85130e+00,    6.48311e-04,   -1.00000e-02,    1.09731e-18,    1.67866e+04,    3.48310e+01,    4.35176e+02,    1.93436e-01,    1.88291e+00,    6.65406e-04,    4.42606e+02,    1.95237e-01,    1.40319e+02,    3.93623e-02,    2.19452e+01,    1.26796e-03,    2.40940e+01,    2.89995e-03,    1.08454e+01,    1.24583e-03,    1.18747e+01,    2.81903e-03,              3,              0,       1 meters
  11/02/2018 13:13:30.581,    1.85117e+00,    7.43941e-04,    1.85117e+00,    7.43941e-04,   -1.00000e-02,    1.09731e-18,    1.67972e+04,    4.64784e+01,    4.35006e+02,    1.14495e-01,    1.88279e+00,    7.76800e-04,    4.42438e+02,    1.24936e-01,    1.40322e+02,    4.09267e-02,    2.19410e+01,    1.30594e-03,    2.40988e+01,    2.83187e-03,    1.08470e+01,    1.93229e-03,    1.18749e+01,    2.45164e-03,              3,              0,       1 meters
  11/02/2018 13:13:40.543,    1.85100e+00,    7.89652e-04,    1.85100e+00,    7.89652e-04,   -1.00000e-02,    1.09731e-18,    1.67866e+04,    3.39211e+01,    4.35063e+02,    1.50650e-01,    1.88260e+00,    8.02561e-04,    4.42491e+02,    1.51414e-01,    1.40311e+02,    3.82731e-02,    2.19368e+01,    1.30486e-03,    2.41040e+01,    3.33217e-03,    1.08464e+01,    1.61010e-03,    1.18760e+01,    1.66496e-03,              3,              0,       1 meters
  11/02/2018 13:13:50.496,    1.85100e+00,    1.40319e-03,    1.85100e+00,    1.40319e-03,   -1.00000e-02,    1.09731e-18,    1.68337e+04,    6.46147e+01,    4.33229e+02,    2.61963e+00,    1.88269e+00,    1.33749e-03,    4.40646e+02,    2.63810e+00,    1.40323e+02,    3.99813e-02,    2.19328e+01,    1.31597e-03,    2.41048e+01,    2.57561e-03,    1.08454e+01,    7.78935e-04,    1.18760e+01,    1.54246e-03,              3,              0,       1 meters
  11/02/2018 13:14:00.454,    1.84524e+00,    1.81478e-03,    1.84524e+00,    1.81478e-03,   -1.00000e-02,    1.09731e-18,    1.73281e+04,    1.66584e+02,    4.21133e+02,    2.79712e+00,    1.87778e+00,    1.60796e-03,    4.28559e+02,    2.77780e+00,    1.40310e+02,    3.95711e-02,    2.19284e+01,    1.44769e-03,    2.40998e+01,    6.01718e-03,    1.08468e+01,    2.14222e-03,    1.18763e+01,    1.46832e-03,              3,              0,       1 meters

-----BEGIN PGP MESSAGE-----
Version: GnuPG v1.4.11 (GNU/Linux)

jA0EAwMCeAiaNo2DVP5gye27sWB5GTT01ppdV98h2YdulXyBUcafgLBPaLn6/9iZ
2iitKVH8PwW59yXyNztCu1VRkAuyjhz0FV+9+HOzb8xGTpKgj31rFaht85ivPmzA
BAk162UMoIh0Uuw6X0ssxcEJ+5EpGAeBtDAeqJAGBlzt1KGtG5vR0uojYElB27jP
mQdDrQNGDVPHq20wxu1HvfnMGgG02KMKa4MufiTu4lOWtqVLKfZvjMuTUpQ8TCqn
NcyXQkdkdrprJPBUD3g+bne2hpBNCFJPYqpUPiMP9t3cbaXOSD9913tMM2VYZzlT
nlRnKMfc6hfBXyeRIdeq3OWwVE/m3Hqp4eh8bpysgr8nH3n30IAxwqc44MfYM15k
ynIjfFU/TdylKll2erybSZ/IDruCF/8oVl/vF831CLA0fgWqzQsX93Dv8e4NEXXV
2v8ajVRvi+EAnTn4vREPKWl5gFiapGpupxxizYY+siH2lXv1g6RIPXbE/C85CUru
APUt/h+Dn+JvSYZqWOldx2+mNnSdzKuYEu2z4P2kM5XjA0SftDQ/LeyWaJ/Fskx6
7YPymEKYwGpXyv0wQq8PU2g80W3EA+csQ2xsVvFk6rszBzejjMhwREitCkB7yNKJ
69xs37PuYtRgRL7eYja8iPxGGwXnlmU12cyQ5WmUTIiaW9R8GdtAI8Gdk4GW4MrF
fnjgZUOZhGb54ybJWdqyUH4i1DZuhKPY6xVl80dX3g4wm7eVGaI2AGcdWTm1IuSC
KWULS1eJHafz1YcGQEDRtIb+Ea/AztV9kqQIkHiGzwSnYhG0oVw06UF15CGPvfZD
kuzdNJl6NYIzqO8M0FbupG5nU0xWk0IGcs/Ro6rntXI9Wzw5PGXRtwaARkVwUufR
goUFTTVfwRJkG8akt5f+ywpCSkp654iJ3eVdL/HQEs7OnbEa9yGXXrg2BetHciAa
CUqv/T2wAmbk4SqG7s0nvTNJ9zX/ODqWCHs/tVr77oeU02yRLfxYCi4vZFnbIggp
oTE+I5NPYtRNjLRBjsIexlPQ9ej9hut9pOf7FKVPmU6B2kYrtpOrvt6V8ie7iZps
oXCixT6lw+1EzOS3Bk0r0Efite3dgc/m2te1LPq+naHxsVGX7vBc0VKX2898QIcy
NrSPuFTh21fb6yBq3KnVk1KZ2+dSxWcp4xrIDnb8D5nEMFuk6dCJYDMeGnfV1zzz
P+97vVXfjC40bgi4HnbyssCDclx6vmoScJiWClO5xm0hXkCtQQ+qi5wGmteTqcHq
EaRoyNLBMSiPKaBdYT9UllJ1IZKwn0fO20SZV9xTFVjRn8gdx+wsnTDQf09Yd6YV
zPAbV9sDqhxqoO1Z3DlsCJAgbw/Xj/7Ch/2QkAz3R1d/1cZxDLrBkaVuX4g8zZDP
54bReaM+Q56TGvk7i9RYKgNsPVKw4vMX4tHgqmZKXCekb9qRYD5IwxFRgQtAyXZq
f053rgKNxcfrJ7I9DnKX0vDT0t6uN60sqtn+x+W/IPg6Ehwz4Q/B7cJPBdn6S9PU
Yb9v6ZtLL8XVme24WS0elo99Fk2WANdhmCQbeWdYewaI/M5ugGYoJSmmva4tn5wK
+yv2CBUohrbdZbvhL5EfA/V7pjqyiVFgrVhIegDQ+IvSVMO/nFnUrgQBYN07LbGi
W7fxUfwdfJ41GHeXcJw7wNhbdV997l16t9stEJYpJMuse0WgG7puqPEt5H7r5U8C
oV5Ti4NRkL5AnQ93hI9vG/uHm26Yi6jpS3neEwwoG+i+X8FlYFtIDxCrVmnE/aGI
7Zmqyh33W4TCGf3PEAMcZFfVdiX/9yeXx4YYiXMswclVhh41091cpBUAwUsO7MpQ
RNvqlnK7W3qRJtviIhqyMaMcFUUQ/rdax3hJjO/VrIVFcg6syPzxjJCG5ThOdqQ2
tLekW2z2YcodYyiyobHvPVRXhfQs1T/o+rBBjNjI1R99p2M6rJ9byaUb/Llr8/t2
JyvwfSZgFw4isdC8VbY/zO4iHOslYK2zjgTK2lZTtC6IG5m3AzkDM/FU6+n1DYeg
Dsv2UtWBZ3rNm/U8BebRPylSCGwCZx/0SW50Sw+O5SrcufM0axJ/r0iZcvmgGnrV
7/Fnw3fv4A+dNPNZyK9o/qSCCE5qnwBGm0mJREVHdWp+TAkb9iWYXwxzJhewAu3a
ro3S8thJ/3A4Fx9PqcoXEi28Fo5FZval0lnfh1gl4wk+EV5Bql/7xTfC0l2sA/4Z
07KArDm3dLmKNJ7mZydZMLQWAtWyckv9XjRDY1lwUafUyZpFn8XDRuQjhN3x00/e
NIzN062D+NuLV1spFbqnQfTTA3QVwsXmz5goyvQhyvD1nAsNaZWUmJxn0ede+bhv
xHjq8T0CpAhLjUuvrjj2oAVWeGwRdv8RKZiCVVumCYMP//idKFQnmocYymRROVZ6
uuzVxs5w1FTB3mpwlbl8KK66vBsQFzmZMJA7pBoD7BtjOcSPgyUx36p/E4CWNCkg
O9k4k04V9OIDTLtBfixCugynFfR4DnJOj6XAo4t5pTxClGalA2R/9zcgqv3xDmXQ
C40Eorz9Rvgm8cl5mrX3JTlBLgZG9+PkuU75qOXCnBRKzW3aMFql9Q5OQRT7+YmA
s0+fjnEacfdZhppVRlR4tAXT3vwhAzqif/HgTJfvIW6jK6drbDgzwJxNWw7OM0UK
meVXcWAqIe20fV7Q9aakfCWMJ+xi0yo7GJRfndhaoZlFasVPjEQUzGSKtYg+0IOC
/IxNedYnn/D6UvAdi7LCYn5UBb4/J/bpZ3/arSpbcby8lWEg/VU6VAaZm7hKxedD
ib8PbIOaqErCG+z9rN6BIQ66BhLgO+gN4uEcdzzl4LDfAb74znBeSkhZQXISFkSU
f8CtMVN66XOlEKoAqLWCdeUoXJ+Lc4wQyiRQTt0zWzFYQSQh+ZR4ppfSY5ZdgmzN
ScLYaStpG2HIGnEbESgz4/tM9IbiTJByt/mEgvPzrIb97ueiP+HZdA2pT4XDIGeH
dxyWB6U0tO5Lx09thRiWcnF9hs4Ww3Jw/26eDU5eWrXlmOMoaIvapGfegXzjac5f
FguI8Z3wC9MbZJN1OYO2JroSoq1WBS82LTRjU+5A7i+cE2xoXjQGL0Kjanrv8ti1
Pz4hdACJM0mdVcp+GmOhwjAro5JWhmgAHtJv+rUVCA6IKNF52KxUPSd/R/hEJXos
C4aeARqAzGXJfrjt1h75ULzaSyiGnWxUPGinJ9CBdy+HxJrwhSmsPFqQ4/hrpYY8
3+PVRB5PgtHi3mxqeAg5It0TnZf7vkNY+7GLMVqz0qXKB7EKJNPdWagEwmpzKbJY
bLN3SaKsHzetWouz+QJJ4e6aUvP6sE0EcgLsELbcESmuDKmf/sqcAcID1TVXZNlN
nVCwm9/zNBYQrt+OkFPWOqxxiv008xmIzEC/pZ2F37C+0d+/jiYrYxdu69MlxMNw
p0tzGCJcX2giAWuOon++RmdVmw0zNd1kZ9UBrSBZMDekCTzc+cGnJ8aXChPPhD/R
nyfUUTDuc5hePr8CDaUYCwh0FYphsFFDDA/YU1R970PO6DvlC0mATrwzx1kp/7Vq
Af4S40B2Jw9SJLLbOjilbpVImGshR1SwadjOLfXZNDGL3EbX3R/S8dqIEq9xtIr9
Tgz6k5abCpKCF9YnR9RFMWKQ1JB65TsUwjgU+kmVjwDYbe2EQeBz600J5NNZ626j
HdEvvwmQZRTGPzWx8birZkvPRLYacEyitc2McQmnUvVAHOQkRUwBkd9sBsps+fYr
TgyTzgV0/BsiLgNjt3RPihm++gh+nuYIFP47ol1TSNMe2ufDIh/9UwBVVCvkvOui
anpWKRhEWWMN5jM6cHqNq97pCr4W/Mx4y8oXNsfyJ3LHTkKBsMFf893Hmb/mIcnn
1cjrwBe/6SAIoCu8biW2DQpUeF20LT3GT9WqDdYZzu7Vf+L8hQWN5SsBgBaHiJVG
hFY46X6UCr1OUeYWHN6bD6JuDDvaCLUeTXUYQxE2OFot7Fpr8ydPNjOjlyLviEnC
JTX/x0uHv5212j1D2Ji90Q5te1sx+6WpcaJIxcLpMa7kypF/N2HZmDsud6pDQS3v
bj1TnAGqtBb0RwrSKsrYAbVaSmJo2CnLRrFbJd7/vQWnmo6fFtV4Rh8lmGFg1XKh
a7uIZ3f/5lmAGZgIqrLfZcaxEDQRycFijiSE/zScawjJiqBXgxpaC41gZS1yXXqJ
791h74F3m6GFLUM0T9nO9YqfBjqnyFULSmialqnRmKXv4tvAKi5Um1sOLDzTQ5zt
BnEpGQ+QnP4qFJFGvPFieyYL6D6kJ/eA9psWpaWhJfbm+wj1wPKlurtW5xE/Uo+P
EiLHitMBbNKv7KVM83f3exSpXAUjqdi4ivAC5YR18xFzsSU+k1jp5UuISsOyR0d/
b9o8dZ5xnQybzQGxEmo4OPHS0k04IC9zFGEXwzYwmoakWCHciM0aPuEXzzSxkBkV
jQ/f7A0vcMYUnv/yEV9Kx+kM2K4vEWAOnoN1d8SNQClJEGagbrqPMJICO3mT/9Uc
4/7aliKMcsZ0/ckzvlnoGeshtrErCR49S+C5Le+nbCDdDzUkMaWyPAgxJvWnxkX3
lvsmEyrL28iaix1G24sCvVbhUOYLC9tC20VvrV4cgKPIoeQnZNdtGvPsERM6I5iq
AqFIm1Use224GjpV+B19A0vvuSqK5/8mXrqWLNGd9HFBKwxsdTWb6V6WYJLtBqE8
CSwZu0SMW+VkOBazvTJ5Ao0+IvnJ6GQXo6m3vye/thovw1WJ0wdlZHEqMg1Mnsz+
TU55s2rNYE5uPfrchsWTFMJQULKVbAmDyQUdO8SoNfCGR/ZE7YzgSNUnwqWb6DmQ
YBO71CW77yMNVUHocZA3oAv97rjNkVLeZYhqUWHWWaGdI7CWVZnw4blbcQlOY7O8
Ujye7uBVjlu4aAprM7GDgcsWzQCfrd/jO+8xu0fq9z8NacuTS/g4H0xBsp9h9Ff2
JkqW1MVI1gnjkJ2N+8gdqQ89gToam4wmvf9TldTY3uxj+Mh6Ca2Jn05NIPTcEUX5
byDkW42NemeyokIMBMTta7KYp5NNzLL476pGg4VYyiQXW6z0Z5vwwQRzZfUwp1E+
mmo19zsrlU/NQwyCbH5bdqqHfHGqPjqCrmi/pf1lzcMfd3JlgbajceLaP5CxAkRk
dMsVlEHInPPEaDfw4zK5TtvJz+t9bH0iYqCbZCD3qBSn7NGD9s5qYgLOZ+ZB2UNu
NI64zrDIaUm9qwP2/XOoixsEv48GW1cy/Anvx/EjHjBd/OKn+On1RJO5capwwMn6
rJJ9q/3+cUlit0Wj3BPTbmf3BhYEMVcejsl9GxZ/lIDpkHw5/b7fHeKfAD90FDNN
coCLvv8dwvOCXjLMsDUjVcJKSUTJhhkA04qDa64mkFIiUNOb5UaLqOfyXHPIYnih
ID5yoTIazwkiyzFhLI3yTQNUmXE2I8WiHuM70xrPozuThOvWCJHq2gAupMbtjJzl
TiwihHLGAGEgB3yRKx4IyaXKGmAiiD05BZ6KLytFZRjgc9xsTQtApsogPu6wZdkg
eGE7IQG4qDo1wIrKvoOZzktUhSSMYaOrXBnRq4e85c0EwhaJrBwAIJ0Mw5RBDszi
boxNhgcq3rSmEuDsDUHrLwdZhGKY5qZrhQTwrcJgMRMLDJtD1DbYkQgGdKv3cK7g
rLb1JYUXGf1w+5JODdJZpnQv7ijG4VoQ9NJqaRWwtZKSUqj8VJ/95iqqp6TxH7he
vOYMRTjcK++dVfMzzN5O0UHN7HrTlFrX0fhEvwhVEs1YEuGGzGm3FU7icseUWU18
4T9GnkHhvyfT56is0XLGa84sNhvkUFly7KvvBI5MSDm9kNDhPwSMx5vWyufPS9QM
EfIV2iATji+smvkA49pxmsuwtMNwaCBtgFU5R1hnfeo2IlCOSf23QzbepoiCBYXP
5zkRDooDt+/WZGdmQNC469nFraTVr23iBq4YzMGuWlclNj42eNsssiJZ0elFjbxj
zf+36k939NQmWCkaZ5gTFkruWGMGnGOcjVWaNUPT1WRJkl8ZRjmAsE4cOZtJ1yFT
MTgvCY5DVZ+WHalCc9+S8jXljvpAC8cF3kSiKLqAX0pGLW5QIRHvMlI7DPLJoCqG
XNMyen5o5Gk8Wmdfpm8I6XgH8eSXWZ9na1+PO6SV8EeICBLJ2CiJl/zt75+4/NwJ
8ZLHfZTWjUtqvFm5cC6+ssICwhmdoggzSf8BRDVcGg6seaESuRmEiXWd1OP7C43X
W3hQyw+Y8rIBAI7AD5pWQ0XmthdEzI8tgn4llXYwM9+qw2peQxR2mfbJPbF6d8H2
zrJ3P9pZS+/ebtwGfvNjpBXUbP0+cAS9mFNMZ+OO5IRtu9FMJv+vU8zJSRJOM5o5
zHLGJnF3zFqYy3xbm0MoDj9SnlHt42bK16sQJnDFRaoGV4/vNHuZKLsFacXWlpHX
e5zGvbTDi6P7TLk/d/GRNCmgmhAZ7rzsPa2wrHj8pvbuq9int6w0LsOyMnSOfn1s
85t+D/9g+fHho/RHjzc3HEdw8T+qpEaNDrB7IvqG2elDyqRk2ko8/V5vkLo447rC
dKKEYSC/rEHXzcVirg5FysinRfGTJQ91ltrHjuRIotsil+QHn+ABeZA1EF+vDFuG
XCPWJ3Wunou0Nb1dbUdFG3cpxlMw0St0XkmUm0UTL7oRdWidwWE9+ZvrJSSZQPwJ
l9G8uCfcJACLPnC1bUsqboBAUl3mCZCpW6MatrgGPLBmq8IofMyrQXLN53KRtcAJ
fANYmcu2KGQrjkEltDMkHxPSKPsTZ3rzVlnKxE3YLhQdV1+GG4EQTHaQ32HEFPj1
QQCURMmieXN3KXymt1J2JgFeGJQXptMQx/aE7hUmSAwCz8gEaGFRcx8hqtaR7Jx2
+tI3/VBHkNzxqe6llxD9GNhQC2VoSKxjYtS93g8N0K9VlQNBoLnwQ0MxtGkfw1N7
PRFwZIvIm87f6SMGgs9xYO8CwK/6D28MHdgng+O5JFhnt3nOZD6v2wQlJcp9+jPx
Q/TjdetuV8H6T8ok+yHyqupCKrYTAKCRY8LYPIq2gJbdT/IerNzpiA5iIsOkT/XC
unefsIL+H8+cw+Mv7DA+CRMGFGCzwZC4wCAZUK1n7GUJC7httpkaCeX5kHrxHhcE
Vl6GJbr2BaNwCtnTAFaQhknN+eETqIzMzgC1TuK3FXY4iV7ahUYRtC9s5lXBCpS5
Ln58yCen00r5rF2VYId3L/mKgUMhvq9+KOIOrKj2Br2+3qvgPWH3K+Iboub999Bg
o6dDWE1opHGT4JTaELBEXzLbwF+cwHZx2EhPDn0LVLNe9umqtfkNTpKtcsfs+OE6
O9K6R0jKEZvRk/TrRGmVVcnKpiX7vZhpTkiAPB4TF0aD7FYYx7xtyYkn8WfteHKv
n9whblCsKceEIpfp8CVeAcHgOG4j5oH4fZv1F9xsiiWhiiVDxIM5MhrML0RaDLEw
IK7ADo3L6DWR94FJO4vjc86wTVcuVhcGHHTflzm/m23mwdkeH3KqQR2OTo+GrjXI
C4WYBYWbdhY/GfYcGRUVKdHB4T8PY/dmg/IBRgRMgPYuqCqS1cMpPuXfCKwQM1+t
PutxQrQnv/Wfw0xxna8yrD05P5hnwYdugvt4At9DrXrJyFEE1bB+pg5sTE/THaCp
YG5GfT2swzwc/VRTZNOhymBg+uF8F9tO5j0j2/piuGyx93yUALtj6rs/DYUWEKt5
OBrqerde1y8XnbbbEqarVXREe9XYIdJRpoqE+1ZcLGxRKW/xZh75z+rVqOyujxg7
JbRCBgARh9ROMUQd0/zHuSAk9KksvczFv7XUBfdIWCKwqZIUhKzUNqKDdlA7Jb6v
l06ytkfBXIP9H93rkt6lW4DRh7EeBDHF3L6I0pojQNt1ohUbAtkZ8LAjm6EYPy90
dudsnFYJ9bH5GsUO9MVdsimIjYmSO8pvv8swwc3OMlzEqfd1mgfBd+1MdZc0mr7x
0s5qhT6FyVeN6VmCj7kYBcYD0IEbwRj/+6w6lXZWwy4UAqPQWSixShUs/bt0vomc
owt2/C44RYIPLavcB/FGqo7ydJQ89z4pexLon9PjAlh3jz3qjuENAex4ln+LP6Ls
mayRr70pD8bn0lM9tYY2H6bVGR9LyOaVTPj9203pfVHqNEwRviI71wSLy6h8O55h
ckPYPp2F+XXtnFre9aNx59P5cWlY30puFSgyIXyPMtdHy4BPH8pD9nCqNllFWpHn
HGUQtRc9ElUutE9Bx90ano9GQD6pC6QGgfSHAG2sI+Xg6igdUmX3lBqDqdwdm6wa
Z01bQvokdsY7ayYv15sOSw8dz3XyFPq9V/qFNhkzHqHSzLdk3XFYQQgSvvCFVZfP
9seFCa9jLPKmxMVzXgakct6/HeGx+BXhT9EKsp7+wXcNfKNVUh20c/rRAteb62EH
tuioXzCKtSLHjefzucjwxLRagZ9DW9sh+crQ/seCYNvcuHTFRlLyKirziFGJFdVL
qFkD2gIfPCCh93vXwxh0z/e52VmE0lV2kyNCSxVfc4zQPXyeGj3hNhzLPEtJ435d
qGWm+9bKnPsSgY2fjdPZe/QnOM7FtHQJPgV2xjTgFTkykeLBkTD6F6q/hC16+WYa
vKDXfmnUkatSfeQz1z1boiy1pbonyqvld2sz9vvS3FnncSfkBn0lcjB63Hi1mXt3
oHz6XGzqHonAOu4nLhojp4hJyZxOMWn46POFHHb5hx/WnS1OsMDpdup08UMkfvZX
3TAMatTlWvp2EhNtRPChR9UmT8RDHGRwedWje9FaePGZo5CMQUn7ROSR0BFMlPq5
2yU3rP3jG3/kLrVlU/BJac0jRghsR5UA6Q31V4TUh7FpdhFl3NC1qraa8QzR8XWF
FHacOtwDbFDUWA9KD00WX82ZMPkhgYcbFO6iHVCa7NHJO+T6To2O4oXIkYCw3Pz9
lf/0v3lAojqQfAzzYPVg3ybSnZ1C2ZnJjN9UDO+Rs17HoTSNEagWpPyH8G+uZA8E
FWGQtQSjYN+6KLrGiUFxXEKH7jhw6XQCGvwRQZ85LL/KVxzHWx/NKnOmsvNrcFQb
/qYlerfk/ha+xKj3yP9X6WhmWBuwxxLyosSJNaMshwkUpXp9Tn2gceaZPDzEarH1
YFXW8v8DEFs5w8HIj5AgdD5WB78kvg4ES0rdNVSBSTcFDT7inSgLmIRGzoxNYkb5
qzoh+2cCUpV24fEN1PKz2XWSosf8KKkKn0/MU1pASpDcqTLz7mqPHEqdtTZ2qLdq
DIHI8Kes7jFUXvUnpTMt8NLMEDld+OyrLN0FuIMRITsgcGSZImntBamtTxWSr3oC
auWXh7Y/gGjEgIGMbLRBzKA1/lSePYZqfVXF4cHAEcmoDI9wREWeHgxwLSKSLfc+
J2ZUHJWaSMlDeqRCX/260J2BaitTaNW9jq33/PEElXEkXiLR54/neGQ783LgoepI
vpHN912tfG5GYI4JTRSIMJ3GvSI/Bna6DPZMo4GTjd1ldivLSJBcfaY8ay7WZ1Wr
Jxk9xADT4scX1/8h1WOgPwbVY1KrjBhCpcDQFln6CVeXV3e9B/xuacCjdLPJ08LR
lzNj63KAmYMgYxE8u8EbBWsE/6EECOHQSvRTm13QKDC6T1THBqB+yti6+U5njl4i
9FksAnVCMOj0r1LbhWHOozGMebxMerywVSnAcqUkcet3wh6IAbTF17GdyJ+ahi06
GhPUHR9lhShKJcQkmWfAkH6+McUAz1qfUG9UE+Jek4V0VY7nspUjPOO4UhJyU8ul
Zb9rckFH+OEDZW+6mfNqMSlKnvaPUSCDwzlBCVHWgbyEN7Ey6RwmKrrpZqUhaJCY
YUj3fBxdcG2cM5KevUzCa3dcNuwqHJjuVLDq7XDTvpBaiXFw3G8oEO0qF6J9SZ76
bOclR1mYrI8ZzfPbnm+r5gJgECAu1zGWZOzlYrLqGKIiZKlomY1wia4lzK08X+jB
nu8u5TNe9EHvXOBo7+K5zTM0+SCbOU2bVRkH+hs6JKCz6Z/HfDrRT3+z9hYIZr1A
aQsvs5p4y5EtCUfzEZklDJ71IurZU4NI4fSM14zAm3xr7dXzrc3DnSWbt0mVnjnV
32EZ4O5v1J2K8xnSEIV5ozvdX19LdC2WG2Pp05rFcRBITcLLry5tLUvJrUFQ9r6C
4TOK0YAArLSGE5rVNzLvAJhM465iU0C5ws+0GZEyORTZTycCxHsG1mlh0TbDAUjy
0D7oESL6bW96uTL5ZV3wjfTIt/3cIPBG040xjEdVcVCGUYTqFqxeY6S1VImUFzBy
1O0K0MXUOiklbuni60bDCCgdqn+5NseYQd5HRUkXmAcaKW6Xo5TGkL3xQgBZ/jel
ZDlPG0xzCIlpIV6EH8CX+kb6Uzum8/b5QLhPBeZXusOBKjmQe16Zctk7ER4sRjpy
bVx1Jlh0H7Xoln0uVdC+xSmoMw3uuwXtzfp8nNJfbqlbg74ZgGcNbYw8PElG31RL
hE5MH06H5vZfVZ9Cb9TWZNAGx2zPDB75BkCDnC1tOs1ftUTCe++pW4e+clCzLpom
dBG9uomeUQHXscqcgHp7NTf6Tom8MtpxkghwVQ7LGn75NxhNyIToIXjpsX2gpfke
PTUTBM3ShioK1CXiOvjapSvn0g4/rmDQZE7Fk/M1zmrSgFDe2u6aHqZq2FfL8leA
85hZW2Vsu6ESNXPan3h5dl0dTFpHsSVt1/i2K6klMhYD9zoEoR8E3wMQCFgWZctz
z86w43k13hobDcKhxn9KZHWR1NLIwKNkZXojJLdaGAb0OT4D5EfZCFGIm0ZBU8YV
JA6vODQBapvQ3Gk2A9djoKPaG/6x23zPiiFNpqtQXmujJj0PYp2pO1yINv7BXaz2
L8JorUZUxHUGEOfAsnAxZagwk9prXYLZEBjx1NZWO3E0ILTZ3Z/44DaQMciuvfA4
Qu3NG02iyuiRAKSnpCnZl6blU8O2OUwFU1ALmC5EZXzQ+/+sO1t/dfZRdGjg8Btj
9pRIDnHqqQ4G7zHCNszcPC1pV715jNzBbdkWC8gySoubPLl5mTQskVIW35TUZorI
SDfYzH9Wcby64YFgJNWXc/0EkSXlVq4OarKqPjSCJPhiewqOih+GDbMyMi4GMOeV
b1fgm+en/QiwhqRys5B7n10Bl7uz4ZH1P75ShBMZP4FgSMT+XXW8fagrc8m+cYkP
G1Bqr0lEO2mQJGQTcIQcRz3zsy1OBhrE3+iuppLXi7m801o4wv23QPpLlkGMyVQK
nnvDWk2GnOH6OJuif/ULRznywiEL8FrrrNwV/ThH89eWK2iJs1eFg0Igr2jbAb7K
lMZHyJMAwq6yV0fSA0CJlLkBIpwrYFPepN8d1/br92LrXRIN9c4yo894CcbOGpx4
7BV+WjreDE/2vBmWV3l/VMAYxZqUjQo3a1sjMBTJTX7ZhDvboUqx8hu7HnCs7R9q
kBAX/8fmMg4TiGNUl3Z9n8kNmpYKqS4xHyI6R289rrdvKDL4Aoe4H/U74OTIaf9S
3BKuvvN8lahN+FuMuRZnqlfBIuFJAaNaR6k2HZ0514nvziccTsW0mCaa3wK3Iwwv
e4jtq9f1fZnOPsG5fcXSzKAztkkGn70MPkG/Jt+2Lv3wDW/ov2JiJ76R/kJ89psS
A70SF6nTx7YeLeTAF9/9B7C3P986ydZr8UJgLdPNuB5uWmE1TcI1+ceLGE2+KxjM
3jIgdvUgaXsJcjW7PTZ3KexHoJHmhijQ93VfCkOPq8GFPYCR/vw4V9eY+JyAocbn
KwzbY05tBp8DlzNONasT/PPuyCNXcIWpBlYWfPdYUa9Cj82Yf4YHK7DIAogDmaQO
dPWRspNHyP/9lgOzxTqrp6tNTtTjww1Ul/QrukQJmM42hLsT/PwX9+lv+HOBJVj0
lzXeCvGAEedeoxrEJPAdW1I4knHvL0vZUD4m5TOa8xDVDv2AMbtb6d8DN4gTFlsJ
Xws6OnhzsGcjJr+RLxlzNbNR3/8xoSzEqtGEhpSLHXnBiK9GL538+CpGSboctNYD
ed+nKmr7SKQltWTs4oaxiX+fTljm8zwHgbRy+9a73f+t996lTuja8EIZSTWIuWQB
FQv3AF4gZRoHGZ9aPW8sM2+ZyLQRQ2Jj6ptKzer+wGR7SAchjoaBdg+dFAAa6qSK
X9K2RwmaHDgdxjVbOgrwJr+YdpgcgXAeJnDmS8KMoCzeCI++SaJbXyPYVvLAYc9A
YfS33feP0r56DpQo33JhaNPOQ4DXQpRQ7I2OAssE7zd0bwQYnCoMLSZ1dvy7qs5k
0fqXb8/3NQPKC8uqKBlha3D0c5/uisVzHXsMWZU2xLXN2Q2CEgQy93LeSASKFMgP
OkOmNeicQoxqhSb6NHu4LgKFXsOOng37BZqhXRPKDaSmxVk7mNJI4Er5jjoexKAa
DHiC+DZwc7VLEw9nctaNLLRYi8IRORK0KqVKcZe2kdfE1RQdn4ef9MQrlj4zwGrL
5HWNBDHWkzeFu3p3HVcY8f82j/xdP5590J5lgHRlrY4RC0Zvb/dPkYASDy7rmEhJ
4FqN/6bRJypvDIBDnZ3Txy5ZprEArADgfMaR0kHUFq+5EVTDA9rSsALJzrNFTfoO
KcdgcjMMn0fdrNNZ9C0j0KC/naaM6hBxUiAtqZztKTMzELuNIML4M716rF+69F6r
+LiK/mSxrkHUy1KvU0cXCS3zexayHkThUTBYgGFStjthLe8KpUEVUQ+AN/zrm1NB
HzZzhTZd7U6Ehr78kp8ePNKxWKc+ucGdwJUEioHF3+71FoJLvJXiOcwauFINwJAM
ajAk5cBxQfGNKyfHNHo+oRCvLal5Ka8negRTYVUY0QhdzzQEe0hNd7jNw4jgqaXS
ln0g1qsmsSizfujXLZG3NhNfeJxcuJ7cw984VBHNtlovix1ht+JRwjNMAnL6Qvew
BfbpO7NzXScmQ55E4w8lCGNc7CmNTU4vwS+UlDHI/vizLGTPICz1+KoaTwtR8f01
0R9zq8ov7Uf/FS8iphhKNA+YJo3Bap2QqBgol495NRoSq4XW0nioyUTIKLVB2Pza
aH4OqjwulpLKHso4XJR0mbO+osUiKWXD9eAACWaG/dLuyy7iUajHi1y3pwe+al7g
YAXfLIw0QHK7AUxeRXHabYdoD6DxNrj85t8J66NVipNOE+CRvz1g4lXsYj4nBy3x
OZ5V4z5iqkmFlR8XfTl3Xs4jhJ3LuPOGGe5yTWKNjAXdTFtEbZbqFbimpIY6EN4a
KJFZln0AczPY5v4to0ZXkqX7Qd0uW20ht/HX+RH3k6ojpkSw8BwgktesaRyjUcCV
kalUkig80MzX1xGj3mikw+vrBqMDHMG9hM+6JHO3UOb/iaqy1LYArqXZlLf+ASBb
tHUfMPRYPkvgC9OPguqzrZkC/R8xUCnRSyU3pT2egklM5LxUNqVsQAzNhjnulKdD
cjY+xLzDV5cCUrfk3q1/dNA4mtgVzaH5Irmfhu6283iIknfri45QBef+ZkXP8GnB
e4VAwwBPNEX2IGOcm9ANdylaWuDBxHXJM9mrkJzz1UUbdVJ6I/AdClF/J15+/Q0f
O/pi40u/1W/j+RxWTs3bcLyMjI1kF8IB7mI7P+fix/rMd8p1uOjVoaTotB3QGKYA
1zjvYizf6STsNUymYYhNfI0+DPC6R2TTi08JzMSHoNAYXACvdxybJ2cX4R1QAE9+
0sljFUnFbAaxpS7HNpukT3UuC+XcyK6l+XXpUzuSjMJRqRINSY8XUdOM2mld5PCl
1TEHaMbATwOrrwa/9uSSyi3Q43HdvMCbJay8D+dBfEZGWhYa+cj2RGN8PLh5v5kS
6AoGd80W2Os/NSBhPUq51aL5m3Bw9MZBuK19EFfD8gEYJ6RE+xrcylNIoAg7Q+dJ
WDdwlwrsoIcvkl6bxuscmOMtsW8R02lN55iSgduh7qzfgOf1ei5NeZpvii7htsPx
MF/gRt1LEd1ikwr4Rk87K4LsF8YwQgsMOewBhwQciF/5hJHQcwSFnBhifjRAbOj9
n1Pnas1b4i6JRvEuy462uyjQIx7ax7M8KtYieE8ICQjyofmgb0yjiu45sukwwAA+
ObyDKM2o425tMF7H1cghS4CjoibRSlnIg1B8K9bX80dGcSm4svtusYzjZlBGDifx
fIT96CAL/+ZdW2NpQvyEVbdDq/TtBOEqbb6BLAimBs8ZqpYM8S7Qy7qBTrGCaJk+
VodHT+tgn8Ix5P+EpZ06MWyc06EX+1ymAbeCqaXBmw7CEpv75VnTcYvjjxJewl8P
8PBIrNa39Ijq1wtNA1R/SXxxm4P4YeAhXY2jwYg6lNCRKbWnc4ZLVDTHoW8ZiNe9
bcU0khPBmSfqF8mw85AWOE0MT7WXm9PCJPiwICCf65ZxDIAsMS2qTXRDNrloTwes
5Po1Y+r5a4N7LsCsFIjxlSANudc+bULMBamjxA3jPaFvShgvCzkkzoKeySkiMxtt
3CohHwzOFq7EcAq1dA6z9SlH/ouEP5UIZF9ghQm5KWKUMqsR3Ep/UVSeANsiNEfC
tQJuL7QRczU1U16keKOIteT2D4bWiek2gFEdZ/YZ9vx79zgCXPPGpkOTHANYcvLQ
+L89AZ68zwN/InAAzy2v5UUOipZv/8UuEiH/9/4mMXCbHkerEC3Ww1BKcuPZlEPW
zRqHiyZ3h28Ef34N0AZelkTNk/ZyA9ug0UYNX2OOizrVkSUQjTCq8H0k6Qb9jdK1
QDfAJMgjRX/PjxihiXKnZ42UsQHL6Py88of+TiJaTUZCBZ8nNcVBCXtLQZe2Bzkt
PSFkv9TfowQvctzRwA3BNpFuC+2mFfp4jQ41n1wrN3WPQ7VeMfe5g9/rmebV2Mnj
rT1ekaa1Pp7MXl9JV5xTjf56tS5jsWlnpcDw0Exr882LFhouIBmq6mhlv65r3Cwd
o2foUolAhIGree7FGoG5Qguqa2fqTscy975+/YHJMuL+kIlcyYRYpR0vIUtfcIJI
gJAj7IoBRET0njIEdMZ6C4FOid2ANsSypgwooVRd8PqNZTWQtG9TBxvaeljN8z73
95E6uzSyMe+HUHDh3Dds4/h974Udm/OJMaHeMVhJN/cVy7ZCUjECSVg4dMyrzHjk
hT9OZ27b06uACBP1dA0CLkKFWuItM5fQa70I39KIRLQlJBERYPgtNsVNrOjTBs8m
xg+STj6kkzmd4MBkbLZtYf/sLdXVLjsjzR8O4YrH6yRdwLt082vE6+SeQnaZJf1D
r03erQjtSJsdz6jeXJEsvNHs0BY/GUGJt1HrP4sp5Km8ASk9tvh6z06GOUAdGaMO
b6tQQTtHSyPZBzET5pHtfz6W2Z1xmJuVyuLllsfFuam4kOiJETuUfQxl8EZkSIRF
h0UslRm+Qwm06lhQb8k3Ok0uBwKe7OluNd2ggpvrCcNxWt3hKnVzzfK8j3mOfvlT
rwcraAPgQTPlFm7kgxM1EZAuUz2zhkVjUuLY92qieGTJSTGEqG6p7qmFuwS4KVC4
Mf/xwvTmu3DLIIFLvsFT0V6OC2KmJpOFAYJkp4+SFYLDHNnSTAO8t1iSjuRThfb+
4pmAR6N2CDxE7N8KClne7fge6npfabSK7m2CnRixhuMtOH7X9m2LLyLJR7BaIGSE
UV0wmoM9fRuRS6YIViEgYDqmdlHUYFMelyuNLsCZhT164WfBRBuA2c3fGESHUzH3
BppmiHiPEMfdzWVH8ctjvh/lvHPGj8d1SQhhlyl3QDjPP8789aBmIC/qjBF/3+BF
ouSzAz8vElOD/TrKLzlEQd1D0UnLOeT+yIGbhhFntitSuukN20bo0XzI/TxsNzZL
qkCsdDXjnsRr3UAeYXI6KwhZBbj4ZXXw0tD8pcVR6Uo2qrAnIjmAILR7K/jwcq79
nncmHCI5cgcIfzKjT4LpHPR5v4JyJSo7Yc8MNZ6GRhQzBco+1ZYJttVJ+SgyyRX3
wkMWgMC4upMl9paRuz8a1c7ky4Fof2h7Adt5Ra13XvNVa8cRvzrmn7LfjTpTW9Wr
lg7aKO3+Jkrbtiwfb8tCUy4N5KwkpIwoOKbCjXtovCnzdC6GGS3l/WhHcxoCof8b
wRvsnVM44h4MfZfZkJLSQ7JyRPRqs7MBnVoRvPcu0dw6bwg6cXq7Qphd3gJ4doWT
epqYbh+5O3ZHnuhIuebx6ey+f5oyC3ESGsyDkdCWq/ks0gWIHqHMOsR5uPvS7PbV
E+zR7B2KMlLeR+DRUAbxBnVKLnKb5tWVpdJQ95PkzexUu7+zazBC1Eq6KelcQvum
AALmgnVpnCBrY7FYranAZudBkIZEhPzIwjKe2DP/+OclZ6ZL/6dV37T5O+zMZNOb
NPBM7yE/fNDY1DwqgdkfJxlzJiFDN+FIDzeNR9bA0Fp5DX5MY7N2KTVtosqOZq05
fVLXw7Uw74OphaqUvsH61CeovXpKsf3BdpJPXAkMELNa9l6dYz5jw5N4VIdHuT3Q
wbYK7MNVFD3o0x4gt9ITq2rIem+yAHOS1fESnmkClad+amisFsBiqPhtMjAb/2w4
0g8tnaFXLW8QJb986j+9lnHqW+8Mr6tzUonsrqJxGcItvAKcj3Qks51kOFJTywau
/xcDvS6pEl2sts/Eyhx14+MBlkoc8faB/HhD+mUFl7wSL+8U1++5u2uAICeI6vA3
xcKUm33g1nQBVNcKP6W8XYUxlxwN0B0cWSdyWMw+o923VP2foxyqE2gOp3sJmggG
TcSC8kpIoRLIsZKDKhCgC1E9HP5wm3SHzJ6trzQ0gKTxVI0NRm3fcbgRBOpdmW+w
XhGdxyrnRL0tTZ8JUFvvBjtDoEuYQEhUZf8itX+D4bwRdfr6v2ohJth2nQdL5mFs
cm7xsOC8OJynoHwq/IV0067JUsd91A9ItuhGPnROgTh1IAYZRw/2d5EpHlvYNgoI
HcBOCmFGzUjGQfnmOl/bUaBju7IUeDGNsmOAhk+eBgng0pFrdtvO8JtCQwSeqVN4
uRySrg7G52ZhoPtqx8uiTZuBERX8RcaU7zjTzogpMWZET5DpsfD503M+rm9260/n
nyHbKvg2NlNAQZBFn/8Pvx+/eky5Wc2LZM0+NVb51ZgPSM38PI1vSItN77Ltnbnl
+PrvS7SMer2r+cY2F5IVUlqcRFQ0hFlQYJrlVLLh//cvDW9FgufYIF3BzZYjx/do
Sb/H2zcG/qZORHTszNCUZjvCRst64HjRGEbjmIBCSTMRffz+CtDYuWnSADBJhmnk
631SzSiHp5yA6vpZfgijUuZEHeJDFfqmJi9Nupj4pzUd0lNQ5xxBD6OxDfV9lP3i
DAQfVUotvfYaPqxppaEgYZrjSH07mGyyPV0pz1+zlF44mZjDv9D7+0r7PL3lAP9x
ct5cXhCh8QenFW/Td8XaZGJrXN8EO26T5uIFfUGrfiL1q24oMlne7kJJI90zsRtF
FCbr/T2wioQnr1RCCxQDi1ifr2hKyp9Q1Qatpl+8oeZTtc527F83+BuICBKYKsLb
UjnNeJUmzbmO4v6e/KBHTghX8PxeB0WUt2+65Zv8Qrv/KvItK4ep3gcrQK/HTRfI
rGKj6v6DnODp1U2aF3sLqw6bfX9NScWvNrkfcNLaB9GOz8IiM16dA1WZ8nJYAaEc
RZ9r8+WxekvIpuI2fa52uvnT12Swc/3+43y+YZO34USh6lfhUtH1nTLevxfjKzpZ
v7DotkTvP5z2WDk+FtLnysKoBmh65PQV4JhZofVaGh4FBKW41LBZEX68tnhue1nR
M6mzlEooUFmr/zMYoCjeIjM9b6JrXpxm/Irvp83bUe+hwKapWQFFz96DlDh5o17O
n4ijqNP5YDVCHSNq2yiqhvAJeOfUpK/spEjzQ1e85PF/be8nzQipeC2kf3UBFjF3
cESh9PW7FSLfGwHb09JzqTVBFmz69iZD1q/22zZL8yeSABXC5rFxuGyyMcKle/9p
C7o3z9XXtbVaTH77QthekxqTTECGNKOuzUx5v7Uga2hDHwOKSA+a1p9iwUfwLPhR
bRQ6RM0l7MK6KYtmaA/dtG7SFAvZm3BUYEH19SkMntZxv7fjrZrdIUQqpfxEaktT
kxIuy7MYsMQHyGW7q9ZyXnVGmfJZKXyefQabzaZAMHHFVxdTzqDB2WHDACfa700H
IwNeFokM5dCKkmKjUQL1U1FM2K1k0eNRg+7J+wPDIfi9/IWIuxAPb0Gx1v4Ifn30
KBsHHigP2cBnvgtq4ibfI3+8aT0ZHY1YI0zpwiabe0jna73u4UcT8c+kzQJWPvzM
6Y04rrYBufKLp+rNJMtaNLcSLKw8XmNmrtZ4XKmOJLocSvG02Ybf1azq631CBG+V
hFSKMcO1/89jqPDYES29Edgt3LuFhNr5JfkcR6hWI+ixYdU1Rd+NQg2FZMh8/WIM
w54TK0Fu4puKtKOlNZAIB6KS34rPGNwtPM+6Ecc48pUefbOzk4vLzl1tsymaxa5M
O7ZiONnEv9dAG9jJRaAPX9DgoyZ1fr2U8vUxAil/UnBUwcTGpCfR2NBdMusj4H8o
axzQA5N5yDaGuwlwZuWCGvNNPIoY6Uqt9zQvjqbXTModbARCtO1Nuuai4s+I/G/V
Mta4LO/znNFUxoP73EzqEm1b/PV8RrI0SmUKIoCpsYvP7esrsDwl4RMyAe6DZA+I
X9wC497VB618LX/csZ99b7DRUqmAthnTgNeNtx+69hyWZlkrFKas+nM12VG5h6vF
uTaKcZeenTgGAVojae54QCsIC6Il3xbwLgwMbMBecNwhXqB2GafsNtuuxgHcREzB
RvpZbL+MuxrFyJo/PopzY4SuieUlhaKpRuKg+syEEQG8aQuauJRkmXFaG1rDnQu5
BNJIrVKIYGm74D+U6af/4A4Ew0KcrA9aX4qAMyTNCK3Jd3+mZUbUT92bVo5aJvTo
g/tMEaPZgT8vfCUXuUVQzuXQvAZ711dwK0+sX1s1pp6Z1PIFChGCbv3n22Zf+lvf
O9Bik8fOnui+bTHx+1zOlQRS+7F5OY4V6ack9JOiVoF91oDShfxKik3dIEXD1jfF
bIpu+jXPfyDzF/ovnA8l0Av9Q19HxwEgNF5Kue4cW9VsDQ6GwaOxcosPmOtfHAmw
MiJPUPUIS9DQirivPjdXrTCm6LKyojDx0HeR6TA8wLhuDqVY2NOTaV45i68pG1Dj
WK39klqBuMpZ6YLV1aPrNX1R1jnyFbzh7OSRxoQ8cXJJmyU+x07AbBRIe/W7ypJ3
DnJR7C82VTR+isSpEO6YaIZJ2p44MlXtCGVZWojinVYEmDflJTPmwU28I/ywH6MO
utBsag8LqTbPcMV4ekBzlmg+20/euYj0PA42RqVX7mYYs1GlslsbJVGEYp++hMLt
c/Jasd9jpanCM8PML5Skqk/rnBNuL0yFn+7TTXqcq3C23JzFMQkIjnOGqMzEl6V/
YGUFdj1tSHrMpu92vBKfSc9BVC1XAn6994OVAk7Hv/p9qZ18li+z74lGp3KFjdti
LNHozFAR2jFqeVGmh8CDVgNZpffEYMWeQEr4O2mtoHxzNOq4E5leczDHGppCIht7
g61yxbZbjBIXTH0zRrWDKG5Arv7bwSomOlglOY253knonYrcYPnNLe7CZc/lDPj+
zhI9ld3UrADRDKdcn04sx9TAZiJ9bvE7NzDBlf8bQTkGrziWXuINZ7KgjKQ3or6/
p577KECaNFNxLvZSnfjGfff7QLzzhUui2lgOEPRGmZV/ivQY+QebOcYgzBjDsp5l
0jFmOwH7YlUo5lWs0Y3Zw7Jc6y1dQnHM5wW5dqxPSATUC6s6YMQk9T2nO+xdXlmS
oaHEoJagxJMLUI+OCZzlFg2BTCKVkmga8f765SDHu5KYpS/mjBBXyM5sxrscvmpO
1X272AEoLonr2RTH+SMerB5pKYO/0pID4hHSB8ygTl53jZpeRiSYWeyx6P2O+F9e
eBWJfRTl2eHz/BJlOyBZE/iKbgq4ymvQstQK6t1eNO2sRy+f2d4TCYY+6rOgp4Q5
XS3cfDO+N+KbbFtJI5wKxbjubPkaQbz/4bU0xdMhcwoPVOdzwmP+jDp1zcYc8Le2
XiJwGNLnihXmoKvo3NeXB9VKaGM+u2C+HkGpxzwhpabEaTNchuHwVT1N7krmP1fW
AmwMbKuv8tMNSzKLe0DegCEdO49lkhoy3pI0i1LG19TqsqF0q0RDNcDqkjOVAXzK
E9okeW+AWC5SXh40AynoQFQUEWD8TPTELNWUlhSWwRSpa19Mqzkk/E/qymQM7kSq
L2RNzoLPPZqMzxfgZQTriwgKnXOX33HFWy4A6nkNR8ms++VVs6u06YhMBz4sN7wj
opxndnO1dFir4C0QJMZgooQK8S+gTJFclW3d/KIp25TYtkQ+RuZgv2OetVgDhBf3
HT4O8elxHaj0/9QppfoZbT7Vua+VQsSWh7kYHB8xa73BKmgXx4VL5DorrXAOx8z6
hvQDuM/bQukrYIvTnRfQNmOT3SkNiZ8CqE1xuu2Xi9jwBS+Ky183WefjcBaTH8AS
ahR71LFy0ID7/wA+Y0PdYRiAG99xT9ymXWa197ApJ4f1Zf/cjQ6TpY52vBo0aNmC
9ahl260Pz4uaPBRc46bmnPDF78zlieYT6B6MeBC0RH/zMQSjVBnRA8roMRXChRC5
01yiNsrYZxRSZFnaJfLsVTcdmM1tIfmjay0XgvmK0zyVBhYlj1Wwfqtq7O5aIWAV
bGIWRIFqdw/sgkidAtAynFBgR87UKDUVrQtJnXp7Ozhb6OCD7EkMNJP1INemOV4W
qwC1XkDEgLsJI8Q0MP+VTCs9P1nwHE3QnRVCGk7PCfD+MNm1ogr6Xwn4mF2y8qoQ
0QOaqvcqHlSWu6Gl8Cl+osqwOLK9kg425JwFn7dbUJTWwJZIwu8dnuzDfLXXsEIQ
n9sdMFWZSP3zxN7889ZgdZRmelwsQ/NeZUYB+flIUJOlv0y8WZcsQ93GK98pHO6O
CkiDy6ooFvwl0fC6ycQvGiX3213lFcTkHFofgXvG6jcavGzX5Lcbnmyb77f/WM7Q
sRganVlP5/IwCHJlN8/9/fN/e1GGkHSY+Sj9l2sM9GGLWin2CJFDGik0yAXLloDd
pWtK+Aa6j61TyTcOayavPZFFnxic3/131361eowL7xVFEGRipv/3/+eAqUeeQeZL
RnuRdAihR73180+tAfUD/e2f49Lcksnx3KLS2jMFAnUwemZTDBi614eGFh53TzP2
2Uf5IbmSqIXCkzIqwf/tG7vMkGW+m37rR8/ssQuft/Bngm/z1HmYVkzHf0KR0NRa
P1uq5ISbomRTPhyX+jKduk6F7wnXC10+byLZEQAprpbOKRuCUt9hb09aU10Y71fm
pcpvtiz0vUlcGf3kHjBguzqALhjAVPrmAhW0tDJDCrpCurOGsMwbQyCkuWBvqilZ
hTGjDhm4v9G0cHtCvHA0Y+NzyEmcLLNRkjIKcZ3qaAOX+dWZjOejvD5HgJ6d4zUh
x3Lx4UIXjt6LH2ZpXiutUhfmgAgtPODFzP4ZqzAZ86vA/aIOHQgtVVuA51qRjOCG
WOpFTKXSJ8VGkN80Mm+U2464D++zWPLU0VL6VoOytKLtIlAZMDeXrOgUr6Mg7zUY
g2ZlUuDIBn7h4UIp1yUGy18Stqx6syd393i4vQCEuUYxYizXO5RfvWBRMIKmyTls
fUB0liUgdxW3XxFCpdKVIAAYrZpNhs25NnT8Tw9ZOthRtVThKZua7oY63HLn4jFp
Z6NiteV3Si564pvyNZEBcaTfLh43s6e2Q86Qmt99IqNQHhcAOVnLG8yzw3TYSvXh
ias6cIZLYaqhrZ3S2blrL43Uh4+JO4I0qb75S4VzDqiAqcPLymw8R72ItiCZg4Y1
O53cRcfATR8166ZienVMuPcxJ+ApTpi0MOFQH7sPkcvXDe3yE9Gsqa7ilQbCPMc6
vLkAPmGYztwg/gQVDHvcNebXp0dkj61dLvvm4r1NqrUQOHTvwbvI8y+o0RFv8oVx
KY9isx/1Pf2f2G3V22ah28OdvBx4xsyqieD/O2b0yqg/0SjphnykLGbIqrzGLVIS
dNFB1pGAb3NV0CcPuybdPWF9B+j07l3PozLmDeI+CtpUp0bWq2qGw60myEEct+E+
mTlx22Fspd8b7rENgyrUe5zbRHkCyFI5mnMmCumUf28A1xXasYMKTh3xxfSkhlUF
94wEnkTTAjRPwEd2nqLD+bV+VqGGMmmdJWTYYgTt4sKWS3nhEsLNP/0dZepqyvBC
qyCm9zWYCdsFRb7SpjSkpyDTt4dehhiGCPrR7Nuhya+Ozt+Z2FX63WTTaoFhJoHq
YfC+nCzgrfSAwyjQCy5XupZ/4Mk4exZ7XstLnixDN8BuQ0ZWkHnJEksLzndP3bMa
Bb6t3Q9M+s8ylspY7CwqrPBeB07dCZwuY1ytR7YdCVgLLzP+O4f/N8XhZm5CxhRc
L+2iivQ3I4BkIokvOopLyIQdHdZ1g03bRnWf0xFW4NCKcdFW03XRdX22JRyGLwOj
lTpkokUMZRUcwcWenEh9MoRtH3WojnvYfNhrjyKX3hKgygBhIybekLF6DJsKDm+u
etEuMUccqUv6Vaalwkun2mT18kBMj4Ty4wSCLpqq0ESXB4xXmJCdYgFX/MqQREY2
n04NhPNdDx6cegGykKN2txVL5lPMuBt5wBxMCiAFjQjEFiaGKNw3u5PknETDXfeJ
NzUkI8p3VZQbci49exKeUP5D+LbUXwYIUQ+QHNRdvZ4tpZeX3vtv74FXILxysosl
okuJn4SlbOi3TBVLZ+zH77wSUjtzGMGPFCqy90tHb4S75MFmAOKDSLCQdDlhyu4a
UFvlRH6l+7LBl4nziUl8U1f9iGpBj/9ihmXR6BjQsREGcS0azx/aPlawyyOWe4FE
Au0mk58Mrf9bDsKXrrTiesYHPo5H9U+Nn6TFAtwAjdum7V0ksqyOjpBwDYnw5Sft
7rmLJ28xL7bOo8IG1o9yln4zBj2UBCQaoe4RAWZy7V4g7zj7/Rm00Xkgt2czUXUZ
TcJAg9et+7zg1deLXQdla4r4mg/918tu+D04z18lhIXsyli5yy3upGJS/NqCR06G
IxKbQ2ecQubIBJzFld70lGWGZFGLiZPRzKZaAqhWe7Pt0V83yrdwPc2Uc/uzSvTj
2IjXrL6Pic42++L/JU0DtX+kaWLpv3H6cX1b05gV3yKzBDHvYPqxWyfk78/j++Ov
72Fh757KQxc2ZkuoKfWVc/vFZYYXIDIVUOPWtUChgJdLdcuMaOyb8fgv01RG988i
X20BGbo96KO51uzlxYsZ+jUL+sZcGnQ0Ckc4jxMRy41O0jPO1LZs8ryT3CFwzGiv
PqgCSZz/ZVJMz7PIp/2/pp/N85iXKYbQ9nB6Po/bGGy9x0iFpHO0ESnM59F3ynsr
Q1wWfMyRkOC3ImLoZRuldZIPRcvoStJNRW+IAum7FmynRLBtLBxhBAbXdMYQ4AAt
EcOIbcvM/CorSwQ0cIXUt2h0EqmdprFvAOJauu5I/DC/8dfRamn7P6i2Q4j5/KIm
9CISXMAxgaT0Vaf8Jkyb4c9X72uo4/HsueYqxMk8JWteQ2WqHZ9quJNhnO9sNeq0
1kpTT/fF0G9TreZRaAqrp2rtdCL5m6Kpd+34LINcWCco1tgqwDKiXFWRIcVbtZak
pwfr4j0MYaR+JocuRO311AP8hzNAwCHQzy0VaeslVVYG19p/sp22Go3aIzrgs3/y
1BpU2RlsWTAtW8WM0z1iff9JvMWJWqaoP2cy/Bqa7uJgYZzzsP2dxovm5/xqBbSI
9Od9AZvm5CHOlK8MZ4j2ToAx1hkkUmRKYc743yIHKLl+bRHbNulaPz5GXym7RHcM
E63svaeXpLUseixktYkcksH2nghMCpKvgFAMUIFY15NDTviJSkXN6HJeizXW4OIi
cWFcXO2qMUrt0jAyIDUgxqKGZ3A7xh/Tvd3sVU/Zvv3+fi0Ha1GEJ68KkEdFMutD
lmURbkTlDoADTfBDgxGxwXjSWdxYi+gm9xM2vkgY4Pomx1S+0dWwQZywamBuaZYd
fL229bINjHKpVt7y7kUqEWBO3HER70R4IfWyGOuIZRYslhY61KSV9MDgctEmrOj0
mSMnhRw7/gwN/O9y9bmvOdcdUDQYkWVIxAJo77t3+5UXtrPCLwC6Qk+DIQc07iHn
H7/AKi32BlBruobjLh77OuAGT3Q96PiHrlPxpmQQFsnfjwOZjoTBt6iT08hW/43U
nPft7sf8MGYX/po+fB41YixnMPRPxa9EYrdMRR8ZBGbFJf2YzDQyZK1q/eES6nnc
0XZfbmFAq6jzjIItP7uKgtNG1ukncrjbYCWdkWz1ydkMKjjX8C9Cu4Hc669UeW5W
oHsWRuo2I+qutCMqVPTfn3D9l6tfkK3GyMrC3WYnA9uSYzbmrh7SiUHEOroChxZx
lRRYiaoyE36BCMdVqsKxqHMDXgMo/CajHhl0dfRYLIiBxWk6nqzRpLgXywYd6A4l
utERsKK/gjwbJQPUkTNGcvZsyEZQxaQfILR6135Z8+/qaH4mQhduELlj42K2Xuhn
UHwWrGWZ7GXTQlY8t17UY1Zm5pcxU0fuBotUxE5i88LbURsBEqF0N1FYQQEc+gst
AUc5nM2Gqz6zQVvTcqNncLxlPGdhFyZ/3AcfEKDHL5Z9TW1hKSLbiTxll4VmfS4H
bXldC6tfWcYmI7UZPyeUUF+J/hVyJuAklAvTVvyF/QhojQ5ELUNfUCxkyxj1k6Qe
Wq231cufDuQsnPllu+nxUPmpp8U4s2CSg4ONgdJBHmUYeN8ZmIDUM8dNh9mvEdTy
u2zZMUWvY/0VMyuRC43MBn0dKFmJ3rrexH/sF5lHQ68UOg/UBMrOsYE+ObqT48ga
GCPrznf0UC+DOCDzXxX4A2sDUdQjDlrwbMwmg9GPPBXaNfs8fMrH+duQXa5Dadfy
gMTOvbqWlWN/sESX4yihHMB59E6B9z2ZO3FXUUsaKmyCyfZghUbqidOkvcMow/ny
6TrS5H2wMRG19oU/pHFwzRzGOqGbpZ9mEnqeNQqAcvr8bsL/EWo2DGEOECerQroc
Mfc9w/F22m0HVAMnsBUDcAOwbXl8ojDkr2XPSuIFccH8EYIIY9ER3NlfhIQ+DGiC
BlWBx2OpBTKn/SCAdBh58ZksnpZYICxhr5T75wZAgPK56dGn6/i/RqODsDxiL3gD
YWONjG7es+2BsvKYx6fHa3GBVZELtRV1UyKNOV8imw3RDCYS+2Rmu4lxknm4P8hH
2oqrYGP3PodzUhLagyQlKuWdcnfGV0lRTRWUZj/K8OYdCq0xi6iCBQvC17cdogip
qQ2epTOLXvG5YtDV5CWPP3MkjXS1CR8HiTjJBemzJ6WE0+JMVMJwYQmTXmVT4mda
wQTV+z9QBfkKahvQRQN/kUJLkRZsG/DMJetf/1BrIAfntIqA1LP9nEGCayOgmLhr
qKhgid7dBgTAsMsG4WiLmWSsT3cREG1cYSHeRddiq6rvraJiPaXs5wLYKo1n4xHj
Vv4KXwYXhYy6dhZWoJgZ2j+USL2y+Dminar81XzSEOYuCuWJn/Vq71QhE0tkVXiw
vDq8cY2JnKEYUbSwVAy5/CC5wjwQ+MJHSdw2vE2+UGbsg6UIrfqVRcf6sdqoQnpV
Ld/DX5QZjvwuDqvOKIyME5BQeddwmAupK9SnZ0nraN/2SvVzDO5j3+M7ghSK2UAu
R8A8fSSrHBjtfDDkxXkSfDdTCAX42tzr+HnkQWdI5tOb0XWpws9xdzf0ZBZ7hMtP
Unv05dMzok+U/jsUxoQzjh76+MnheG3dBz26aspnBsWCz83nxO5lSVT/1HI82nad
52nXg6W9Eo4yxm6sDuyiwVBgraReej4Ax4ze/phP0Vf/bHo/0oZLUv8wqgzH245H
q72IUC/YllTEZn6m3bX4I20sLu0bu8FU1KivTwSjFcu/4YfrWYS9r7b0+hUgZ++U
Sn68xR+UG043weZAPQMTpMETp/y3g9rfEHCiwRGAlNjCTDJcTMHovj8Dk485C0SL
uktwjGTO8ipbxUYYGePex+Q7BYT8RCz8YNX4r6SEVn4LPLh1vNaHj9eeLlxQ5b+C
DZ5OnWA4wFGLq9Sv0DkTIevN0TG++lAke3cxDvj1KSR3FLcXXwSIFFkabUmjelrr
n0d5fxiZTEXbUF/jzD78SvyIsJ4bDkKwwEJjMcBvatNKR/WlIKIfBQptebAx/urM
KYH6uZbAl061U5xt08MOWPe5ZoXpLUeehtJpG0TwdkYJ5x2gySqi6ks7xqJMF9wO
6diEz4rbcQpY02XqrKCCDvpO2j62axdrIsnFABY90I229d2rMVDxaeAzDJvUGGpJ
kmEuGaxWC4cFKu4ZU4yCnh/VbAgeEhGVdMUdnvTQqkLX3iBCsg/GXu8Q3dBlD2hm
NBh1+h4qmQfDvmCVQe//MYvfYRHiDSlJIZadYvIcbn/v3B2jtv8H93tQ3ptoZcsC
6mMZLJoXhW7VlQrt77gakGll15sPQAA6fLj8IUVzYbNkpnMQ54E/I6kaZU0oM8N5
cEIWDcwMgJnAbHwwBuTZo3Os4oKu01kMaU+fjbcb/5iOAIzVYXboKLgJoDdcvzy6
likI4nskamWHZR1Eh0vNrybQ/DQExDRjNniok8bA4viQRCvjTut1trxIEyHYLG5o
dvzndN0N2RL8X56LWz/1DYDqr47kOYXRBHCHOvgFAHUZ5rs12xU25W+69BJe0DaM
/8FN1G71xBT9AvRrbVKl4V1ULlp4K5LDMfMZj36phz0HFYdlJshl2rCPcSA1ZqcF
xnQ04efyGxM/6Y6OX0AHuu6Ap/G4rjggChGgPTZ+Qp+0zWuW9dT91eZMOYjLpMZZ
LgdjfIQPzEvDQjVJm867rA/Le0Qec7wNIbR1q2gu2x8bKvlhEXojsG+9MP6cD0NS
bftXwGEtOxJTWIgdGN+FB/jwdkrPkt0SQcAHIWlEBvnTEfJmwrv43sIWpvEhr5VY
DoK2QK9KAZGTltInhubbvkgen152sz9BLwEMSiZ9rebzveaUpS0YYWo9ZflN3qGW
Ey+WrjT2MCKOWzLFU9LHXoZTEjhZujjObRwhluxdPHfkWt4nYcKpHIo4Z0fsr4VS
vJ+xJkZWGuRpteepup0ag4Z5bqAUM459XySFCryzxAvpWF2lCqcX9YdO1wMXUnqp
eI7L2bfr5xyWzhDFDpwFR/SXs/zJHyzI+4bHIkZ5DAJ+hruTIPivgAEpSQz+MNgy
7k3TiKkXrokazlpfX0HWuBFByKZXLN3EZTDSGHW5Qq6A64Lg9D0Gp7BYrBPsq1Zv
gjMD6GqMtvGXHkebXwe8duItkZ6Av5pE6zuTfpdGvao+KZ9BnLhSYcKX+gYIotmN
1SiyZ636Ix8FhhaoymNlZFxCRGfF0QfBTMRvX/VjF8G0Yx3k5HLNwCJKwT1gcZtL
1lpihp8EQOqW3uh2al8MqTvadRlWwdz+n40ztM0tto+8J5yCbmE4/Dk6HolFgObA
msRCtsqeS3L+HQecL8Q5Z70okGbM4lSMtBnMKQzZyHKBhUE4A7PZ9ctzNFwy9NlE
Rzp1QtWCxmvM7dL07cHcLsCUjrNNrF/z5+Nt5tEEHTR9CbN7uJIKQjsOFnwL2KCD
Hqa7TJByODQGMzNc0gac2dHiq9pRBsmMj13J/eBLvsGeKBwQnuoVcwd9V/3Rq5vF
8vknaA3xSYB/OuiMcwMoGWa0wydWUnGWWCPv2vDO8H8CHYkFkcIMCP8SgO3LyhOb
deU1WlNbq+LAntKaYtF4k7r17ft4Nve36kfoO7VHVJH0UJqhSFMgl8zm+y+tW1/9
aMg3trGspb7/dbiJzu92uzFJ95oePfSBTCgaxjMSnZUntdCmNYz9wwJiR17LZduJ
BcRr4Cds8YqRtRBbSrq1gauftr9zlowoKUBl7iwlxaslBZmHGng0d3oZdYYItNek
jCNf53CAc6WAsG43Zt+emR/Jkj63HuZguyPF/TjhGZqgw1JcqRQ4c5aHynIdyANB
odIRP/NNISEYYnCWBwZgtGOOFgVVc7yIyQJ895xcI0SJtNi3sHuDckE7fgZzZZMN
2Uqt9/aH4MBJ4d7tr0/iZ9uPl3NyEZ6CFza2K3IFAyKfIsptaKe8COwj/Gr+Cq7S
sQcSX3x8lQD6iadGdu4wJn5qVuYHfxZSLB8NesHgnVPskTPgqwlmCDPwQ8yVFhAm
Jg5BiNFZVYYt2pf3n05Yt803JJ8jJsajJuCkOhMVT5Mo8sAHtja55wDKcNPp5zxC
8nzrdgH363SpQ+UU0YcA1ZKYlXfPo7K83SOPXJliRLdVP11w14IvZuwS9vWmT8G9
0x4sBBR1OHFwMUB9CJ5io4Y/dUDmEEEm0pwJ8Wj4ChGu/sbFNIdoiWFyPvOYugYi
QHRcQ8dx+LBxqQxuzY/hbmxBCNGaKjIyWplcxxNWKLIeYUFMcZYGRXTbBMxDkwtk
KjTzcYvViRkojLdVzenkXLNQfzgAvM0aMV7NP19Wzp+xRyLRpcEosNnItrdtlE5J
xdIz/gQ77MrvAYf1hkE39mYA4g/a5flRrSYxphELTzSwMTrMcXa+P5syfcoHU6xg
vMT3YrG49wCJG8FeHC0AQjvUgaVnM1Wux4LHPy8iFyJKlLjZ6L9pXzuypEJQEgaw
Q6uVcGFSOmp8NGp4DlB1madjPnLZP/0CE8N8sDEPiuLbuP1prdOIt8KJ3uxKjd+u
nGIPMrKJ/Aza8y6hKnvLNRHawo492Cu7ckOroq/qn5NR39BJadBzRydRcQSVu1WK
dyz2p1/6cqvSiJ5pU6En/vGDKYM5OOz5hsu9N5fF5fE/egIqw0tmm7M1QuMN0AfP
+f0Z58Okc/AerlEZRB6m3x0ukmuEh6MLr6hqceY6ZuaEAlKONEz3C0LvZRW0Nyk0
nQjkplJSRk2gueJj9OEOqhZjk15BS7/L5hM1GXHqNcw22aj82RklXACtnVJqkySV
ThVy45qYuyn8HZFki+dtR2ccZnxcBIYt0k+7xeKAj4DZB74IlazPHFr9IqSc5WFb
AcA1XceZgqBi7RDtX9La4ski+JzRhbkvodF1FFdO4RxoQw4GJY49XuDg9PhZiUco
bHgcncJ36S+reXin+9cM7FmLaYCX0R1R5AbdPzSXbd5fwO0Gm/GGiL3+7VlTt4bx
tJMAtgMvPHuh1dTC809+1ZDB/rYUkdGEIpkGh1LIKitErcWOicVyb8dGTB+cnffM
FcN3iEZ+qJx3sOocTsF7vjc5feqMRXW8nsKfC7cO4L3JzvFZxOfWdyl2gMcQBXA4
znZ+mP0tRgca+Qcyl4YNVlPx6rvPHORDfj1T51n+sjdfmFHxHE4k0a8l1gLBtOHu
yfgvxFXZTnPzN3CPHbHtuUqfUJWiM8FHDlI27aRc78FLpe86rnqkV/H0vTDJlglP
z2QFnREKeugnnISgVQIRNYjo4VkaqW0tAWj+EfEoCFBXGSPyHy0iBZDucS3iN44K
DPvO6pLQzCJrPK+CmevL4Oy5+haeKZlH6YiKQ3Pvt3n94fnGUge/jMI0cFMo4P0b
M/+hsXi0fnynNNm86gmvHeqFKHOAut6lJozs4T1OqGtWbZbftTZ2CrvtiywaePEc
iTy/1HiEn+PXPuLgzjtZp9mcDt7xCy5Ho/T1DGoELa1x5l5vngx0tJ5BF+EKdYfB
iIOmlTV+ge7ZLtMKoDWHT+RpvL8lmBVOncWS0KfgYZr1JptfHKOymow7GtgsUe3Z
cTAQESnJ2tQcrUrWvByvhpziDcQbS0XiLDoJjA4YznVTV+ydJMWA4slmdzTKNBvM
5bNSVSh+XoehgzoQnkilbi0SOhVJx56wq+XwOHPDgLZwPS7XjK1KKxbTXTtbbYUN
rRxq4e1ZcgNFRqI9huVKlyLnZsuotzClpL2+lVbNqTeZ8bDrCXIEzcw0wz4LDgHy
FPRoLUhf4MPAn2EMvUKYmiBmiiVakf0MJZIjFaH0oGulu21hD5T3s1D4e5aakt//
V+1EaePIR2tf6ZB+kUkXrxqndiO6b2AM3t11EC+ksSLts9PqTQVqVTV+s196i1vS
DE3QAtoxLHr2A7j2DvUdtaWvYFAviY3KcJsDB2PyR43zkJKYiTmmoM3Xdw64F9pQ
Fg1jRg9/mC3U1wnaKFccfGMONYPRG24ht+1uLIdsBXK5orVLe1pbULRR/T3vBl0s
KXG/UKwXudUaokBuIckaSXVGu5bSBoYgczmx1lt2JK+4QF9mng+YU7u6GBaC5h0z
BcjB8KsmxuXrGhGfijMoAwIKMj4oxy/u9kLXiBvaSV4esfMRRu389wZqZqw5BWe8
oyo6IJ9cN5dF8hKj4UTpBv55aHqFqgZiPkGqH6f+UoypasOBRfngL17nAjkbJie1
OiVRju4nQQXnKMu00WFfKkxgZd2M0a1efogSptazyL1PjsUjtHmUAlo3on7O0O5j
GsNeEr9EvQgD2s40UF7sJTcN+r+/Iotw44iiYO4yOj4K5dDN91bdfq0fqTh36fsw
nESBIG3htccOxkSP1cOYkMwlVr921mxaqGBuqFIq0GgMXDp8nw2ACuEE9Hdt9PfQ
L4IxUdPF4Tx0O0+R+AcKMmOrQQOAqOsHPvqHWYyrvP0S9iWIezuKdfvJHF9+FGX9
Q9WIc6hoRpnOduDMV/LlXLAZpcyDQ4oAYfd0CvVp08IcMZspqZiDpoffEy/fPouO
DczC44arGunryMh1qDmN0K7akHXPGLWcL3abom8+zbmZyFw2OgtlcKj9jxN10z4u
jj52nVrTYykIeZmqG5gacFrIOozicR3CbqjC4pk884/Vfw7hydf6Owo87BFc3q4+
yKmtooANQxvo1MzwbRmjCEKAjpxDOQjNgBk/+2eRen3kt+XSGa+I+DYrTbu0/faL
gSpHoPtai84Qej0DNS7mhhHB2m31EKJ3hqjVsPkgZua4+65X/9wK4NfZknKRW8Zc
2ChfASaravJADr2XixcfhdCWj/rakOjV4T9jmAw9vJh49GKf4Ecuvt6oo8zHeKlp
sxjJefgsctf5THYGsKf6H4OnaNxSloatm3YTCPzouDM8zh7ZWlnQ8LnqZw9UriMt
eVpcKO6Ha4QC12d1EdvUi7m0MgVss6ZZXHuyDA2DwkbbajXJsMS3rej7wKvU4t2W
kKbfJvUUatmL1a6FmMVZFEoRjxOC0HDCdqnyZNEjQu3Ij9IMlAyRLivhodYSeZRr
skdfEObmBmPBEXRRUHe1g5ccPFE/0o5M1uF4/cr029Xx0njkCEaSqmUaTTt5MECp
HVhs6v4rhNCrfTeMNpchg95djCAZOux10Czb3EhItwn7DkBqEBV28/m725lbgfRp
cYf8eUXnoUobhm17s7khNs1kaATnGzyFnaYBgxpVITbRDR/LCxRbSiFGzrZ9mmVI
9h7yEkjKpcYomWp5ibHmHADTqB5y3CZnCRMKdeLrdlKOt1yw7u6OTtpRf/pOdPi1
lM2+wxtznSoHH722FePgC42xPXgjZrtRvW9HN6p5EgFpSWklJI8PTGqNNonf7VGq
rEdwVnBiPdTd6UVPGW1nqEvm+8Oy7lUIBBeoAQ5fMDLqkqO1HPPGQxKym8E0Dgi9
FjhDNl7ESXh1iMdStxd4JfqQ99Jd0DcBusxvjkvUaGJKbjlE9KCb2e5l4aw9nIom
tiRy9D5EZl5+TVOApKrWhF+M3QrCji1DjcUgpVY8fugfIMDDqO0aSJvn8DC5Wyjc
SgafCQQYoU9FrumEhVZroRfX9b+AX9PXO2b3hHMo8uvT+oEDVAqmt5nNMo/YB3m7
kYPIRC7I4gmUZL70gPGs2F78JN3Cjw3a9+Sj2huKq1eDghb/75BO/Ce1Geuudvkf
m9j8w8AbbEJwun6RBZ3ZJVQFIRcfMcSEE1Ze8jj2flHR+nSH/4568x0c/8AQRcZI
XtQeyHIW6s6FGXwZN+HbEzWO88UXIB8rZite5vr6kQhMh8UxTgftmQR0estVjJCQ
0n6Y51e22T52PX/35UqYguehcLf+Wi+Mo+0G0sr1HrtrGxNdHLMJDMqVQ4VT3AMy
I0E7oz8tpMAwlClJ7h4kALp/8t9I1pG+y7sbJ5kEdu4o6wG3rTOLcD0GLV7ggSDe
snFfnuOOrAxYoHw8JqhxPHndtmkiOg0/zjdT478pIUMQqLtIJMS0Rl6rGry7pg0T
RKg7980n9tUTZb/A7oI+v9kf4w4rM/w5zvjqRdVVTWgxIObUEztx98IvCaxXbAqt
zEydj2p8rsvdv0aF0cXpl8wodcsPlZ7gS3SLgT+gNSvIgSQdtY3dH+S6rVldGbMd
rydYLoN04DahYx3tpIyexNcmpOuaeD1wJXMvwDNCDJg1ciozrMoqhYxitULNgAW6
vkLWsy6TnSfO2cncm02FZPAIM8kktgI2dgTOkGqYZZCEcB7FnWCONrnKnaxtVfRE
ykehVxqUtirpuB8gJL/jSx6hRZ5YiVJwwx6LVYA3lw0fEggX0fiRe+AbABNwcY2O
UEAjF+7GWy73M/fYruLV1oHL+Xv4yFl0OH2MAY9eFitep4QQHBYaQcQc7YJRoHpd
iogAY6xfFmwVX4nmVYLbfZ16qh0WOfloMyMNQfubdQSkW/L9l2ay5H77GNt4oM3U
n6GHLRPwD5bRFqF7Im9WHdHs5FcsJlb0hO3YWvUIn+1yWL62J/GWSQuTCk0lh1C8
YfQiyVt5TqHihY/Ue+8SvyEWQGFYBY2GlyhWS/umHKCBmG8gKPubjsQcVhqo2uUH
yCOcr6l6zc+b90059Ci+0TYAYsiEI1kzsBHS4qtrdHnZOlWmPiPjG16qhrz81jVa
6Faq5kMiCJDcM//6hYb4SAoNF+xqLeoYPRGS++3aADwzlkCc9aZrNzJ7eyA3Su0d
on1B5dLUMuAl+ChGTc2T9pz1//EIKuUFB2AwtwAqYBrmitYc9Y1Vw77uAKogrGsE
/q+Y0o22oTpIP2Qka7ZcDzvrn/IuHpPcyjtQX71R4GJMlZG80xXgJuOx/QGL4uBK
aOdEHPk1Qb/UH46rM59piVONbyK1bRmV9W14LXcblkzdYYjNQ5WyF7PGPkbSrop2
yaNG36W65QTwT1iPUZg/fsdMT1nuhe/yRhg2YxvJxnc2hb8vnUTy/RZo0lNKxqvJ
G45pYJDsoLNPv+85g73yIXDFhywLp91Kwf7PSjoTDWhEQtFfDYW/wAZUATbij0PP
ABqgvePtHC7lqFqtu4+vwAS7A1KxYsm1OtRL2I1lTKOb2E3yxLyWbloy3dNdG1uP
0Zj7t4oo6w+rlT/8xUZNv9ckpYhO0+85A4V8iqReigd9pgIiEWYnVLb0IZQinvf6
US0akd26YlSMTYYfLzVF0mIalXUKjq7KhavL5RV7PCxmy2tJGS1pOF6PkmPy7IUT
uf+OyCr7cPMaFzqrL9Gr0eVuakHwlTMGhdFDTIpanSZF5m/ZduW4O4sFpHJaDzcC
4xTDU3+0KQ1F0kt31WpxhgYgEoeqLWPhzAcKO6c/5H2BcPaBcq54YAyLFVHwUN3i
3kPcSvs5CUgWWXAdPOZMNOyZnMp3FpaiRcaRtNuLDOz9l7y0aL4LoiTayIhXS0AU
RVnoAZjEvZ73qFfYfBv/DPPD8QyNG6HtnNdPY3WY3nQr1hrdOQc1xaxGgfc12ITE
6fh9nULjQRosnXZlmDrxOzoi7EArGMT/5h1OhvY5CKjKj2WLWCkOmWI2HPMXSC6v
dySJInRAVCFm8h0EBBqtpUE+8hdk8/4lwBpV7HoHqri66maqyf1D+3eJ09PdVLdj
ZDME6zUa3P2uD2qNbawAlgV020pVBdoHjOi8usSJGaRLx4SP9oJKmgdSkU+c6hxR
Kfh3sMqkdBgmtyaSynuQq3EguJn0kVwo/Yk+gLUz/zCp9S5wo3+bR64Hp06FjG+j
5OhDU0ih3LAxjvsXpKVTT6twbtSEqgJRIPOwcKw1IpQm5YjvIHSF7NVlRR263oyT
pZjT6deuJI0k7Xw1Lcd8RUSzemX4bh18lonDFce80/DTdpfFYMbacpZR7b9zRr9j
3oHH8ruY5nwqr2GCRb4B4v63fWbMnDr75AJ/B/XOFfUY0p0M8R7ERLsu6eP4eaF/
me+Dp19jEDZUH61GfK0Lc2801iPQMT3dUKEIZZIHKYggf5HcEK866jPwP2Cx52vw
YYnw+0QYSU5z3TTgHmZf02qNVLQvSFA5XnobNVXYSQvl0o5NyTlQKtiyQPkrfsf2
k0bo1mMgYol8cnxO0R1WQ1kPHmmTeOV/ZcuHgA3ejuv9ljYor3MnCmonmRc9sNom
Jloqei2/Ga0oR2MkCrSKbBWf0+eD/mTEDFdpPbg7JCpa+9VwRxjd58jLjQuY6QG+
YD/DP74jUbzT0ikTptrKcY/5zegIxjgR+06U59pT1VdspgWlQijMzyIt79aUIeQq
AfwIq2fBN4p1Xhlui+PNF7OIrlMeXNzGYJkH+xxQS9SedjPdr0/xtDeULcYLr7Aj
C50FHvtkYkcjBW5pnnKcdpVxkzg27uiUuYpJf/HuyEhjVQkMsc4qGkwYqpGqKfS5
AziV8Ua966d+OToQmDGzlBgKhgSqnLxYHNnm9mjs4OpYKKcrzUACZC1s/RG/4/2n
hZoARiSoQ3Qs15Z2WZt4t3YTwqAZXad7P0reU3Mz5Dd2Ryt1No6Xtd+bE69Ydleq
vmz9sshnx8/AduyXTXumTHaapIpY03GhsEjwVxxU4x74o5LL+1F4wWBHnq1e/T9U
ZRrCdqtHav0BSH1h42boolwleCfpBR9eTR63HzMbt2WMxBAJemx0pGmt1ZcgVP+4
VUhsb7TM3x1LLQbB9TDlkUf3dULfzlBqWAplrTM1UpSKC8/ZNXZou/FK+isyb7CK
uAYwan4OP2XB0atbg5EiWePR0c+mx+jd5LBqThJm817mylq/clg5evyHtjzvQLCX
OrZ7wz72eOdIJxzIRtdEvdAN4r+5eIBeeyXrDOnqWNgLeSTzJ7ENUZnBvFsigsQW
Ub1jYGBWocJ4atwgo/2n/PVWIRCfX0rXnD9rx80cBfzchQwEHyAorlCc1CnX0XZk
v+uF55bZMpNN6ko0BiM9LJOyaITspDnFgxKHIfeue9OWw8m480ZVW/LgxdsHL/N2
UD8UYkWxU5L7XTs/INKr5UdBG2QUAZi9JtpNrM0t6ncefd8XUYrMNdJdVzbKmk4p
QcVRGntLufHzMsjZKSZ0rJgRVDxSxA2td5mxaB6K4u1TzTyqThKjBxvLq7JmIka0
1+kXDE52/v/CqPSFyBg/cwd8lnyufktpIlIBni32p8Xypi4ifrtX035D/5xZJNj0
o88hg1xWNqOA+17zfnu2tBqsvbSxGDEL1FesdY0SmN8XnvXKkgRFWf0YWZ9EwIuO
vdDDmUU9UR1jnyHBjnMHUmBLUDaejf7+EdOUPnJLTFU8rbYfxTiZ/mKzhxstL0FO
FO0kiPN/JvczJPLRMoT4TmRoZHHY3MnJxzjJWpnuU2XsWxeqVITBiYaugIpLZm5O
oPJ0dvbvDgOROIilfnyYwyILvPM0LGNsgw1BXBaK/MKpSyJ6bmyqTsFh7CwJWJ27
qPQ+LHHteg6yF0cbVAD5AdQSvJ63VZj4zyoUwWIryezLToINS1gfXAG7lebH2gzS
fmJV1tibIn6DDI00h0jUBS0x++HOr7nU0qwjBhe6ZHl3gDcmhag8W6Zo2PO3a9os
BgY41sBOdHTBqS8sxGICdluF8DLimJDhHyIHGalyfdTtv/b43hWEciXPnJ+LoV7L
CGnnAfQu7MQl895NKcpXpvo/l3V7rCkmQE9ScwKXIWxt8VCEGqwyfSof8cy0dfTy
flRq5NlZpAl8XNrdM99KE3d35SIlahWPCTTjP+1nRXcKbAzuqHa9+MHEmXQ7zKOb
oKjD7eiSfK1J8RTG7cA68j3D7FBUDmNiKkV1tYgSC4kAwqWp0JpGBZEZIqRp/j6e
A0+ZrtAiTDfLaRFVaPRwLyGKbbsXrhlWdPSA99C/V+gwfxvSKafHDZESXIGY0SAQ
HWlV90/aZP559A/HbBwtHEfy7q7ANrhUQ9ZrPcv4ZPOPMcuugFA225XFZonIsfvy
0fPCYkHxR9amZlsOUfTB7CkzMrisEx/6drPYBH5J9x36Lcn18r2edSgtc7o75gaE
lezxiPjBuvYyXcuX/KnNhS2wMJoVEqqYiZs6gvkaciPrOWA07zHxhoKV6w8WAsC+
8z/hW1dgGVCrez2dkzhlaMfKg9jFe+je9A/Hd/VpOwX93N50qCnQpmegSXBxW3X+
sCLImZCXH4f0N8LkB0FbcF2qTeiv4LERIuTCWSnlhJLrAhau8dE7r19Z9edk8bc6
1prg9qMAe5mLGAGzDJTFb71FTfyutAWrZpBrRabiDqFYPFPHz+NeKsy8OtZHPPqs
Sp0A1CXV1i1Vz1GSQmrQtDJeZCeaYRKZDvMbNln7qp6p3bG9G5Sq8xs7FwQoYa8a
DYuWbG/U5Ja0GS0VIi6Si+hhMPZLh6Vv9zo4uLXphGluVlPFbsrF75nyhGov7eWq
4NcNTVDixEkX59/jOGE3mG/+GeEVW2QFQ6Wv5Ztge4JssWnl14i2mmzhd1i+sSi6
uIn8JhtT0QX4wARaxNOqDjzuH64NkQr2sGTTrQ+9FSxJfbYzVpOeK5AA6PjyJqNL
l0PHv5yBV54Jvqp61Uk6BfNYaKcQq+IBKE2kwna0DW0sTJZPuKZR6qveERX38uaH
IKs/vmBw+7qJ2M4CuZz3H9zJdWLs1s3uC6DF2nRA7D5dnNwxSOq/rh0oLvTteu6j
aqeqrrw7GRySch7pzyD06TaBzF8EepetU4bSv0rUNDb8K/aEky3Vv1wFrFP3IrNl
PNeU0WtxwI125g3ToBxOdewBK0C+YDobf/eT7jrYhK/sbc5WeZMjGrgC2NeKeySb
zwP7Ltt0kPcqr7OYmocDz8vGsuUL3TUEnujo4B35QaxZsygs64iQkWsq/FxnA8FI
zrVT0FEr8Ws8lo/IphozKA8EyoSjZK4P427DYYDjgJnj5juyfBu8vrRKmo2oK0S4
E0h5y6Mn7Ud3ykRfqAm3995vrUFIbsUHvv2AtyglSjEmNeObiHeHVVBsY7LtUjVs
uWiazJtjZIjSUZJ5JpPENgmIsDthnlK2nr68hTFoJ8HtRtthNCTVyXXnRk/xpbKW
pBRkpIkkoBYrDWa0YwzZldlzVGpJuDCe0a7f5+H1HwAPW1UWTxP0bz9Ty6WhuXZx
ZmlcpWTiwqzFBtwlxg3XSBwp5ppULAd4JNOa+pXO/Lp+aYVKvf0ISYHgbhknS6sf
vsRTUonvsL4AtQHTmN5DenGW4gZUOE9JKv/uwcS4xWznpf5uZT50SDXxQ6eydtZr
0omEzoUk22XHekkkNmZn3CvLl29VnGGLgyNY+bM6yHJw07kSTERXb7iNfrShJnJ7
gHCSx9tHzaubgOZeiC6XUi96+7a2ki85agdyypoMp6s9KiFrCw/1ms6LiNzIES2l
fQO1hpNIcUz0GegfViQo/rXgZFbmZk0s5gT14ZkXKS1wvHyzOGvHWRvn4Y1LP2oz
1fsPxgZTFYk/eQfkK44VAVhTi4A1EsyOYu555U46AY33Vif+e9xW17PjRevnf13g
+2xuUz9Yp8xt2Waz12AbOLsYhgbpQ22C/5tKVkhuVIUzyyCDjn3hyq4Oslxp1/j2
YI6so5nZ4VMqjm+S6P8y/WpKTJZoMjLdzwIEuT8mt4BQBeSjqMHNMep2xysok5Cl
AYEDPQX9uR/4Y8RhZYiz41F2jwHnNJy9Y+hjqJn65AEbFsalsdzpGu0PsPeofBdQ
cfqHioxDAEBteeinUvsFex/sJZgxKfDs+TPvECHqx9fS/X4xo6je2fTtpygkgT4X
+ePkvNYjwEdYZw7wh7w8Y11UDOUORMP/W4q87CQAiOS1DA1q45nMyGlIRt2gUp6B
O4olL4EccxfzZVRtLIv3mbjh4Y20cXfiMQ+oRMLURNfdYHNB+H3tq9ogEs7X8XUJ
Bh3kVIi5n397U6Fxff+m66oeo2cuN6ChfdQD38fWAGjwxyBywuxfBqM65qeAq2cF
4IbnLpT1N2BRdW7MvMr+f+3nHxUjzxv0ZqP6n3sk1ZCBS9OYqBW17ELGZ97INeCn
hrWVFspfHdZJO518COMLcZPeIEi104LkXq/dwH+SdiRxsRN6GIjZJi7g5osKnB7E
2+CjksLgF8iUXkDBzzAup6rIjask23PTcOomECl2uynnuPJTxsIJQHMrHgYW/vPz
UxARPpV3RcpNjQWN9P0exJFxzcXpQQ66RNuHt9K75NYryu2g6Vyz/2BGOWbScsHF
4eXkZVk/P/UJHUaCUKUJ7+tRdR/aVqDXhQIGfBurfyEQXedg/dDTj/R4g9+2uG8q
rgqgvojdUda0lfOzS3OJEbwAZbwxG1cokcs9jdrw2ztqYdFg7MWx599wUNkmF0V0
pm5DjE9xsL1cczgqQrxFqXs6gV4bsRXuB9BxgjOZgN5l5TVCFKoxKCue+BNCwy+6
YAoG9W2hF5y97ZcZv6cV9pvUSuvFQiiRzmhmTrV0bNFoVRpo2nR26eX6H+J0/Yxh
noH98CmhKVh3U1Qi916i7zY8ypbmQpJRQnFLN/5of0zvJH3UolxNdkRK8E8xGP4h
9rLi+WrscmY70TEQEVUjr/gGJEJ8/8BM1lzN9QGp4vRCow2COAdncwRLSTLcQ+yH
rTObjsVPVHoLCsMR7VSBmNLGqNsfn09zD3DeQWKIVcMCBCqLVVb8A/r1m2jtk5cl
bG89tELjluOr39WOsbRlmsvsItpPEsHnQ17ZXk9EMz9GQny8XgvEd4PvAaK6zpUK
1lymUAglDeiEIsPNSf0uchV7WQfy/81p+2wxvWsFA/FUX1hqQ5/ycpuWZAlVARIl
++jMEDobarTCiZL+SpThhbCVgwKesAFVdgMJAEOkR9gXgyDxyR7wWYss5e7sWWtR
1G2MNM7PllHZTJk7vkvqOODvOjU/wLF+C6Oho7z2S1QBird/UEPpHQmK7nmll2cA
yjm0wNal9mWisde3JOyrycOaedy8X0n9DqzZv0TEMvv7ag/7kJTWdLOicROU7Y/z
EZFAdBLIefYG8Yt2o0QGJJ4d8mQ72Xwlj/8y1cOidt81lPiXz5b5gO6/kkH3ZoSB
7p8OwYQio1MbD7JYKYIkxko1sbyXdHGoBGxfEaNz1YIM75J+BPe1foaaaEQ+u/rA
OhFVWgK5h5U6OC8VBgTRMiUfuSn2cp5f+UOEx4DqM9/xrzc/L2fWTAOMtHXgCusD
rYeVOOH78wj4mPAtHME/Rv/eF2kD1vSQze9ytBHCilVhqhyw/VXgiBe6bvD51dVP
nS0kpFlHn+lBYqtfmpWrGutrfQvUU8G95baXCX92VAv1M+RG8EpovapDZhxLnqTb
bspQpGti/NPneds2kSgmSLd4VTu13Xu7ICB5WVAprSnemNdNd6pOu/fmeRj9d7fW
KySAIk9aN1I=
=/GYF
-----END PGP MESSAGE-----
