Date/Time	Green Algae	Bluegreen	Diatoms	Cryptophyta	#5	#6	#7	Yellow substances	Total conc.	Transmission	Depth	Temp. Sample	Green Algae	Bluegreen	Diatoms	Cryptophyta	#5	#6	#7	Yellow substances	Total cell count	Trans. 700 nm	LED 3 [525 nm]	LED 4 [570 nm]	LED 5 [610 nm]	LED 6 [370 nm]	LED 7 [590 nm]	LED 8 [470 nm]	Pressure	Temp. LEDs	Temp. Sensor
date	µg/l	µg/l	µg/l	µg/l	µg/l	µg/l	µg/l	r.u.	µg/l	%	m	°C	cells/ml	cells/ml	cells/ml	cells/ml	cells/ml	cells/ml	cells/ml	r.u.	cells/ml	digits	digits	digits	digits	digits	digits	digits	bar	°C	°C
12/2/2020 2:11:11 PM	2.82	1.67	1.54	2.07	0.00	0.00	0.00	0.89	8.11	100.00	0.23	8.43	1494	1673	695	62	0	0	0	0	3924	173.72	15.95	6.26	17.93	20.64	22.51	32.30	1.02	8.17	7.62
12/2/2020 2:11:13 PM	3.83	1.36	0.43	2.88	0.00	0.00	0.00	0.89	8.49	100.00	0.37	8.40	2028	1359	194	86	0	0	0	0	3668	173.06	16.08	7.82	18.53	21.32	23.39	34.04	1.04	8.18	7.64
12/2/2020 2:11:16 PM	4.45	1.23	0.00	3.38	0.00	0.00	0.00	0.87	9.06	100.00	0.46	8.35	2358	1232	0	101	0	0	0	0	3691	173.32	16.84	8.33	19.22	22.09	24.89	36.18	1.05	8.22	7.62
12/2/2020 2:11:18 PM	5.08	1.54	0.00	2.66	0.00	0.00	0.00	1.07	9.29	100.00	0.55	8.29	2695	1543	0	80	0	0	0	0	4318	173.65	15.72	7.18	19.25	24.07	24.48	36.81	1.05	8.24	7.62
12/2/2020 2:11:21 PM	4.62	1.68	1.62	2.40	0.00	0.00	0.00	0.88	10.33	100.00	0.61	8.26	2449	1685	729	72	0	0	0	0	4934	175.23	18.18	7.50	20.51	23.78	25.18	39.75	1.06	8.28	7.68
12/2/2020 2:11:23 PM	4.22	1.78	2.03	2.08	0.00	0.00	0.00	0.74	10.10	100.00	0.62	8.24	2234	1779	913	62	0	0	0	0	4988	173.67	17.57	8.00	20.51	22.01	23.84	37.76	1.06	8.29	7.65
12/2/2020 2:11:25 PM	4.00	1.94	1.87	2.04	0.00	0.00	0.00	0.90	9.84	100.00	0.67	8.16	2121	1935	839	61	0	0	0	0	4957	174.09	17.51	7.64	20.70	23.15	24.32	37.55	1.07	8.32	7.70
12/2/2020 2:11:28 PM	3.77	2.02	2.19	1.78	0.00	0.00	0.00	0.95	9.76	100.00	0.71	8.11	1999	2019	984	53	0	0	0	0	5055	173.97	17.55	7.42	20.60	23.52	23.89	37.55	1.07	8.34	7.68
12/2/2020 2:11:30 PM	3.67	2.11	2.71	1.50	0.00	0.00	0.00	0.99	9.99	100.00	0.75	8.05	1944	2111	1219	45	0	0	0	0	5320	174.68	18.09	6.44	20.47	24.22	24.20	38.62	1.07	8.37	7.65
12/2/2020 2:11:32 PM	5.92	1.75	0.33	2.67	0.00	0.00	0.00	0.92	10.66	100.00	0.80	7.96	3136	1747	148	80	0	0	0	0	5111	174.65	16.91	6.97	20.99	24.41	26.58	39.81	1.08	8.40	7.72
12/2/2020 2:11:35 PM	4.16	1.58	1.22	3.08	0.00	0.00	0.00	0.93	10.04	100.00	0.84	7.94	2204	1576	547	93	0	0	0	0	4420	173.95	19.12	8.20	20.87	24.07	26.58	39.87	1.08	8.43	7.74
12/2/2020 2:11:37 PM	3.88	1.57	1.29	3.11	0.00	0.00	0.00	1.09	9.85	100.00	0.85	7.94	2055	1572	582	93	0	0	0	0	4302	173.35	19.68	7.88	20.68	25.53	26.85	40.74	1.08	8.44	7.74
12/2/2020 2:11:40 PM	6.08	0.96	0.06	3.95	0.00	0.00	0.00	0.75	11.04	100.00	0.86	7.93	3221	957	27	118	0	0	0	0	4324	174.71	19.20	9.04	20.66	24.02	27.36	43.08	1.08	8.47	7.77
12/2/2020 2:11:42 PM	3.97	1.69	1.49	2.98	0.00	0.00	0.00	1.02	10.13	100.00	0.86	7.95	2106	1688	672	89	0	0	0	0	4555	174.15	19.68	8.00	21.19	25.09	26.99	40.77	1.08	8.49	7.75
12/2/2020 2:11:44 PM	4.12	2.14	2.12	2.66	0.00	0.00	0.00	1.01	11.04	100.00	0.87	8.04	2184	2137	954	80	0	0	0	0	5355	174.03	20.55	9.16	23.57	26.06	27.88	42.67	1.08	8.52	7.80
12/2/2020 2:11:47 PM	5.11	1.73	1.59	2.86	0.00	0.00	0.00	0.84	11.29	100.00	0.87	8.20	2709	1731	717	86	0	0	0	0	5242	174.19	19.78	8.16	22.12	24.87	27.57	42.91	1.08	8.54	7.75
12/2/2020 2:11:49 PM	5.64	2.37	1.90	2.37	0.00	0.00	0.00	0.99	12.28	100.00	0.87	8.22	2990	2372	853	71	0	0	0	0	6286	173.65	20.13	9.57	25.18	27.36	28.49	45.25	1.09	8.56	7.80
12/2/2020 2:11:51 PM	4.64	2.17	1.46	3.17	0.00	0.00	0.00	0.98	11.43	100.00	0.97	8.15	2459	2170	655	95	0	0	0	0	5379	174.97	20.76	10.96	25.17	26.35	29.00	43.47	1.10	8.60	7.80
12/2/2020 2:11:54 PM	5.77	1.84	1.37	2.85	0.00	0.00	0.00	0.89	11.83	100.00	1.06	8.19	3058	1840	618	86	0	0	0	0	5602	173.44	19.85	8.38	23.00	26.08	28.30	44.53	1.10	8.61	7.83
12/2/2020 2:11:56 PM	5.67	2.14	2.17	3.22	0.00	0.00	0.00	0.81	13.20	100.00	1.21	8.32	3005	2143	975	97	0	0	0	0	6221	174.39	22.86	9.75	26.00	27.34	31.59	48.77	1.12	8.64	7.79
12/2/2020 2:11:59 PM	5.65	2.07	1.48	3.80	0.00	0.00	0.00	1.00	13.01	100.00	1.28	8.38	2995	2072	668	114	0	0	0	0	5849	173.53	23.46	10.57	26.55	29.06	32.77	49.75	1.12	8.66	7.85
12/2/2020 2:12:01 PM	5.59	1.88	1.36	4.02	0.00	0.00	0.00	0.89	12.86	100.00	1.39	8.37	2965	1877	614	121	0	0	0	0	5576	174.44	23.38	10.86	26.07	27.86	32.44	49.05	1.14	8.69	7.87
12/2/2020 2:12:03 PM	5.58	2.18	1.60	3.63	0.00	0.00	0.00	1.02	13.00	100.00	1.46	8.40	2959	2183	722	109	0	0	0	0	5973	174.27	23.31	10.55	26.74	29.17	32.61	49.51	1.14	8.72	7.88
12/2/2020 2:12:06 PM	6.55	1.69	0.62	4.32	0.00	0.00	0.00	1.11	13.17	100.00	1.55	8.40	3470	1694	278	129	0	0	0	0	5571	174.72	23.55	10.38	25.84	30.62	33.33	51.86	1.15	8.75	7.83
12/2/2020 2:12:08 PM	6.36	2.22	2.12	3.72	0.00	0.00	0.00	0.86	14.41	100.00	1.63	8.37	3368	2221	952	111	0	0	0	0	6653	174.31	24.83	11.82	28.54	29.66	33.74	53.34	1.16	8.76	7.88
12/2/2020 2:12:11 PM	5.99	2.09	0.70	4.35	0.00	0.00	0.00	1.05	13.13	100.00	1.67	8.33	3173	2092	316	131	0	0	0	0	5712	173.86	23.65	11.58	27.64	29.71	34.22	50.24	1.16	8.80	7.88
12/2/2020 2:12:13 PM	5.32	2.31	2.19	3.04	0.00	0.00	0.00	1.05	12.86	100.00	1.83	8.33	2820	2309	988	91	0	0	0	0	6207	175.23	22.89	10.13	26.35	29.15	31.21	48.94	1.18	8.81	7.94
12/2/2020 2:12:15 PM	5.51	2.21	1.93	3.62	0.00	0.00	0.00	0.91	13.27	100.00	1.96	8.34	2922	2206	869	108	0	0	0	0	6105	174.82	23.74	10.67	27.05	28.47	32.87	49.78	1.19	8.83	7.97
12/2/2020 2:12:18 PM	5.90	2.20	1.93	3.48	0.00	0.00	0.00	0.98	13.51	100.00	2.07	8.33	3129	2201	868	104	0	0	0	0	6303	174.14	23.69	11.09	27.28	29.54	32.37	51.01	1.20	8.87	8.04
12/2/2020 2:12:20 PM	5.72	2.05	1.92	3.70	0.00	0.00	0.00	0.90	13.38	100.00	2.21	8.32	3029	2046	863	111	0	0	0	0	6050	174.74	23.95	10.59	26.65	28.67	32.73	50.62	1.22	8.89	7.95
12/2/2020 2:12:22 PM	5.78	2.09	1.87	3.93	0.00	0.00	0.00	0.95	13.68	100.00	2.32	8.37	3065	2094	841	118	0	0	0	0	6119	174.95	24.72	11.82	27.77	29.67	33.38	52.07	1.23	8.91	7.94
12/2/2020 2:12:25 PM	6.17	2.46	2.06	3.86	0.00	0.00	0.00	0.97	14.56	100.00	2.41	8.42	3272	2459	929	116	0	0	0	0	6775	174.52	25.55	11.86	29.64	30.84	35.39	54.10	1.24	8.94	8.08
12/2/2020 2:12:27 PM	5.25	2.42	2.60	3.36	0.00	0.00	0.00	0.99	13.63	100.00	2.49	8.39	2782	2420	1171	101	0	0	0	0	6474	174.74	24.76	11.07	28.02	29.76	33.16	51.47	1.24	8.95	7.94
12/2/2020 2:12:30 PM	5.69	2.14	2.14	3.67	0.00	0.00	0.00	0.91	13.65	100.00	2.60	8.34	3018	2143	964	110	0	0	0	0	6235	174.91	24.50	10.34	27.07	29.11	33.48	51.50	1.25	8.97	8.03
12/2/2020 2:12:32 PM	6.04	2.22	1.81	3.90	0.00	0.00	0.00	0.96	13.97	100.00	2.73	8.34	3203	2219	813	117	0	0	0	0	6352	174.98	24.80	10.85	28.00	29.99	34.55	52.56	1.27	9.01	8.02
12/2/2020 2:12:34 PM	6.87	2.17	1.20	4.13	0.00	0.00	0.00	0.90	14.37	100.00	2.78	8.37	3639	2172	541	124	0	0	0	0	6475	174.86	24.36	11.14	28.44	29.94	35.15	53.09	1.27	9.03	8.07
12/2/2020 2:12:37 PM	5.83	2.42	2.22	3.69	0.00	0.00	0.00	0.89	14.15	100.00	2.87	8.36	3090	2416	999	111	0	0	0	0	6615	174.45	24.96	11.28	28.77	29.52	34.53	52.32	1.28	9.07	8.05
12/2/2020 2:12:39 PM	6.04	2.05	1.25	4.16	0.00	0.00	0.00	1.00	13.51	100.00	2.97	8.39	3203	2045	564	125	0	0	0	0	5938	174.68	24.25	11.20	27.44	29.83	34.08	51.58	1.29	9.09	8.09
12/2/2020 2:12:41 PM	6.16	2.32	1.81	3.55	0.00	0.00	0.00	0.92	13.83	100.00	3.07	8.40	3264	2316	816	106	0	0	0	0	6502	174.65	23.71	11.15	27.98	29.26	33.23	51.14	1.30	9.10	8.05
12/2/2020 2:12:44 PM	6.26	2.23	1.47	3.61	0.00	0.00	0.00	1.01	13.56	100.00	3.10	8.41	3316	2226	660	108	0	0	0	0	6310	174.76	23.33	10.48	27.27	29.75	33.20	50.89	1.30	9.14	8.13
12/2/2020 2:12:46 PM	6.15	2.07	1.59	3.60	0.00	0.00	0.00	0.93	13.42	100.00	3.16	8.41	3259	2074	716	108	0	0	0	0	6157	175.11	23.18	11.05	26.85	28.92	32.11	50.41	1.31	9.15	8.08
12/2/2020 2:12:49 PM	6.07	2.73	2.22	3.41	0.00	0.00	0.00	1.00	14.43	100.00	3.17	8.41	3215	2727	999	102	0	0	0	0	7043	174.66	24.75	11.60	29.91	30.69	34.80	52.81	1.31	9.19	8.09
12/2/2020 2:12:51 PM	6.19	2.03	1.55	3.74	0.00	0.00	0.00	0.88	13.51	100.00	3.22	8.38	3281	2029	699	112	0	0	0	0	6121	174.59	23.40	10.92	26.84	28.62	32.59	50.58	1.32	9.20	8.14
12/2/2020 2:12:53 PM	5.68	2.25	2.00	3.32	0.00	0.00	0.00	0.95	13.26	100.00	3.27	8.33	3013	2250	902	100	0	0	0	0	6264	174.33	23.24	10.44	26.83	28.78	32.12	49.71	1.32	9.24	8.11
12/2/2020 2:12:56 PM	6.27	1.84	1.33	3.94	0.00	0.00	0.00	0.89	13.38	100.00	3.34	8.33	3324	1837	600	118	0	0	0	0	5879	174.62	23.44	10.56	26.15	28.62	32.64	50.74	1.33	9.26	8.15
12/2/2020 2:12:58 PM	5.57	2.48	2.24	3.49	0.00	0.00	0.00	0.96	13.78	100.00	3.42	8.36	2951	2484	1007	105	0	0	0	0	6548	174.38	24.45	11.32	28.54	29.63	33.71	51.28	1.33	9.28	8.13
12/2/2020 2:13:01 PM	5.77	2.03	1.40	4.29	0.00	0.00	0.00	1.02	13.50	100.00	3.46	8.34	3058	2033	632	129	0	0	0	0	5852	174.21	24.90	11.53	27.68	30.15	34.41	52.12	1.34	9.30	8.16
12/2/2020 2:13:03 PM	5.86	2.02	1.69	3.80	0.00	0.00	0.00	0.95	13.37	100.00	3.53	8.37	3108	2016	760	114	0	0	0	0	5998	174.84	23.88	10.93	26.78	29.14	32.73	50.90	1.35	9.33	8.19
12/2/2020 2:13:05 PM	5.62	2.39	2.55	3.30	0.00	0.00	0.00	0.91	13.87	100.00	3.61	8.40	2981	2386	1148	99	0	0	0	0	6614	174.39	24.45	10.78	27.89	29.27	33.11	51.55	1.35	9.35	8.14
12/2/2020 2:13:08 PM	5.63	2.06	1.76	3.69	0.00	0.00	0.00	0.90	13.14	100.00	3.69	8.43	2982	2064	793	111	0	0	0	0	5950	174.08	23.50	10.46	26.45	28.26	32.54	49.60	1.36	9.37	8.18
12/2/2020 2:13:10 PM	5.58	2.20	2.08	3.57	0.00	0.00	0.00	0.92	13.43	100.00	3.78	8.42	2960	2197	935	107	0	0	0	0	6199	174.65	24.04	10.35	26.98	28.86	33.07	50.56	1.37	9.39	8.16
12/2/2020 2:13:12 PM	6.50	2.21	1.70	3.46	0.00	0.00	0.00	0.89	13.86	100.00	3.92	8.42	3446	2206	763	104	0	0	0	0	6519	174.66	23.23	10.34	27.21	29.01	32.90	51.08	1.38	9.42	8.20
12/2/2020 2:13:15 PM	6.06	2.07	1.30	3.63	0.00	0.00	0.00	0.96	13.06	100.00	4.04	8.44	3210	2070	586	109	0	0	0	0	5976	174.54	22.64	10.18	26.24	28.60	32.30	49.19	1.40	9.45	8.26
12/2/2020 2:13:17 PM	5.45	1.97	1.81	3.31	0.00	0.00	0.00	0.92	12.54	100.00	4.22	8.44	2891	1966	816	99	0	0	0	0	5771	174.82	22.28	9.78	25.01	27.53	30.57	47.69	1.41	9.46	8.24
12/2/2020 2:13:20 PM	5.37	2.16	1.89	3.31	0.00	0.00	0.00	0.93	12.73	100.00	4.35	8.43	2845	2157	849	99	0	0	0	0	5950	174.85	22.60	10.38	26.05	27.84	31.19	47.94	1.43	9.49	8.21
12/2/2020 2:13:22 PM	5.77	2.03	1.72	3.21	0.00	0.00	0.00	0.89	12.73	100.00	4.51	8.43	3057	2027	776	96	0	0	0	0	5956	174.92	21.97	9.44	25.13	27.44	30.77	47.72	1.44	9.50	8.26
12/2/2020 2:13:24 PM	5.66	2.06	1.79	3.29	0.00	0.00	0.00	0.89	12.81	100.00	4.64	8.43	2999	2063	807	99	0	0	0	0	5968	174.18	22.31	10.03	25.62	27.54	30.97	48.00	1.45	9.53	8.25
12/2/2020 2:13:27 PM	5.39	1.82	1.37	3.69	0.00	0.00	0.00	0.96	12.26	100.00	4.74	8.42	2857	1818	616	111	0	0	0	0	5401	174.56	22.36	9.99	24.75	27.63	30.94	47.46	1.46	9.54	8.30
12/2/2020 2:13:29 PM	5.53	2.18	1.85	3.22	0.00	0.00	0.00	0.94	12.77	100.00	4.80	8.42	2930	2175	832	97	0	0	0	0	6034	174.43	22.35	10.12	25.95	27.90	31.08	47.92	1.47	9.57	8.30
12/2/2020 2:13:31 PM	5.52	2.02	1.86	3.11	0.00	0.00	0.00	0.88	12.51	100.00	4.98	8.41	2925	2017	838	93	0	0	0	0	5873	174.83	21.79	9.45	24.83	27.04	30.19	47.00	1.49	9.59	8.30
12/2/2020 2:13:34 PM	5.49	2.09	1.77	3.13	0.00	0.00	0.00	0.91	12.48	100.00	5.06	8.41	2908	2088	798	94	0	0	0	0	5888	174.59	21.73	9.61	25.12	27.22	30.37	46.82	1.50	9.62	8.31
12/2/2020 2:13:36 PM	5.58	1.93	1.71	3.64	0.00	0.00	0.00	0.94	12.86	100.00	5.14	8.39	2958	1926	768	109	0	0	0	0	5761	174.57	23.20	10.04	25.57	28.32	31.83	49.28	1.50	9.63	8.38
12/2/2020 2:13:39 PM	5.55	1.63	1.29	4.18	0.00	0.00	0.00	0.94	12.65	100.00	5.18	8.39	2942	1634	581	125	0	0	0	0	5282	174.76	23.67	9.79	24.83	28.32	32.55	49.63	1.51	9.66	8.40
12/2/2020 2:13:41 PM	5.73	1.93	1.70	3.11	0.00	0.00	0.00	0.88	12.47	100.00	5.24	8.38	3034	1932	766	93	0	0	0	0	5826	174.57	21.46	9.36	24.47	27.00	29.80	46.93	1.51	9.67	8.39
12/2/2020 2:13:43 PM	5.83	1.93	1.47	3.42	0.00	0.00	0.00	0.91	12.65	100.00	5.28	8.37	3088	1928	660	103	0	0	0	0	5779	174.62	21.99	9.80	25.07	27.53	30.81	47.77	1.52	9.71	8.39
12/2/2020 2:13:46 PM	5.95	2.08	1.56	3.54	0.00	0.00	0.00	0.91	13.13	100.00	5.34	8.36	3151	2082	703	106	0	0	0	0	6043	174.35	22.79	10.23	26.26	28.26	32.09	49.20	1.52	9.72	8.35
12/2/2020 2:13:48 PM	5.28	1.98	1.77	3.53	0.00	0.00	0.00	0.95	12.57	100.00	5.40	8.37	2797	1984	798	106	0	0	0	0	5686	174.62	22.88	10.41	25.58	27.99	31.17	48.23	1.53	9.74	8.41
12/2/2020 2:13:51 PM	5.45	2.01	1.63	3.44	0.00	0.00	0.00	0.94	12.53	100.00	5.46	8.37	2887	2014	733	103	0	0	0	0	5738	174.40	22.37	9.98	25.38	27.75	31.10	47.68	1.54	9.77	8.43
12/2/2020 2:13:53 PM	5.50	1.91	1.56	3.50	0.00	0.00	0.00	0.94	12.48	100.00	5.57	8.37	2918	1908	703	105	0	0	0	0	5633	174.38	22.36	9.85	24.99	27.73	30.93	47.79	1.55	9.77	8.46
12/2/2020 2:13:55 PM	5.49	2.08	1.78	3.34	0.00	0.00	0.00	0.90	12.68	100.00	5.61	8.39	2908	2077	800	100	0	0	0	0	5885	174.46	22.38	10.10	25.65	27.52	31.05	47.72	1.55	9.81	8.45
12/2/2020 2:13:58 PM	5.81	2.52	2.49	2.71	0.00	0.00	0.00	0.87	13.53	100.00	5.66	8.39	3079	2515	1121	81	0	0	0	0	6796	174.76	22.55	10.23	27.23	28.12	31.28	49.02	1.55	9.82	8.48
12/2/2020 2:14:00 PM	5.83	2.20	2.00	3.12	0.00	0.00	0.00	0.90	13.14	100.00	5.72	8.36	3088	2199	898	93	0	0	0	0	6278	174.64	22.46	10.25	26.26	28.02	31.06	48.77	1.56	9.84	8.46
12/2/2020 2:14:02 PM	5.87	2.00	1.64	3.33	0.00	0.00	0.00	0.91	12.84	100.00	5.78	8.35	3113	2000	737	100	0	0	0	0	5950	174.94	22.20	9.85	25.41	27.82	30.96	48.33	1.57	9.87	8.46
12/2/2020 2:14:05 PM	5.51	2.17	1.93	3.00	0.00	0.00	0.00	0.90	12.60	100.00	5.88	8.33	2918	2167	867	90	0	0	0	0	6042	174.61	21.73	9.86	25.46	27.28	30.20	46.96	1.58	9.88	8.53
12/2/2020 2:14:07 PM	5.31	2.04	1.75	3.20	0.00	0.00	0.00	0.93	12.30	100.00	5.97	8.30	2813	2041	789	96	0	0	0	0	5740	174.59	21.82	9.78	24.97	27.26	30.22	46.64	1.58	9.90	8.49
12/2/2020 2:14:10 PM	5.27	2.06	1.86	2.96	0.00	0.00	0.00	0.89	12.15	100.00	6.10	8.31	2794	2059	836	89	0	0	0	0	5778	174.69	21.20	9.23	24.45	26.52	29.53	45.57	1.60	9.93	8.48
12/2/2020 2:14:12 PM	5.40	2.18	2.04	3.02	0.00	0.00	0.00	0.90	12.64	100.00	6.15	8.30	2861	2185	917	91	0	0	0	0	6053	174.49	22.03	9.86	25.58	27.38	30.44	47.22	1.60	9.93	8.56
12/2/2020 2:14:14 PM	5.32	2.00	1.59	3.08	0.00	0.00	0.00	0.90	11.99	100.00	6.24	8.28	2821	1996	714	93	0	0	0	0	5623	174.73	20.94	9.51	24.33	26.43	29.36	45.17	1.61	9.97	8.55
12/2/2020 2:14:17 PM	5.31	2.18	1.92	3.02	0.00	0.00	0.00	0.93	12.42	100.00	6.34	8.27	2813	2179	864	91	0	0	0	0	5946	174.41	21.74	9.64	25.30	27.27	30.30	46.57	1.62	9.97	8.58
12/2/2020 2:14:19 PM	5.47	2.64	2.43	3.05	0.00	0.00	0.00	0.99	13.59	100.00	6.39	8.26	2901	2643	1094	91	0	0	0	0	6729	174.54	23.65	11.26	28.49	29.45	32.59	50.15	1.63	10.00	8.63
12/2/2020 2:14:21 PM	5.76	2.05	1.42	3.99	0.00	0.00	0.00	0.98	13.22	100.00	6.45	8.25	3051	2054	639	120	0	0	0	0	5863	174.64	23.89	10.84	26.93	29.17	33.43	50.44	1.63	10.02	8.58
12/2/2020 2:14:24 PM	5.44	2.53	2.25	3.05	0.00	0.00	0.00	0.95	13.27	100.00	6.50	8.25	2881	2532	1014	91	0	0	0	0	6519	174.28	23.00	11.00	27.74	28.56	31.90	48.86	1.64	10.03	8.60
12/2/2020 2:14:26 PM	5.04	2.11	1.68	3.08	0.00	0.00	0.00	0.94	11.91	100.00	6.60	8.24	2673	2107	757	92	0	0	0	0	5629	174.66	21.17	9.75	24.76	26.67	29.63	45.02	1.65	10.06	8.61
12/2/2020 2:14:29 PM	5.18	1.96	1.81	3.14	0.00	0.00	0.00	0.91	12.09	100.00	6.71	8.22	2744	1961	815	94	0	0	0	0	5614	174.57	21.59	9.43	24.34	26.81	29.70	46.04	1.66	10.06	8.63
12/2/2020 2:14:31 PM	4.97	2.00	1.80	3.07	0.00	0.00	0.00	0.91	11.83	100.00	6.82	8.22	2636	1998	808	92	0	0	0	0	5535	174.62	21.23	9.31	24.14	26.39	29.37	45.00	1.67	10.08	8.61
12/2/2020 2:14:33 PM	5.23	2.25	2.25	2.79	0.00	0.00	0.00	0.88	12.52	100.00	6.87	8.22	2771	2254	1012	84	0	0	0	0	6121	174.57	21.72	9.20	25.23	26.87	30.14	46.39	1.67	10.09	8.64
12/2/2020 2:14:36 PM	5.03	2.22	2.15	3.11	0.00	0.00	0.00	0.94	12.51	100.00	6.93	8.22	2666	2225	968	93	0	0	0	0	5952	174.08	22.50	9.91	25.74	27.61	30.86	47.23	1.68	10.12	8.68
12/2/2020 2:14:38 PM	5.81	1.83	1.14	3.89	0.00	0.00	0.00	0.95	12.67	100.00	7.03	8.22	3081	1829	513	117	0	0	0	0	5540	173.99	22.67	10.36	25.44	28.10	31.81	48.62	1.69	10.14	8.65
12/2/2020 2:14:40 PM	5.84	2.46	2.05	3.08	0.00	0.00	0.00	0.91	13.43	100.00	7.09	8.22	3097	2457	923	92	0	0	0	0	6569	174.47	22.71	10.80	27.54	28.39	31.90	49.09	1.69	10.16	8.70
12/2/2020 2:14:43 PM	5.51	2.65	2.41	2.71	0.00	0.00	0.00	0.88	13.29	100.00	7.15	8.22	2921	2651	1086	81	0	0	0	0	6739	174.41	22.32	10.44	27.58	27.73	31.44	47.83	1.70	10.17	8.68
12/2/2020 2:14:45 PM	4.88	2.20	2.07	3.24	0.00	0.00	0.00	0.96	12.39	100.00	7.26	8.21	2586	2203	930	97	0	0	0	0	5815	172.65	22.64	9.92	25.70	27.65	31.12	47.08	1.71	10.18	8.71
12/2/2020 2:14:48 PM	5.01	2.08	1.70	3.58	0.00	0.00	0.00	0.97	12.37	100.00	7.40	8.21	2653	2081	765	107	0	0	0	0	5607	174.12	22.83	10.40	25.79	27.83	31.53	47.43	1.73	10.20	8.74
12/2/2020 2:14:50 PM	4.81	2.23	1.99	2.86	0.00	0.00	0.00	0.95	11.90	100.00	7.59	8.21	2550	2230	895	86	0	0	0	0	5762	174.28	21.23	9.51	24.87	26.66	29.53	44.79	1.74	10.22	8.75
12/2/2020 2:14:52 PM	4.97	2.09	1.91	2.78	0.00	0.00	0.00	0.90	11.76	100.00	7.73	8.21	2637	2086	861	83	0	0	0	0	5668	174.45	20.66	9.15	24.04	26.05	28.68	44.22	1.76	10.24	8.74
12/2/2020 2:14:55 PM	4.91	2.18	2.02	3.07	0.00	0.00	0.00	0.94	12.18	100.00	7.82	8.21	2603	2178	908	92	0	0	0	0	5781	173.99	21.96	9.48	25.10	27.13	30.40	46.09	1.77	10.25	8.74
12/2/2020 2:14:57 PM	4.92	2.13	2.02	2.92	0.00	0.00	0.00	0.94	12.00	100.00	7.90	8.20	2606	2131	910	88	0	0	0	0	5735	174.15	21.47	9.43	24.64	26.84	29.54	45.47	1.77	10.26	8.78
12/2/2020 2:15:00 PM	5.05	2.29	2.10	2.94	0.00	0.00	0.00	0.94	12.38	100.00	8.01	8.20	2676	2292	944	88	0	0	0	0	6000	173.81	21.90	9.75	25.62	27.32	30.40	46.35	1.78	10.28	8.74
12/2/2020 2:15:02 PM	5.37	2.10	1.52	3.42	0.00	0.00	0.00	0.98	12.41	100.00	8.02	8.20	2849	2104	683	102	0	0	0	0	5739	173.45	22.13	10.11	25.62	27.82	31.14	47.14	1.79	10.30	8.79
12/2/2020 2:15:04 PM	5.26	2.46	2.32	2.73	0.00	0.00	0.00	0.90	12.77	100.00	8.06	8.20	2788	2462	1045	82	0	0	0	0	6376	173.70	21.92	9.88	26.34	27.34	30.59	46.81	1.79	10.31	8.76
12/2/2020 2:15:07 PM	4.91	2.22	2.01	3.00	0.00	0.00	0.00	0.93	12.13	100.00	8.23	8.20	2602	2221	903	90	0	0	0	0	5816	173.88	21.68	9.64	25.20	26.83	30.14	45.58	1.81	10.33	8.79
12/2/2020 2:15:09 PM	5.36	2.18	1.85	3.02	0.00	0.00	0.00	0.94	12.42	100.00	8.32	8.19	2843	2182	835	91	0	0	0	0	5950	174.29	21.66	9.79	25.37	27.41	30.20	46.60	1.82	10.35	8.84
12/2/2020 2:15:11 PM	5.32	2.04	1.63	3.21	0.00	0.00	0.00	0.92	12.21	100.00	8.46	8.19	2821	2041	735	96	0	0	0	0	5693	174.05	21.55	9.78	24.91	27.00	30.12	46.14	1.83	10.35	8.83
12/2/2020 2:15:14 PM	5.19	2.14	1.79	3.17	0.00	0.00	0.00	0.94	12.29	100.00	8.61	8.20	2750	2136	806	95	0	0	0	0	5787	173.72	21.87	9.56	25.17	27.28	30.60	46.42	1.84	10.37	8.85
12/2/2020 2:15:16 PM	5.64	2.53	2.14	2.68	0.00	0.00	0.00	0.89	12.98	100.00	8.79	8.18	2990	2530	961	80	0	0	0	0	6562	174.34	21.54	10.07	26.74	27.36	30.65	46.88	1.86	10.38	8.85
12/2/2020 2:15:19 PM	5.14	1.97	1.68	3.12	0.00	0.00	0.00	0.90	11.91	100.00	9.01	8.16	2723	1972	756	94	0	0	0	0	5545	174.19	21.16	9.30	24.15	26.37	29.49	45.14	1.88	10.40	8.89
12/2/2020 2:15:21 PM	5.02	1.96	1.66	3.20	0.00	0.00	0.00	0.88	11.84	100.00	9.14	8.16	2661	1961	746	96	0	0	0	0	5463	173.21	21.23	9.35	24.15	26.11	29.65	44.87	1.90	10.41	8.86
12/2/2020 2:15:23 PM	5.13	2.33	2.10	3.06	0.00	0.00	0.00	0.91	12.63	100.00	9.28	8.16	2719	2331	947	92	0	0	0	0	6088	173.35	22.29	10.15	26.22	27.36	31.01	46.93	1.91	10.42	8.93
12/2/2020 2:15:26 PM	5.24	2.05	1.66	3.20	0.00	0.00	0.00	0.91	12.15	100.00	9.42	8.16	2779	2050	749	96	0	0	0	0	5674	174.03	21.51	9.42	24.73	26.76	30.25	45.83	1.92	10.44	8.90
12/2/2020 2:15:28 PM	5.14	2.01	1.70	3.25	0.00	0.00	0.00	0.92	12.11	100.00	9.58	8.16	2726	2006	766	98	0	0	0	0	5595	173.82	21.71	9.58	24.67	26.83	30.19	45.98	1.94	10.44	8.90
12/2/2020 2:15:30 PM	5.09	2.14	1.78	3.14	0.00	0.00	0.00	0.93	12.15	100.00	9.75	8.16	2697	2142	802	94	0	0	0	0	5734	173.75	21.65	9.76	25.13	26.97	30.25	45.84	1.96	10.47	8.95
12/2/2020 2:15:33 PM	4.89	2.13	1.95	2.86	0.00	0.00	0.00	0.90	11.83	100.00	9.74	8.16	2592	2127	875	86	0	0	0	0	5681	173.98	20.97	9.14	24.30	26.12	29.23	44.42	1.95	10.48	8.91
12/2/2020 2:15:35 PM	5.17	2.17	2.03	2.88	0.00	0.00	0.00	0.90	12.26	100.00	9.78	8.16	2741	2173	916	86	0	0	0	0	5917	173.11	21.45	9.46	24.95	26.78	29.74	45.85	1.96	10.49	8.98
12/2/2020 2:15:38 PM	5.28	2.29	1.90	3.00	0.00	0.00	0.00	0.92	12.48	100.00	9.82	8.16	2796	2293	857	90	0	0	0	0	6036	173.91	21.69	10.15	25.91	27.17	30.41	46.30	1.96	10.51	8.93
12/2/2020 2:15:40 PM	5.29	2.17	1.94	3.13	0.00	0.00	0.00	0.91	12.53	100.00	9.80	8.17	2806	2170	873	94	0	0	0	0	5943	174.04	22.06	9.79	25.52	27.25	30.68	46.92	1.96	10.52	8.99
12/2/2020 2:15:42 PM	5.19	2.37	2.22	2.86	0.00	0.00	0.00	0.94	12.64	100.00	9.79	8.17	2753	2367	999	86	0	0	0	0	6205	173.90	22.06	9.89	26.06	27.58	30.59	46.97	1.96	10.53	8.99
12/2/2020 2:15:45 PM	5.44	2.29	2.05	3.09	0.00	0.00	0.00	0.91	12.87	100.00	9.88	8.16	2881	2293	925	93	0	0	0	0	6191	173.94	22.40	10.33	26.38	27.76	31.07	47.82	1.97	10.56	8.95
12/2/2020 2:15:47 PM	5.02	2.15	1.89	3.20	0.00	0.00	0.00	0.88	12.26	100.00	10.17	8.15	2662	2149	851	96	0	0	0	0	5758	173.19	21.93	9.68	25.25	26.64	30.64	45.95	2.00	10.56	9.02
12/2/2020 2:15:50 PM	5.30	3.15	2.12	3.14	0.00	0.00	0.00	0.84	13.70	100.00	10.33	8.14	2807	3147	952	94	0	0	0	0	7001	163.82	23.13	10.97	30.17	27.59	34.87	47.52	2.01	10.57	9.00
