Date/Time	Green Algae	Bluegreen	Diatoms	Cryptophyta	#5	#6	#7	Yellow substances	Total conc.	Transmission	Depth	Temp. Sample	Green Algae	Bluegreen	Diatoms	Cryptophyta	#5	#6	#7	Yellow substances	Total cell count	Trans. 700 nm	LED 3 [525 nm]	LED 4 [570 nm]	LED 5 [610 nm]	LED 6 [370 nm]	LED 7 [590 nm]	LED 8 [470 nm]	Pressure	Temp. LEDs	Temp. Sensor
date	µg/l	µg/l	µg/l	µg/l	µg/l	µg/l	µg/l	r.u.	µg/l	%	m	°C	cells/ml	cells/ml	cells/ml	cells/ml	cells/ml	cells/ml	cells/ml	r.u.	cells/ml	digits	digits	digits	digits	digits	digits	digits	bar	°C	°C
9/27/2021 11:58:37 AM	6.58	2.05	5.02	0.00	0.00	0.00	0.00	0.93	13.65	100.00	0.01	20.36	3486	2048	2261	0	0	0	0	0	7795	175.84	20.49	5.32	21.51	29.07	22.92	51.08	1.00	24.25	27.25
9/27/2021 11:58:39 AM	6.20	1.96	6.62	0.27	0.00	0.00	0.00	0.53	15.06	100.00	0.15	20.25	3286	1962	2980	8	0	0	0	0	8236	176.68	23.78	6.43	22.75	27.55	24.86	54.84	1.01	24.27	27.29
9/27/2021 11:58:41 AM	6.54	2.23	7.02	0.00	0.00	0.00	0.00	0.54	15.79	100.00	0.25	20.24	3467	2228	3158	0	0	0	0	0	8854	175.66	24.37	6.32	24.29	28.55	25.36	56.66	1.02	24.30	27.25
9/27/2021 11:58:44 AM	6.81	2.27	6.92	0.02	0.00	0.00	0.00	0.67	16.01	100.00	0.33	20.23	3607	2269	3113	1	0	0	0	0	8989	176.60	24.64	7.26	24.66	30.18	25.72	58.22	1.03	24.33	27.24
9/27/2021 11:58:46 AM	6.73	2.18	6.94	0.00	0.00	0.00	0.00	0.67	15.85	100.00	0.49	20.19	3569	2175	3124	0	0	0	0	0	8868	176.31	24.57	6.65	24.29	29.97	25.15	57.94	1.05	24.35	27.29
9/27/2021 11:58:48 AM	7.25	2.21	6.48	0.00	0.00	0.00	0.00	0.67	15.94	100.00	0.54	20.17	3842	2210	2916	0	0	0	0	0	8969	177.06	23.81	6.42	24.40	29.97	25.27	57.60	1.05	24.38	27.31
9/27/2021 11:58:51 AM	7.98	2.16	6.12	0.14	0.00	0.00	0.00	0.59	16.40	100.00	0.60	20.22	4228	2159	2755	4	0	0	0	0	9147	177.26	23.56	5.97	24.13	29.69	26.47	58.27	1.06	24.40	27.30
9/27/2021 11:58:53 AM	6.93	1.97	6.92	0.20	0.00	0.00	0.00	0.76	16.02	100.00	0.66	20.23	3671	1971	3116	6	0	0	0	0	8764	176.26	25.29	7.09	23.81	31.36	25.43	60.04	1.06	24.42	27.30
9/27/2021 11:58:56 AM	7.05	2.20	6.63	0.00	0.00	0.00	0.00	0.69	15.88	100.00	0.68	20.30	3738	2196	2985	0	0	0	0	0	8919	175.98	24.09	6.33	24.20	30.08	25.38	57.76	1.07	24.44	27.34
9/27/2021 11:58:58 AM	8.14	1.84	5.58	0.63	0.00	0.00	0.00	0.67	16.18	100.00	0.71	20.44	4312	1837	2510	19	0	0	0	0	8677	175.86	23.78	7.00	23.77	30.48	26.15	59.09	1.07	24.46	27.30
9/27/2021 11:59:00 AM	7.75	2.15	6.61	0.00	0.00	0.00	0.00	0.51	16.51	100.00	0.77	20.47	4108	2151	2975	0	0	0	0	0	9234	176.07	23.98	6.08	24.56	29.19	25.60	58.46	1.08	24.47	27.31
9/27/2021 11:59:03 AM	7.78	2.23	6.29	0.00	0.00	0.00	0.00	0.69	16.29	100.00	0.81	20.42	4121	2230	2829	0	0	0	0	0	9180	176.22	23.80	5.94	25.01	30.59	25.40	58.59	1.08	24.50	27.32
9/27/2021 11:59:05 AM	7.58	2.37	6.71	0.00	0.00	0.00	0.00	0.73	16.65	100.00	0.87	20.40	4018	2365	3017	0	0	0	0	0	9400	176.67	24.91	5.80	25.55	31.51	26.72	60.16	1.09	24.52	27.35
9/27/2021 11:59:08 AM	8.00	2.32	6.95	0.07	0.00	0.00	0.00	0.68	17.34	100.00	0.92	20.35	4240	2315	3129	2	0	0	0	0	9686	175.44	25.65	7.30	25.92	32.09	27.31	62.47	1.09	24.53	27.35
9/27/2021 11:59:10 AM	8.17	2.29	7.71	0.00	0.00	0.00	0.00	0.70	18.17	100.00	0.99	20.30	4331	2287	3468	0	0	0	0	0	10086	176.62	27.45	6.98	26.54	33.76	28.00	66.25	1.10	24.55	27.35
9/27/2021 11:59:12 AM	7.79	2.30	8.67	0.00	0.00	0.00	0.00	0.58	18.75	100.00	1.05	20.24	4128	2295	3901	0	0	0	0	0	10325	176.30	29.34	6.29	27.58	33.58	28.41	68.24	1.10	24.57	27.34
9/27/2021 11:59:15 AM	7.68	2.22	8.49	0.00	0.00	0.00	0.00	0.59	18.39	100.00	1.13	20.12	4072	2217	3820	0	0	0	0	0	10109	176.57	28.75	6.61	26.78	33.18	27.92	67.18	1.11	24.59	27.34
9/27/2021 11:59:17 AM	7.72	2.47	8.37	0.00	0.00	0.00	0.00	0.68	18.56	100.00	1.17	20.01	4089	2473	3766	0	0	0	0	0	10329	176.36	28.85	7.84	28.28	34.12	28.36	67.54	1.11	24.60	27.36
9/27/2021 11:59:19 AM	7.08	2.30	9.23	0.00	0.00	0.00	0.00	0.67	18.61	100.00	1.18	20.00	3752	2303	4153	0	0	0	0	0	10208	175.75	30.37	7.67	27.37	34.53	28.59	69.22	1.12	24.62	27.34
9/27/2021 11:59:22 AM	7.70	2.25	9.34	0.06	0.00	0.00	0.00	0.67	19.35	100.00	1.21	20.16	4083	2247	4204	2	0	0	0	0	10536	175.59	31.12	7.66	27.52	35.62	29.63	71.92	1.12	24.62	27.34
9/27/2021 11:59:24 AM	7.57	2.30	9.02	0.00	0.00	0.00	0.00	0.69	18.89	100.00	1.24	20.32	4012	2301	4058	0	0	0	0	0	10370	175.69	30.19	7.33	27.14	35.00	29.27	69.97	1.12	24.64	27.34
9/27/2021 11:59:27 AM	7.50	2.22	9.76	0.00	0.00	0.00	0.00	0.65	19.47	100.00	1.28	20.34	3974	2218	4390	0	0	0	0	0	10582	176.69	31.78	7.49	27.59	35.75	29.49	72.69	1.13	24.66	27.32
9/27/2021 11:59:29 AM	7.66	2.21	9.64	0.00	0.00	0.00	0.00	0.69	19.50	100.00	1.31	20.32	4058	2206	4338	0	0	0	0	0	10601	176.51	31.73	7.34	28.01	36.13	29.02	72.96	1.13	24.67	27.36
9/27/2021 11:59:31 AM	7.77	2.24	9.51	0.00	0.00	0.00	0.00	0.72	19.53	100.00	1.36	20.34	4118	2243	4281	0	0	0	0	0	10642	176.16	31.57	7.50	27.94	36.43	29.37	73.04	1.13	24.68	27.36
9/27/2021 11:59:34 AM	7.84	2.32	11.15	0.00	0.00	0.00	0.00	0.61	21.31	100.00	1.41	20.21	4155	2321	5016	0	0	0	0	0	11491	175.59	35.33	8.26	30.24	38.28	31.14	79.61	1.14	24.69	27.39
9/27/2021 11:59:36 AM	7.66	2.23	10.34	0.00	0.00	0.00	0.00	0.64	20.22	100.00	1.47	20.10	4058	2228	4652	0	0	0	0	0	10939	175.14	33.24	7.72	28.42	36.81	30.22	75.63	1.14	24.71	27.32
9/27/2021 11:59:38 AM	7.96	2.08	8.07	0.31	0.00	0.00	0.00	0.77	18.42	100.00	1.53	20.06	4217	2077	3632	9	0	0	0	0	9936	175.59	29.16	7.27	26.29	35.13	28.91	69.00	1.15	24.71	27.34
9/27/2021 11:59:41 AM	8.58	2.21	9.78	0.00	0.00	0.00	0.00	0.61	20.57	100.00	1.60	19.99	4548	2205	4402	0	0	0	0	0	11156	175.42	32.37	7.80	28.64	36.90	30.13	75.94	1.16	24.73	27.34
9/27/2021 11:59:43 AM	7.95	2.24	9.44	0.17	0.00	0.00	0.00	0.70	19.79	100.00	1.70	19.89	4211	2242	4246	5	0	0	0	0	10705	175.83	31.94	7.55	27.93	36.65	30.58	73.86	1.17	24.73	27.34
9/27/2021 11:59:46 AM	7.95	2.39	9.82	0.00	0.00	0.00	0.00	0.67	20.17	100.00	1.83	19.80	4213	2393	4421	0	0	0	0	0	11027	175.45	32.43	7.69	29.18	36.79	30.33	74.61	1.18	24.74	27.32
9/27/2021 11:59:48 AM	7.87	2.34	11.00	0.00	0.00	0.00	0.00	0.61	21.21	100.00	1.91	19.83	4169	2341	4949	0	0	0	0	0	11459	175.57	34.94	8.68	30.10	38.02	31.11	79.01	1.19	24.76	27.35
9/27/2021 11:59:50 AM	7.38	2.51	11.02	0.00	0.00	0.00	0.00	0.73	20.91	100.00	1.99	19.80	3909	2511	4959	0	0	0	0	0	11379	175.54	35.23	7.84	30.21	38.77	32.02	78.59	1.19	24.76	27.39
9/27/2021 11:59:53 AM	8.12	2.37	11.10	0.00	0.00	0.00	0.00	0.63	21.59	100.00	2.06	19.70	4303	2373	4993	0	0	0	0	0	11669	175.67	35.47	7.74	30.12	38.79	32.23	80.44	1.20	24.77	27.32
9/27/2021 11:59:55 AM	7.26	2.52	12.61	0.00	0.00	0.00	0.00	0.70	22.39	100.00	2.16	19.68	3846	2525	5674	0	0	0	0	0	12045	175.70	38.91	8.42	31.74	41.02	33.72	84.97	1.21	24.77	27.36
9/27/2021 11:59:57 AM	7.69	2.36	11.94	0.00	0.00	0.00	0.00	0.64	21.99	100.00	2.22	19.70	4075	2358	5372	0	0	0	0	0	11805	175.10	37.27	8.05	30.70	39.74	32.56	82.86	1.22	24.78	27.32
9/27/2021 12:00:00 PM	8.18	2.40	12.65	0.00	0.00	0.00	0.00	0.68	23.22	100.00	2.31	19.80	4333	2395	5692	0	0	0	0	0	12420	174.88	39.41	8.72	32.38	42.12	33.49	87.90	1.23	24.79	27.31
9/27/2021 12:00:02 PM	8.03	2.35	11.63	0.03	0.00	0.00	0.00	0.66	22.04	100.00	2.40	19.86	4256	2354	5233	1	0	0	0	0	11844	175.26	36.81	8.05	30.23	39.91	33.15	82.87	1.23	24.80	27.35
9/27/2021 12:00:05 PM	7.68	2.43	13.26	0.00	0.00	0.00	0.00	0.64	23.36	100.00	2.47	19.79	4070	2431	5965	0	0	0	0	0	12465	175.11	40.44	9.12	32.44	42.03	34.12	88.65	1.24	24.80	27.34
9/27/2021 12:00:07 PM	7.64	2.32	13.58	0.00	0.00	0.00	0.00	0.66	23.53	100.00	2.60	19.69	4047	2316	6112	0	0	0	0	0	12476	175.18	41.22	8.65	32.35	42.68	33.92	90.09	1.25	24.81	27.34
9/27/2021 12:00:09 PM	7.50	2.41	14.20	0.00	0.00	0.00	0.00	0.67	24.11	100.00	2.70	19.67	3976	2414	6388	0	0	0	0	0	12778	174.67	42.67	8.99	32.85	43.67	35.37	92.45	1.26	24.81	27.31
9/27/2021 12:00:12 PM	7.39	2.55	14.40	0.00	0.00	0.00	0.00	0.68	24.33	100.00	2.80	19.65	3916	2551	6478	0	0	0	0	0	12945	174.67	43.25	9.43	34.09	44.11	35.49	93.12	1.27	24.80	27.32
9/27/2021 12:00:14 PM	7.32	2.46	14.63	0.00	0.00	0.00	0.00	0.61	24.41	100.00	2.87	19.66	3879	2463	6583	0	0	0	0	0	12926	174.73	43.51	9.34	33.58	43.66	35.57	93.38	1.28	24.82	27.35
9/27/2021 12:00:17 PM	7.55	2.46	14.95	0.00	0.00	0.00	0.00	0.62	24.95	100.00	2.97	19.70	3999	2460	6726	0	0	0	0	0	13185	174.78	44.44	9.36	34.10	44.61	36.10	95.56	1.29	24.82	27.31
9/27/2021 12:00:19 PM	7.70	2.82	15.70	0.00	0.00	0.00	0.00	0.63	26.23	100.00	3.06	19.65	4080	2825	7066	0	0	0	0	0	13972	174.50	46.62	10.34	36.48	46.49	38.71	99.59	1.30	24.84	27.32
9/27/2021 12:00:21 PM	7.11	3.54	14.02	1.13	0.00	0.00	0.00	0.65	25.80	100.00	3.21	19.52	3769	3536	6310	34	0	0	0	0	13648	174.05	46.38	12.13	39.96	45.47	43.99	95.66	1.31	24.84	27.32
9/27/2021 12:00:24 PM	7.09	4.51	13.18	1.74	0.00	0.00	0.00	0.75	26.52	100.00	3.25	19.30	3756	4512	5930	52	0	0	0	0	14251	173.77	47.30	13.90	45.10	46.85	49.43	95.69	1.32	24.84	27.31
9/27/2021 12:00:26 PM	6.89	3.88	12.42	1.91	0.00	0.00	0.00	0.80	25.10	100.00	3.30	19.36	3653	3880	5590	57	0	0	0	0	13179	173.76	45.51	13.11	41.69	45.61	46.50	92.64	1.32	24.85	27.32
9/27/2021 12:00:28 PM	6.97	4.08	12.27	2.08	0.00	0.00	0.00	0.72	25.40	100.00	3.38	19.34	3696	4079	5522	62	0	0	0	0	13359	173.82	45.68	13.64	42.94	45.06	47.78	92.40	1.33	24.84	27.30
9/27/2021 12:00:31 PM	8.45	5.34	11.92	3.11	0.00	0.00	0.00	0.77	28.81	100.00	3.53	18.80	4478	5341	5362	93	0	0	0	0	15274	172.75	50.04	17.02	52.19	49.82	57.64	100.90	1.35	24.84	27.31
9/27/2021 12:00:33 PM	10.10	6.55	13.83	10.08	0.00	0.00	0.00	0.68	40.56	100.00	3.61	18.35	5354	6545	6225	302	0	0	0	0	18427	169.01	78.31	28.59	76.99	67.75	93.91	145.08	1.35	24.85	27.30
9/27/2021 12:00:36 PM	13.21	9.45	18.16	20.40	0.00	0.00	0.00	0.44	61.22	100.00	3.71	18.08	7004	9449	8172	612	0	0	0	0	25237	165.95	124.59	49.46	121.53	97.46	153.23	218.57	1.36	24.84	27.29
9/27/2021 12:00:38 PM	21.29	16.35	22.18	26.13	0.00	0.00	0.00	0.90	85.95	100.00	3.85	17.58	11282	16355	9981	784	0	0	0	0	38401	163.06	163.74	69.21	177.85	135.91	215.14	293.45	1.38	24.84	27.27
9/27/2021 12:00:40 PM	22.64	15.84	18.47	14.27	0.00	0.00	0.00	1.03	71.22	100.00	4.01	16.78	11998	15845	8313	428	0	0	0	0	36583	166.18	118.46	48.48	144.48	111.53	164.66	230.13	1.39	24.84	27.27
9/27/2021 12:00:43 PM	25.12	16.71	15.58	8.42	0.00	0.00	0.00	0.98	65.83	100.00	4.13	16.22	13314	16712	7012	253	0	0	0	0	37291	167.70	95.19	40.28	133.93	99.96	144.06	199.50	1.40	24.84	27.30
9/27/2021 12:00:45 PM	26.26	21.04	13.92	3.75	0.00	0.00	0.00	0.78	64.97	100.00	4.27	15.74	13920	21036	6262	112	0	0	0	0	41331	167.69	80.30	35.90	141.20	91.74	143.55	175.14	1.42	24.84	27.27
9/27/2021 12:00:47 PM	24.01	31.70	12.12	0.00	0.00	0.00	0.00	0.28	67.83	100.00	4.44	14.96	12725	31695	5455	0	0	0	0	0	49875	164.93	70.48	37.61	176.91	81.80	169.18	143.05	1.44	24.82	27.27
9/27/2021 12:00:50 PM	22.14	33.37	8.63	0.00	0.00	0.00	0.00	0.44	64.13	100.00	4.52	14.46	11735	33367	3882	0	0	0	0	0	48984	164.49	63.03	36.43	181.29	75.97	169.11	123.39	1.44	24.82	27.27
9/27/2021 12:00:52 PM	19.00	31.22	5.32	0.00	0.00	0.00	0.00	0.51	55.53	100.00	4.66	14.04	10068	31218	2394	0	0	0	0	0	43680	164.77	51.87	31.61	166.88	64.95	152.76	98.55	1.46	24.81	27.27
9/27/2021 12:00:55 PM	16.92	28.77	4.77	0.00	0.00	0.00	0.00	0.41	50.46	100.00	4.77	13.48	8969	28774	2145	0	0	0	0	0	39889	164.48	47.01	28.60	152.66	58.22	141.02	87.89	1.47	24.80	27.26
9/27/2021 12:00:57 PM	14.74	24.83	3.85	0.00	0.00	0.00	0.00	0.30	43.42	100.00	4.83	13.72	7812	24835	1733	0	0	0	0	0	34379	162.54	39.93	24.32	131.69	49.32	121.97	74.56	1.47	24.79	27.25
9/27/2021 12:00:59 PM	11.83	18.73	2.86	0.00	0.00	0.00	0.00	0.26	33.41	100.00	4.93	14.27	6268	18732	1286	0	0	0	0	0	26285	158.31	30.76	18.60	101.99	38.47	91.30	58.44	1.48	24.77	27.24
9/27/2021 12:01:02 PM	10.07	15.72	2.91	0.00	0.00	0.00	0.00	0.07	28.70	100.00	4.98	14.28	5338	15717	1308	0	0	0	0	0	22364	155.61	26.79	16.02	86.43	31.87	77.51	50.53	1.49	24.76	27.24
9/27/2021 12:01:04 PM	9.57	14.80	2.97	0.00	0.00	0.00	0.00	0.03	27.34	100.00	5.04	14.50	5070	14805	1335	0	0	0	0	0	21210	155.42	25.69	14.90	80.68	30.14	74.65	48.56	1.49	24.74	27.21
9/27/2021 12:01:07 PM	7.04	11.39	2.48	0.00	0.00	0.00	0.00	0.17	20.92	100.00	5.14	14.33	3734	11394	1117	0	0	0	0	0	16245	153.58	20.60	11.50	63.08	24.58	57.38	38.31	1.50	24.74	27.24
9/27/2021 12:01:09 PM	5.69	9.02	2.12	0.00	0.00	0.00	0.00	0.18	16.82	99.68	5.21	13.49	3013	9023	952	0	0	0	0	0	12988	151.27	16.94	9.67	50.93	20.35	45.73	31.62	1.51	24.73	27.21
9/27/2021 12:01:11 PM	4.30	6.41	1.65	0.00	0.00	0.00	0.00	0.24	12.36	97.83	5.32	13.07	2277	6411	744	0	0	0	0	0	9432	148.47	12.95	6.97	36.92	16.18	33.78	24.72	1.52	24.71	27.21
9/27/2021 12:01:14 PM	3.89	5.70	1.70	0.00	0.00	0.00	0.00	0.24	11.30	97.54	5.40	12.60	2060	5705	767	0	0	0	0	0	8532	148.03	12.22	6.51	33.26	15.18	30.68	23.42	1.53	24.69	27.20
9/27/2021 12:01:16 PM	3.25	4.74	1.60	0.00	0.00	0.00	0.00	0.24	9.59	96.56	5.56	12.38	1722	4744	719	0	0	0	0	0	7185	146.54	10.77	5.49	27.90	13.38	26.40	20.59	1.54	24.68	27.17
9/27/2021 12:01:18 PM	2.93	4.13	1.44	0.00	0.00	0.00	0.00	0.29	8.50	95.92	5.71	12.28	1555	4129	646	0	0	0	0	0	6330	145.57	9.79	4.92	24.66	12.64	23.45	19.02	1.56	24.66	27.20
9/27/2021 12:01:21 PM	2.94	4.05	1.46	0.00	0.00	0.00	0.00	0.29	8.45	95.61	5.81	12.35	1556	4050	659	0	0	0	0	0	6265	145.09	9.81	4.88	24.35	12.67	23.14	19.16	1.57	24.64	27.15
9/27/2021 12:01:23 PM	2.99	3.95	1.63	0.00	0.00	0.00	0.00	0.26	8.57	95.47	5.89	12.40	1586	3952	731	0	0	0	0	0	6269	144.89	10.07	4.86	24.10	12.66	22.93	19.78	1.58	24.62	27.15
9/27/2021 12:01:26 PM	3.00	3.88	1.29	0.00	0.00	0.00	0.00	0.30	8.17	95.28	5.96	12.61	1590	3880	582	0	0	0	0	0	6052	144.60	9.32	4.67	23.48	12.44	22.28	18.64	1.58	24.60	27.14
9/27/2021 12:01:28 PM	2.74	3.77	1.50	0.00	0.00	0.00	0.00	0.30	8.01	95.07	6.10	12.55	1451	3770	674	0	0	0	0	0	5895	144.28	9.54	4.72	22.87	12.33	21.92	18.65	1.60	24.57	27.17
9/27/2021 12:01:30 PM	2.83	3.78	1.55	0.00	0.00	0.00	0.00	0.29	8.16	95.06	6.23	12.24	1498	3780	699	0	0	0	0	0	5977	144.26	9.72	4.80	23.20	12.44	21.90	19.09	1.61	24.56	27.12
9/27/2021 12:01:33 PM	2.93	3.68	1.57	0.00	0.00	0.00	0.00	0.29	8.19	94.51	6.36	12.14	1555	3683	707	0	0	0	0	0	5945	143.42	9.76	4.64	22.84	12.60	21.67	19.52	1.62	24.54	27.10
9/27/2021 12:01:35 PM	2.79	3.54	1.36	0.00	0.00	0.00	0.00	0.31	7.69	94.65	6.49	12.11	1477	3540	613	0	0	0	0	0	5629	143.65	9.10	4.38	21.86	12.08	20.73	18.20	1.64	24.50	27.07
9/27/2021 12:01:37 PM	2.92	3.63	1.41	0.00	0.00	0.00	0.00	0.30	7.97	94.58	6.59	12.18	1550	3634	634	0	0	0	0	0	5818	143.53	9.34	4.48	22.38	12.30	21.36	18.78	1.65	24.49	27.09
9/27/2021 12:01:40 PM	3.01	3.61	1.35	0.00	0.00	0.00	0.00	0.30	7.97	94.39	6.67	12.30	1593	3611	607	0	0	0	0	0	5811	143.24	9.24	4.50	22.27	12.38	21.28	18.84	1.65	24.46	27.07
9/27/2021 12:01:42 PM	2.91	3.60	1.43	0.00	0.00	0.00	0.00	0.30	7.94	94.58	6.80	12.22	1540	3601	645	0	0	0	0	0	5787	143.54	9.35	4.54	22.21	12.30	21.26	18.82	1.67	24.44	27.04
9/27/2021 12:01:45 PM	3.07	3.68	1.55	0.00	0.00	0.00	0.00	0.28	8.30	94.38	6.91	12.18	1626	3683	698	0	0	0	0	0	6007	143.23	9.78	4.68	23.17	12.63	21.48	19.75	1.68	24.40	27.05
9/27/2021 12:01:47 PM	2.98	3.65	1.50	0.00	0.00	0.00	0.00	0.29	8.13	94.51	7.02	12.34	1578	3647	676	0	0	0	0	0	5901	143.42	9.58	4.58	22.57	12.49	21.55	19.33	1.69	24.38	27.04
9/27/2021 12:01:49 PM	3.08	3.63	1.51	0.00	0.00	0.00	0.00	0.29	8.21	93.98	7.13	12.24	1630	3627	678	0	0	0	0	0	5935	142.62	9.62	4.60	22.59	12.58	21.53	19.62	1.70	24.34	27.05
9/27/2021 12:01:52 PM	3.20	3.60	1.45	0.00	0.00	0.00	0.00	0.27	8.24	93.65	7.25	12.09	1694	3598	651	0	0	0	0	0	5943	142.13	9.49	4.43	22.54	12.41	21.39	19.56	1.71	24.32	26.99
9/27/2021 12:01:54 PM	2.88	3.59	1.48	0.00	0.00	0.00	0.00	0.29	7.95	94.13	7.33	12.20	1527	3588	666	0	0	0	0	0	5781	142.85	9.44	4.47	22.32	12.29	21.08	18.91	1.72	24.27	26.99
9/27/2021 12:01:57 PM	3.08	3.58	1.47	0.00	0.00	0.00	0.00	0.28	8.13	93.83	7.44	12.24	1632	3577	663	0	0	0	0	0	5871	142.39	9.49	4.46	22.33	12.41	21.29	19.40	1.73	24.25	26.95
9/27/2021 12:01:59 PM	3.25	3.59	1.42	0.00	0.00	0.00	0.00	0.26	8.26	93.75	7.55	12.31	1720	3592	639	0	0	0	0	0	5951	142.27	9.45	4.44	22.65	12.42	21.25	19.58	1.74	24.22	26.96
9/27/2021 12:02:01 PM	3.15	3.57	1.60	0.00	0.00	0.00	0.00	0.28	8.32	93.98	7.62	12.29	1669	3570	719	0	0	0	0	0	5958	142.62	9.83	4.52	22.52	12.73	21.42	20.18	1.75	24.18	26.94
9/27/2021 12:02:04 PM	3.34	3.63	1.59	0.00	0.00	0.00	0.00	0.26	8.56	93.94	7.69	12.20	1768	3634	715	0	0	0	0	0	6118	142.57	9.92	4.73	23.00	12.87	21.75	20.64	1.75	24.15	26.93
9/27/2021 12:02:06 PM	3.19	3.56	1.46	0.00	0.00	0.00	0.00	0.28	8.21	93.76	7.76	12.15	1689	3560	658	0	0	0	0	0	5908	142.29	9.50	4.48	22.27	12.51	21.36	19.68	1.76	24.12	26.90
9/27/2021 12:02:08 PM	3.02	3.60	1.56	0.00	0.00	0.00	0.00	0.30	8.19	93.47	7.94	12.07	1603	3603	702	0	0	0	0	0	5908	141.85	9.74	4.53	22.51	12.69	21.45	19.77	1.78	24.10	26.89
9/27/2021 12:02:11 PM	3.41	3.63	1.56	0.00	0.00	0.00	0.00	0.27	8.60	93.75	8.04	12.05	1809	3625	701	0	0	0	0	0	6136	142.27	9.93	4.54	23.01	12.98	21.77	20.80	1.79	24.05	26.85
9/27/2021 12:02:13 PM	3.22	3.72	1.67	0.00	0.00	0.00	0.00	0.28	8.61	93.78	8.05	12.08	1708	3716	750	0	0	0	0	0	6174	142.32	10.15	4.73	23.09	13.10	22.40	20.81	1.79	24.02	26.83
9/27/2021 12:02:16 PM	3.53	3.69	1.72	0.00	0.00	0.00	0.00	0.27	8.94	93.41	8.05	12.17	1872	3687	773	0	0	0	0	0	6331	141.75	10.41	4.75	23.36	13.47	22.49	21.91	1.79	23.98	26.83
9/27/2021 12:02:18 PM	3.52	3.70	1.58	0.00	0.00	0.00	0.00	0.27	8.80	93.15	8.06	12.35	1865	3697	713	0	0	0	0	0	6275	141.36	10.10	4.67	23.49	13.20	22.13	21.25	1.79	23.95	26.78
9/27/2021 12:02:20 PM	3.47	3.71	1.61	0.00	0.00	0.00	0.00	0.27	8.79	92.89	8.06	12.58	1840	3711	723	0	0	0	0	0	6275	140.97	10.14	4.72	23.41	13.25	22.31	21.27	1.79	23.90	26.76
9/27/2021 12:02:23 PM	3.08	3.65	1.56	0.00	0.00	0.00	0.00	0.29	8.29	93.61	8.18	12.45	1633	3655	701	0	0	0	0	0	5988	142.06	9.80	4.49	22.73	12.75	21.77	19.91	1.80	23.87	26.79
9/27/2021 12:02:25 PM	2.99	3.70	1.49	0.00	0.00	0.00	0.00	0.30	8.17	93.61	8.25	12.27	1583	3697	671	0	0	0	0	0	5950	142.07	9.64	4.53	22.95	12.60	21.61	19.38	1.81	23.83	26.73
9/27/2021 12:02:27 PM	3.15	3.68	1.54	0.00	0.00	0.00	0.00	0.31	8.36	93.67	8.35	12.30	1668	3678	692	0	0	0	0	0	6038	142.15	9.84	4.67	22.89	12.98	21.88	20.16	1.82	23.79	26.70
9/27/2021 12:02:30 PM	3.12	3.66	1.54	0.00	0.00	0.00	0.00	0.29	8.32	93.93	8.51	12.21	1654	3658	692	0	0	0	0	0	6004	142.55	9.78	4.67	22.90	12.80	21.63	19.97	1.83	23.75	26.73
9/27/2021 12:02:32 PM	3.21	3.67	1.56	0.00	0.00	0.00	0.00	0.29	8.45	93.30	8.61	12.15	1703	3674	704	0	0	0	0	0	6080	141.59	9.92	4.55	23.10	12.98	21.80	20.38	1.84	23.72	26.66
9/27/2021 12:02:35 PM	3.32	3.68	1.54	0.00	0.00	0.00	0.00	0.28	8.55	93.37	8.68	12.15	1760	3682	695	0	0	0	0	0	6137	141.70	9.91	4.60	23.30	12.92	21.77	20.50	1.85	23.68	26.66
9/27/2021 12:02:37 PM	3.07	3.69	1.78	0.00	0.00	0.00	0.00	0.30	8.54	93.52	8.71	12.21	1627	3689	802	0	0	0	0	0	6118	141.92	10.39	4.60	23.22	13.20	22.03	20.92	1.85	23.64	26.61
9/27/2021 12:02:39 PM	3.22	3.70	1.53	0.00	0.00	0.00	0.00	0.30	8.45	92.85	8.76	12.36	1709	3700	689	0	0	0	0	0	6097	140.91	9.89	4.55	23.18	13.03	21.90	20.34	1.86	23.60	26.64
9/27/2021 12:02:42 PM	3.32	3.70	1.60	0.00	0.00	0.00	0.00	0.29	8.62	93.18	8.82	12.40	1759	3702	718	0	0	0	0	0	6180	141.41	10.10	4.56	23.47	13.18	21.92	20.84	1.86	23.56	26.56
9/27/2021 12:02:44 PM	3.43	3.75	1.63	0.00	0.00	0.00	0.00	0.31	8.81	93.20	8.82	12.35	1817	3747	734	0	0	0	0	0	6299	141.44	10.31	4.74	23.77	13.58	22.27	21.49	1.86	23.52	26.55
9/27/2021 12:02:47 PM	3.25	3.68	1.49	0.00	0.00	0.00	0.00	0.29	8.42	93.00	8.85	12.48	1723	3680	669	0	0	0	0	0	6072	141.14	9.76	4.69	23.21	12.91	21.60	20.17	1.87	23.49	26.58
9/27/2021 12:02:49 PM	3.34	3.68	1.43	0.00	0.00	0.00	0.00	0.31	8.45	93.27	8.89	12.56	1771	3684	643	0	0	0	0	0	6098	141.55	9.72	4.63	23.29	13.07	21.62	20.30	1.87	23.45	26.49
9/27/2021 12:02:51 PM	3.65	3.82	1.53	0.00	0.00	0.00	0.00	0.28	8.99	92.89	8.96	12.57	1934	3816	687	0	0	0	0	0	6437	140.97	10.19	4.88	24.38	13.51	22.35	21.55	1.88	23.41	26.51
9/27/2021 12:02:54 PM	3.56	3.78	1.62	0.00	0.00	0.00	0.00	0.29	8.97	92.71	9.04	12.64	1887	3784	730	0	0	0	0	0	6401	140.69	10.35	4.89	24.16	13.61	22.37	21.74	1.89	23.36	26.46
9/27/2021 12:02:56 PM	3.27	3.69	1.61	0.00	0.00	0.00	0.00	0.33	8.57	92.80	9.14	12.65	1733	3690	722	0	0	0	0	0	6146	140.83	10.16	4.73	23.49	13.48	21.74	21.01	1.90	23.33	26.45
9/27/2021 12:02:58 PM	3.37	3.57	1.46	0.00	0.00	0.00	0.00	0.32	8.40	93.12	9.25	12.48	1787	3567	659	0	0	0	0	0	6013	141.32	9.77	4.49	22.73	13.26	21.32	20.65	1.91	23.29	26.44
9/27/2021 12:03:01 PM	3.33	3.65	1.54	0.00	0.00	0.00	0.00	0.32	8.52	92.53	9.38	12.20	1762	3655	694	0	0	0	0	0	6111	140.42	9.99	4.62	23.32	13.31	21.56	20.81	1.92	23.26	26.39
9/27/2021 12:03:03 PM	3.52	3.70	1.64	0.00	0.00	0.00	0.00	0.29	8.86	92.44	9.50	12.04	1867	3695	739	0	0	0	0	0	6301	140.29	10.33	4.74	23.93	13.54	21.80	21.69	1.93	23.20	26.38
9/27/2021 12:03:06 PM	3.47	3.67	1.56	0.00	0.00	0.00	0.00	0.31	8.71	92.29	9.62	12.00	1839	3674	703	0	0	0	0	0	6216	140.06	10.15	4.75	23.72	13.56	21.59	21.35	1.94	23.18	26.35
9/27/2021 12:03:08 PM	3.38	3.64	1.67	0.00	0.00	0.00	0.00	0.31	8.68	92.45	9.68	12.00	1790	3636	752	0	0	0	0	0	6178	140.30	10.32	4.69	23.46	13.58	21.60	21.53	1.95	23.14	26.34
9/27/2021 12:03:10 PM	3.46	3.67	1.53	0.00	0.00	0.00	0.00	0.30	8.65	91.82	9.75	11.99	1832	3671	688	0	0	0	0	0	6190	139.35	10.02	4.67	23.57	13.34	21.61	21.06	1.96	23.09	26.31
9/27/2021 12:03:13 PM	4.14	3.95	1.99	0.00	0.00	0.00	0.00	0.24	10.08	91.53	9.79	12.00	2195	3949	896	0	0	0	0	0	7039	138.90	11.60	5.33	25.97	14.69	23.66	24.89	1.96	23.06	26.29
9/27/2021 12:03:15 PM	10.83	8.14	9.88	0.00	0.00	0.00	0.00	0.00	28.85	79.88	9.80	11.99	5739	8143	4446	0	0	0	0	0	18328	121.22	36.81	12.91	59.48	34.05	55.00	82.51	1.96	23.01	26.24
9/27/2021 12:03:17 PM	9.90	7.15	7.03	0.00	0.00	0.00	0.00	0.00	24.07	77.80	9.81	12.02	5245	7145	3162	0	0	0	0	0	15552	118.06	29.01	10.47	52.50	29.05	45.36	65.75	1.96	22.99	26.24
9/27/2021 12:03:20 PM	10.69	7.35	7.59	0.00	0.00	0.00	0.00	0.00	25.64	79.94	9.81	12.09	5666	7354	3416	0	0	0	0	0	16436	121.31	30.92	10.84	52.35	32.07	49.87	70.54	1.96	22.95	26.20
9/27/2021 12:03:22 PM	8.79	5.25	5.70	0.00	0.00	0.00	0.00	0.00	19.74	83.40	9.79	12.16	4656	5253	2565	0	0	0	0	0	12475	126.56	23.58	8.02	38.52	25.44	38.10	55.00	1.96	22.90	26.14
9/27/2021 12:03:25 PM	8.40	5.13	5.77	0.00	0.00	0.00	0.00	0.00	19.31	83.75	9.79	12.23	4454	5132	2598	0	0	0	0	0	12183	127.09	23.37	7.81	37.92	24.41	37.24	54.27	1.96	22.86	26.11
9/27/2021 12:03:27 PM	7.13	5.75	6.88	0.00	0.00	0.00	0.00	0.00	19.75	80.65	9.79	12.32	3777	5746	3096	0	0	0	0	0	12619	122.38	25.99	8.46	41.92	25.61	38.61	54.97	1.96	22.81	26.14
9/27/2021 12:03:29 PM	8.26	6.07	6.86	0.00	0.00	0.00	0.00	0.00	21.19	72.28	9.79	12.37	4375	6069	3089	0	0	0	0	0	13533	109.68	26.77	8.46	43.03	27.07	42.39	58.79	1.96	22.78	26.09
9/27/2021 12:03:32 PM	4.31	4.20	3.70	0.00	0.00	0.00	0.00	0.00	12.20	28.58	9.79	12.30	2283	4199	1664	0	0	0	0	0	8146	43.35	15.20	5.63	30.78	12.85	25.08	32.25	1.96	22.74	26.08
