Date/Time	Green Algae	Bluegreen	Diatoms	Cryptophyta	#5	#6	#7	Yellow substances	Total conc.	Transmission	Depth	Temp. Sample	Green Algae	Bluegreen	Diatoms	Cryptophyta	#5	#6	#7	Yellow substances	Total cell count	Trans. 700 nm	LED 3 [525 nm]	LED 4 [570 nm]	LED 5 [610 nm]	LED 6 [370 nm]	LED 7 [590 nm]	LED 8 [470 nm]	Pressure	Temp. LEDs	Temp. Sensor
date	µg/l	µg/l	µg/l	µg/l	µg/l	µg/l	µg/l	r.u.	µg/l	%	m	°C	cells/ml	cells/ml	cells/ml	cells/ml	cells/ml	cells/ml	cells/ml	r.u.	cells/ml	digits	digits	digits	digits	digits	digits	digits	bar	°C	°C
3/22/2021 11:17:23 AM	5.71	0.00	2.51	0.10	0.00	0.00	0.00	0.23	8.33	100.00	-0.00	10.63	3025	0	1132	3	0	0	0	0	4160	180.91	10.53	3.63	8.31	14.83	10.69	31.53	1.00	19.15	19.12
3/22/2021 11:17:25 AM	5.53	0.00	2.76	0.00	0.00	0.00	0.00	0.30	8.29	100.00	0.01	10.57	2931	0	1243	0	0	0	0	0	4173	181.36	11.03	1.91	8.35	15.43	10.19	32.27	1.00	19.20	19.16
3/22/2021 11:17:28 AM	6.10	0.00	2.58	0.00	0.00	0.00	0.00	0.18	8.67	100.00	0.01	10.50	3231	0	1160	0	0	0	0	0	4391	181.75	10.64	2.07	8.79	14.80	10.63	32.14	1.00	19.23	19.20
3/22/2021 11:17:30 AM	5.99	0.08	2.79	0.01	0.00	0.00	0.00	0.24	8.87	100.00	0.02	10.81	3175	80	1257	0	0	0	0	0	4511	180.36	11.35	2.40	9.44	15.79	11.43	33.13	1.00	19.25	19.13
3/22/2021 11:17:32 AM	5.44	0.00	2.53	0.26	0.00	0.00	0.00	0.38	8.23	100.00	0.02	11.14	2885	0	1137	8	0	0	0	0	4030	180.99	11.28	3.81	8.53	16.29	11.19	32.62	1.00	19.29	19.21
3/22/2021 11:17:35 AM	6.20	0.00	2.30	0.25	0.00	0.00	0.00	0.19	8.75	100.00	0.01	11.37	3287	0	1033	7	0	0	0	0	4328	181.12	10.79	3.05	9.36	15.07	11.41	32.29	1.00	19.33	19.23
3/22/2021 11:17:37 AM	6.03	0.00	1.93	0.19	0.00	0.00	0.00	0.26	8.15	100.00	0.07	11.62	3195	0	868	6	0	0	0	0	4069	179.97	9.81	2.67	8.70	14.77	10.76	30.40	1.01	19.36	19.25
3/22/2021 11:17:40 AM	5.86	0.00	2.16	0.23	0.00	0.00	0.00	0.24	8.25	100.00	0.12	11.35	3106	0	972	7	0	0	0	0	4085	179.76	10.26	3.20	8.56	14.75	11.03	30.99	1.01	19.39	19.26
3/22/2021 11:17:42 AM	6.67	0.00	1.90	0.04	0.00	0.00	0.00	0.25	8.61	100.00	0.18	11.27	3535	0	855	1	0	0	0	0	4392	181.69	9.65	2.34	8.87	15.30	10.73	31.58	1.02	19.42	19.25
3/22/2021 11:17:44 AM	6.46	0.00	2.30	0.02	0.00	0.00	0.00	0.21	8.78	100.00	0.22	11.37	3426	0	1034	1	0	0	0	0	4460	180.02	10.24	2.56	8.59	15.15	11.08	32.34	1.02	19.44	19.26
3/22/2021 11:17:47 AM	6.46	0.08	2.32	0.00	0.00	0.00	0.00	0.22	8.86	100.00	0.26	11.27	3423	83	1046	0	0	0	0	0	4551	180.73	10.42	2.51	9.55	15.41	11.04	32.36	1.03	19.47	19.26
3/22/2021 11:17:49 AM	6.05	0.00	2.59	0.00	0.00	0.00	0.00	0.27	8.64	100.00	0.34	11.14	3206	0	1165	0	0	0	0	0	4370	180.88	10.83	1.46	8.21	15.48	10.45	33.11	1.03	19.49	19.32
3/22/2021 11:17:51 AM	6.07	0.00	2.44	0.04	0.00	0.00	0.00	0.23	8.55	100.00	0.34	11.16	3219	0	1099	1	0	0	0	0	4320	180.91	10.43	2.65	8.18	15.08	11.10	32.04	1.03	19.51	19.32
3/22/2021 11:17:54 AM	6.26	0.00	2.68	0.00	0.00	0.00	0.00	0.11	8.94	100.00	0.36	11.51	3315	0	1208	0	0	0	0	0	4524	180.55	10.71	2.31	8.52	14.38	11.07	32.61	1.03	19.54	19.31
3/22/2021 11:17:56 AM	6.54	0.00	2.50	0.03	0.00	0.00	0.00	0.30	9.07	100.00	0.42	11.93	3468	0	1125	1	0	0	0	0	4594	180.44	11.12	2.16	9.20	16.60	11.50	34.14	1.04	19.55	19.32
3/22/2021 11:17:59 AM	6.15	0.09	2.71	0.00	0.00	0.00	0.00	0.31	8.94	100.00	0.46	11.60	3258	89	1218	0	0	0	0	0	4565	181.87	11.37	2.94	9.81	16.58	11.16	33.79	1.04	19.56	19.35
3/22/2021 11:18:01 AM	6.75	0.00	2.26	0.00	0.00	0.00	0.00	0.27	9.01	100.00	0.51	10.84	3579	0	1016	0	0	0	0	0	4595	180.33	10.27	3.39	8.58	15.92	10.36	33.85	1.05	19.60	19.37
3/22/2021 11:18:03 AM	7.25	0.00	2.73	0.00	0.00	0.00	0.00	0.11	9.98	100.00	0.55	10.80	3843	0	1227	0	0	0	0	0	5070	179.48	11.36	1.65	8.87	15.55	11.07	36.57	1.05	19.60	19.38
3/22/2021 11:18:06 AM	6.41	0.00	3.31	0.00	0.00	0.00	0.00	0.26	9.72	100.00	0.59	11.10	3399	0	1490	0	0	0	0	0	4889	179.75	12.77	3.27	10.37	17.39	11.30	36.94	1.06	19.61	19.33
3/22/2021 11:18:08 AM	6.88	0.00	2.77	0.00	0.00	0.00	0.00	0.29	9.65	100.00	0.62	11.35	3648	0	1245	0	0	0	0	0	4893	180.24	11.63	3.27	8.70	17.23	11.74	36.67	1.06	19.63	19.40
3/22/2021 11:18:10 AM	7.51	0.00	2.48	0.09	0.00	0.00	0.00	0.27	10.08	100.00	0.63	11.64	3983	0	1114	3	0	0	0	0	5100	180.71	11.69	3.51	10.50	17.75	11.91	37.22	1.06	19.62	19.32
3/22/2021 11:18:13 AM	6.58	0.00	3.08	0.00	0.00	0.00	0.00	0.33	9.66	100.00	0.66	12.02	3488	0	1385	0	0	0	0	0	4873	180.27	12.38	1.92	8.47	17.59	11.98	37.52	1.06	19.64	19.38
3/22/2021 11:18:15 AM	8.03	0.00	2.56	0.00	0.00	0.00	0.00	0.18	10.60	100.00	0.69	12.26	4257	0	1154	0	0	0	0	0	5411	181.00	11.54	2.83	9.31	17.23	12.11	38.72	1.07	19.66	19.37
3/22/2021 11:18:18 AM	7.13	0.00	3.38	0.00	0.00	0.00	0.00	0.18	10.51	100.00	0.72	12.35	3777	0	1522	0	0	0	0	0	5299	180.89	13.13	2.12	9.89	17.48	12.61	39.11	1.07	19.66	19.38
3/22/2021 11:18:20 AM	6.38	0.00	3.93	0.00	0.00	0.00	0.00	0.27	10.32	100.00	0.74	12.33	3383	0	1770	0	0	0	0	0	5153	180.00	13.93	3.65	8.69	18.00	12.14	40.45	1.07	19.66	19.36
3/22/2021 11:18:22 AM	6.89	0.00	3.85	0.00	0.00	0.00	0.00	0.24	10.74	100.00	0.76	12.32	3653	0	1730	0	0	0	0	0	5383	180.10	14.20	2.50	10.04	18.47	12.34	41.20	1.07	19.67	19.40
3/22/2021 11:18:25 AM	7.07	0.00	3.88	0.00	0.00	0.00	0.00	0.28	10.95	100.00	0.80	12.39	3746	0	1745	0	0	0	0	0	5492	181.84	14.37	3.94	10.35	19.22	12.18	42.26	1.08	19.68	19.36
3/22/2021 11:18:27 AM	8.06	0.00	3.61	0.00	0.00	0.00	0.00	0.08	11.67	100.00	0.80	12.36	4274	0	1622	0	0	0	0	0	5897	181.28	13.90	2.95	11.01	18.14	12.92	42.48	1.08	19.69	19.38
3/22/2021 11:18:29 AM	6.96	0.00	3.50	0.00	0.00	0.00	0.00	0.29	10.46	100.00	0.81	12.22	3688	0	1574	0	0	0	0	0	5262	180.76	13.61	2.73	10.39	18.66	12.20	39.96	1.08	19.69	19.41
3/22/2021 11:18:32 AM	7.23	0.00	3.65	0.00	0.00	0.00	0.00	0.24	10.88	100.00	0.86	12.14	3834	0	1641	0	0	0	0	0	5475	181.66	13.64	3.75	9.08	18.34	11.99	41.91	1.08	19.69	19.42
3/22/2021 11:18:34 AM	7.32	0.00	3.68	0.00	0.00	0.00	0.00	0.22	11.00	100.00	0.86	12.13	3878	0	1657	0	0	0	0	0	5536	180.64	13.82	3.91	9.95	18.47	12.05	41.85	1.08	19.70	19.37
3/22/2021 11:18:37 AM	8.04	0.02	3.80	0.00	0.00	0.00	0.00	0.12	11.86	100.00	0.89	11.82	4261	18	1710	0	0	0	0	0	5989	181.25	14.60	3.15	12.12	19.12	13.58	43.11	1.09	19.71	19.41
3/22/2021 11:18:39 AM	8.38	0.00	3.44	0.00	0.00	0.00	0.00	0.24	11.82	100.00	0.91	11.28	4439	0	1549	0	0	0	0	0	5989	180.28	14.13	3.10	11.40	19.97	12.94	44.03	1.09	19.70	19.37
3/22/2021 11:18:41 AM	7.85	0.00	4.11	0.00	0.00	0.00	0.00	0.22	11.95	100.00	0.93	11.08	4158	0	1849	0	0	0	0	0	6007	179.15	15.27	3.22	11.10	19.93	12.88	45.38	1.09	19.69	19.36
3/22/2021 11:18:44 AM	7.42	0.00	4.54	0.00	0.00	0.00	0.00	0.19	11.97	100.00	0.94	11.25	3934	0	2045	0	0	0	0	0	5978	179.93	16.04	3.82	11.84	20.00	13.04	45.43	1.09	19.69	19.40
3/22/2021 11:18:46 AM	7.51	0.00	4.17	0.00	0.00	0.00	0.00	0.19	11.68	100.00	0.97	11.59	3979	0	1878	0	0	0	0	0	5857	180.67	15.26	3.41	11.48	19.62	13.52	43.81	1.10	19.69	19.42
3/22/2021 11:18:49 AM	7.11	0.00	4.19	0.00	0.00	0.00	0.00	0.27	11.30	100.00	1.01	11.76	3768	0	1885	0	0	0	0	0	5653	179.28	15.06	3.43	9.57	19.62	13.73	43.71	1.10	19.67	19.38
3/22/2021 11:18:51 AM	7.80	0.00	4.32	0.00	0.00	0.00	0.00	0.15	12.12	100.00	1.03	11.72	4135	0	1943	0	0	0	0	0	6078	180.59	15.45	4.14	10.79	19.57	13.57	45.54	1.10	19.69	19.43
3/22/2021 11:18:53 AM	7.91	0.00	4.58	0.00	0.00	0.00	0.00	0.16	12.49	100.00	1.03	11.68	4192	0	2063	0	0	0	0	0	6255	179.58	16.39	2.68	11.92	20.24	13.10	47.26	1.10	19.67	19.40
3/22/2021 11:18:56 AM	8.33	0.00	4.90	0.00	0.00	0.00	0.00	0.11	13.22	100.00	1.06	11.72	4413	0	2203	0	0	0	0	0	6617	179.73	17.10	2.20	10.97	20.51	14.16	50.06	1.10	19.67	19.37
3/22/2021 11:18:58 AM	8.46	0.00	4.41	0.00	0.00	0.00	0.00	0.22	12.87	100.00	1.09	11.57	4485	0	1985	0	0	0	0	0	6469	180.24	16.30	3.92	11.59	21.40	14.37	48.57	1.11	19.67	19.41
3/22/2021 11:19:00 AM	9.03	0.00	4.72	0.00	0.00	0.00	0.00	0.15	13.75	100.00	1.10	11.29	4784	0	2125	0	0	0	0	0	6909	181.46	17.07	4.36	11.57	21.87	15.01	51.56	1.11	19.66	19.41
3/22/2021 11:19:03 AM	7.73	0.00	5.40	0.00	0.00	0.00	0.00	0.34	13.13	100.00	1.10	11.24	4096	0	2431	0	0	0	0	0	6526	181.18	18.43	4.51	11.28	23.15	14.90	51.84	1.11	19.66	19.38
3/22/2021 11:19:05 AM	9.09	0.00	4.41	0.00	0.00	0.00	0.00	0.18	13.50	100.00	1.11	11.47	4820	0	1983	0	0	0	0	0	6803	181.23	16.36	4.85	11.65	21.60	13.52	50.91	1.11	19.64	19.35
3/22/2021 11:19:08 AM	8.88	0.00	4.54	0.00	0.00	0.00	0.00	0.35	13.42	100.00	1.16	11.67	4707	0	2043	0	0	0	0	0	6750	180.06	17.05	4.18	11.35	23.28	14.27	52.10	1.11	19.64	19.38
3/22/2021 11:19:10 AM	9.42	0.00	4.81	0.00	0.00	0.00	0.00	0.06	14.23	100.00	1.17	11.61	4995	0	2162	0	0	0	0	0	7157	180.86	17.20	4.20	11.85	21.32	13.95	53.03	1.11	19.64	19.36
3/22/2021 11:19:12 AM	6.88	0.00	5.73	0.00	0.00	0.00	0.00	0.33	12.61	100.00	1.18	11.43	3649	0	2577	0	0	0	0	0	6225	179.43	18.89	2.64	11.27	22.37	13.93	50.72	1.12	19.62	19.38
3/22/2021 11:19:15 AM	7.88	0.00	5.52	0.00	0.00	0.00	0.00	0.07	13.40	100.00	1.19	11.22	4178	0	2484	0	0	0	0	0	6662	178.96	18.13	4.01	12.04	20.52	13.03	51.16	1.12	19.62	19.36
3/22/2021 11:19:17 AM	7.59	0.00	5.72	0.00	0.00	0.00	0.00	0.15	13.31	100.00	1.22	11.18	4022	0	2576	0	0	0	0	0	6598	180.34	18.66	3.98	11.95	21.28	12.88	51.90	1.12	19.60	19.32
3/22/2021 11:19:19 AM	8.19	0.00	5.85	0.00	0.00	0.00	0.00	0.08	14.04	100.00	1.26	11.19	4339	0	2635	0	0	0	0	0	6974	180.72	19.06	3.84	11.67	21.51	13.95	54.04	1.12	19.60	19.36
3/22/2021 11:19:22 AM	9.42	0.00	4.60	0.00	0.00	0.00	0.00	0.18	14.02	100.00	1.30	11.05	4993	0	2070	0	0	0	0	0	7063	181.05	17.13	3.32	11.87	22.24	14.08	52.95	1.13	19.58	19.35
3/22/2021 11:19:24 AM	8.52	0.00	5.36	0.21	0.00	0.00	0.00	0.06	14.09	100.00	1.36	10.90	4516	0	2413	6	0	0	0	0	6935	181.54	18.92	4.41	13.00	22.09	17.20	52.26	1.13	19.56	19.36
3/22/2021 11:19:27 AM	9.13	0.00	4.96	0.04	0.00	0.00	0.00	0.13	14.13	100.00	1.39	10.92	4838	0	2233	1	0	0	0	0	7072	179.07	17.76	5.11	11.82	22.55	16.77	52.53	1.14	19.56	19.36
3/22/2021 11:19:29 AM	10.44	0.00	4.43	0.00	0.00	0.00	0.00	0.02	14.87	100.00	1.43	11.10	5534	0	1994	0	0	0	0	0	7528	179.74	17.03	3.57	13.33	22.04	14.64	53.92	1.14	19.55	19.31
3/22/2021 11:19:31 AM	9.31	0.00	5.23	0.00	0.00	0.00	0.00	0.19	14.54	100.00	1.46	10.71	4933	0	2353	0	0	0	0	0	7286	180.20	18.59	4.18	12.91	23.33	14.26	55.36	1.14	19.53	19.36
3/22/2021 11:19:34 AM	9.24	0.00	5.43	0.00	0.00	0.00	0.00	0.07	14.68	100.00	1.48	10.37	4899	0	2444	0	0	0	0	0	7344	180.38	18.64	4.61	12.21	22.46	15.50	55.01	1.14	19.51	19.33
3/22/2021 11:19:36 AM	8.75	0.00	5.46	0.00	0.00	0.00	0.00	0.13	14.22	100.00	1.49	10.52	4640	0	2457	0	0	0	0	0	7097	180.53	18.58	4.19	11.74	22.30	14.85	54.20	1.15	19.50	19.33
3/22/2021 11:19:39 AM	7.89	0.00	6.07	0.00	0.00	0.00	0.00	0.16	13.96	100.00	1.50	10.80	4182	0	2732	0	0	0	0	0	6914	180.33	19.84	3.86	12.98	22.71	14.64	53.93	1.15	19.49	19.33
3/22/2021 11:19:41 AM	7.61	0.00	6.11	0.00	0.00	0.00	0.00	0.21	13.73	100.00	1.53	11.01	4035	0	2750	0	0	0	0	0	6786	181.12	19.80	5.26	12.93	23.02	14.99	53.27	1.15	19.47	19.38
3/22/2021 11:19:43 AM	8.78	0.00	5.22	0.00	0.00	0.00	0.00	0.26	14.00	100.00	1.55	11.11	4655	0	2348	0	0	0	0	0	7003	181.18	18.54	4.21	12.86	23.58	14.59	53.83	1.15	19.46	19.31
3/22/2021 11:19:46 AM	8.68	0.00	5.38	0.00	0.00	0.00	0.00	0.30	14.06	100.00	1.58	11.01	4601	0	2422	0	0	0	0	0	7023	180.48	18.88	4.14	12.17	23.98	15.05	54.73	1.15	19.44	19.31
3/22/2021 11:19:48 AM	8.90	0.00	5.67	0.00	0.00	0.00	0.00	0.22	14.58	100.00	1.61	10.87	4718	0	2553	0	0	0	0	0	7271	180.35	19.51	3.58	12.14	23.90	15.68	56.25	1.16	19.44	19.30
3/22/2021 11:19:50 AM	9.29	0.00	5.44	0.00	0.00	0.00	0.00	0.13	14.73	100.00	1.65	10.87	4924	0	2447	0	0	0	0	0	7371	180.42	19.01	4.20	13.31	23.30	15.25	55.40	1.16	19.42	19.27
3/22/2021 11:19:53 AM	8.63	0.00	6.12	0.00	0.00	0.00	0.00	0.13	14.74	100.00	1.70	10.82	4572	0	2752	0	0	0	0	0	7324	180.42	20.14	4.38	13.14	23.20	14.07	56.87	1.17	19.40	19.27
3/22/2021 11:19:55 AM	9.07	0.00	5.91	0.00	0.00	0.00	0.00	0.23	14.98	100.00	1.70	10.73	4808	0	2659	0	0	0	0	0	7468	180.12	20.19	4.72	13.01	24.85	16.45	57.52	1.17	19.38	19.30
3/22/2021 11:19:58 AM	8.51	0.00	6.51	0.00	0.00	0.00	0.00	0.10	15.01	100.00	1.75	10.68	4509	0	2929	0	0	0	0	0	7437	179.53	20.90	4.98	13.09	23.57	15.44	57.71	1.17	19.36	19.25
3/22/2021 11:20:00 AM	11.01	0.00	6.65	0.00	0.00	0.00	0.00	0.24	17.66	100.00	1.78	10.44	5834	0	2994	0	0	0	0	0	8828	180.58	23.14	6.49	16.29	29.07	18.12	66.95	1.17	19.35	19.25
3/22/2021 11:20:02 AM	11.85	0.00	8.62	0.00	0.00	0.00	0.00	0.29	20.47	100.00	1.83	10.30	6280	0	3878	0	0	0	0	0	10158	181.30	28.38	5.96	17.43	33.68	20.75	79.50	1.18	19.34	19.26
3/22/2021 11:20:05 AM	11.53	0.00	9.31	0.00	0.00	0.00	0.00	0.23	20.84	100.00	1.90	10.41	6111	0	4191	0	0	0	0	0	10302	178.70	29.68	5.34	16.70	33.79	22.28	81.22	1.19	19.32	19.23
3/22/2021 11:20:07 AM	11.10	0.00	7.95	0.00	0.00	0.00	0.00	0.22	19.05	100.00	1.98	10.37	5885	0	3576	0	0	0	0	0	9462	180.18	26.17	5.70	16.43	30.82	19.27	73.48	1.19	19.30	19.25
3/22/2021 11:20:09 AM	14.20	0.00	10.53	0.00	0.00	0.00	0.00	0.24	24.73	100.00	2.04	10.16	7527	0	4736	0	0	0	0	0	12263	178.43	34.37	7.09	22.73	39.89	23.33	95.08	1.20	19.28	19.22
3/22/2021 11:20:12 AM	17.17	0.00	12.98	0.00	0.00	0.00	0.00	0.32	30.15	100.00	2.09	10.11	9099	0	5843	0	0	0	0	0	14942	178.58	42.15	8.94	27.44	49.07	28.44	116.22	1.20	19.27	19.23
3/22/2021 11:20:14 AM	16.01	0.00	13.40	0.00	0.00	0.00	0.00	0.29	29.41	100.00	2.14	9.97	8485	0	6028	0	0	0	0	0	14514	179.38	42.42	7.28	26.31	47.53	27.42	114.56	1.21	19.24	19.23
3/22/2021 11:20:17 AM	14.92	0.00	14.57	0.00	0.00	0.00	0.00	0.41	29.49	100.00	2.16	9.98	7908	0	6558	0	0	0	0	0	14466	177.95	44.71	7.50	25.17	48.87	27.91	117.76	1.21	19.22	19.22
3/22/2021 11:20:19 AM	13.79	0.00	13.42	0.00	0.00	0.00	0.00	0.57	27.22	100.00	2.19	10.13	7311	0	6040	0	0	0	0	0	13351	178.85	41.78	7.05	23.43	47.23	26.81	109.89	1.21	19.20	19.18
3/22/2021 11:20:21 AM	13.53	0.00	12.24	0.00	0.00	0.00	0.00	0.31	25.77	100.00	2.22	10.14	7169	0	5510	0	0	0	0	0	12679	178.67	37.96	6.67	21.23	41.88	24.54	102.19	1.22	19.19	19.18
3/22/2021 11:20:24 AM	14.77	0.00	13.63	0.00	0.00	0.00	0.00	0.25	28.40	100.00	2.25	10.19	7827	0	6135	0	0	0	0	0	13962	177.85	41.86	7.91	23.80	45.51	27.32	111.62	1.22	19.16	19.20
3/22/2021 11:20:26 AM	15.57	0.00	15.79	0.00	0.00	0.00	0.00	0.35	31.37	100.00	2.32	9.97	8253	0	7107	0	0	0	0	0	15361	176.43	47.89	8.58	27.49	51.39	29.60	124.54	1.23	19.15	19.15
3/22/2021 11:20:28 AM	15.21	0.00	15.30	0.00	0.00	0.00	0.00	0.47	30.51	100.00	2.37	9.12	8063	0	6884	0	0	0	0	0	14946	177.01	46.74	8.65	26.57	51.19	28.69	122.25	1.23	19.13	19.20
3/22/2021 11:20:31 AM	16.44	0.00	16.47	0.00	0.00	0.00	0.00	0.37	32.92	100.00	2.41	8.71	8716	0	7412	0	0	0	0	0	16128	176.23	50.08	8.55	28.50	53.94	31.24	130.64	1.24	19.10	19.11
3/22/2021 11:20:33 AM	16.95	0.00	16.52	0.00	0.00	0.00	0.00	0.53	33.46	100.00	2.47	8.77	8982	0	7432	0	0	0	0	0	16414	176.85	51.03	8.64	29.97	56.54	31.56	133.47	1.24	19.09	19.13
3/22/2021 11:20:36 AM	18.26	0.00	16.73	0.00	0.00	0.00	0.00	0.37	34.99	100.00	2.51	8.81	9677	0	7530	0	0	0	0	0	17207	176.40	51.79	10.31	31.09	57.28	33.39	137.12	1.25	19.07	19.11
3/22/2021 11:20:38 AM	17.65	0.00	17.94	0.00	0.00	0.00	0.00	0.47	35.59	100.00	2.55	8.95	9354	0	8075	0	0	0	0	0	17429	176.79	54.60	10.05	31.26	59.43	34.34	141.59	1.25	19.04	19.13
3/22/2021 11:20:40 AM	17.44	0.00	17.84	0.00	0.00	0.00	0.00	0.51	35.28	100.00	2.57	9.11	9243	0	8026	0	0	0	0	0	17269	176.58	54.26	10.13	30.80	59.25	34.06	140.78	1.25	19.02	19.11
3/22/2021 11:20:43 AM	17.50	0.00	17.83	0.00	0.00	0.00	0.00	0.41	35.32	100.00	2.60	9.34	9274	0	8021	0	0	0	0	0	17295	176.31	54.17	9.99	32.01	58.49	33.79	139.71	1.25	19.00	19.12
3/22/2021 11:20:45 AM	17.11	0.00	17.43	0.00	0.00	0.00	0.00	0.37	34.54	100.00	2.65	9.65	9067	0	7845	0	0	0	0	0	16912	177.54	52.79	9.16	30.05	56.61	33.07	136.94	1.26	18.97	19.10
3/22/2021 11:20:48 AM	17.06	0.00	17.14	0.00	0.00	0.00	0.00	0.22	34.20	100.00	2.68	9.80	9042	0	7712	0	0	0	0	0	16754	176.79	51.51	9.23	28.75	54.30	32.56	134.63	1.26	18.95	19.11
3/22/2021 11:20:50 AM	17.56	0.00	17.32	0.00	0.00	0.00	0.00	0.32	34.88	100.00	2.70	9.82	9307	0	7794	0	0	0	0	0	17101	176.98	52.61	10.11	30.55	56.64	33.22	137.37	1.26	18.93	19.08
3/22/2021 11:20:52 AM	18.38	0.00	17.61	0.00	0.00	0.00	0.00	0.38	35.99	100.00	2.72	9.81	9741	0	7924	0	0	0	0	0	17665	176.16	53.83	10.25	30.58	58.76	34.51	142.08	1.27	18.91	19.08
3/22/2021 11:20:55 AM	17.04	0.00	18.37	0.00	0.00	0.00	0.00	0.40	35.41	100.00	2.75	9.84	9032	0	8265	0	0	0	0	0	17297	176.98	54.88	9.92	29.99	58.18	33.77	141.54	1.27	18.89	19.07
3/22/2021 11:20:57 AM	18.33	0.00	17.68	0.00	0.00	0.00	0.00	0.37	36.00	100.00	2.78	9.89	9713	0	7954	0	0	0	0	0	17667	177.67	53.97	10.45	31.01	58.77	34.61	141.88	1.27	18.87	19.07
3/22/2021 11:20:59 AM	17.35	0.00	18.16	0.00	0.00	0.00	0.00	0.42	35.50	100.00	2.81	9.89	9193	0	8171	0	0	0	0	0	17365	176.75	54.69	8.91	29.87	58.41	34.35	141.63	1.28	18.84	19.06
3/22/2021 11:21:02 AM	17.47	0.00	17.52	0.00	0.00	0.00	0.00	0.38	34.99	100.00	2.86	9.91	9261	0	7882	0	0	0	0	0	17143	177.00	53.09	10.43	30.17	57.36	33.63	138.51	1.28	18.83	19.05
3/22/2021 11:21:04 AM	17.29	0.00	17.14	0.00	0.00	0.00	0.00	0.35	34.43	100.00	2.90	9.56	9165	0	7713	0	0	0	0	0	16878	177.29	52.11	9.94	29.99	56.37	33.49	135.80	1.28	18.81	19.05
3/22/2021 11:21:07 AM	17.51	0.00	16.75	0.00	0.00	0.00	0.00	0.38	34.26	100.00	2.93	9.15	9283	0	7536	0	0	0	0	0	16819	177.10	51.45	9.64	30.54	56.26	32.22	135.11	1.29	18.78	19.01
3/22/2021 11:21:09 AM	17.10	0.00	16.07	0.00	0.00	0.00	0.00	0.26	33.18	100.00	2.95	9.11	9065	0	7233	0	0	0	0	0	16298	177.14	49.19	9.69	28.75	53.35	32.50	129.52	1.29	18.77	19.00
3/22/2021 11:21:11 AM	17.38	0.00	15.94	0.00	0.00	0.00	0.00	0.30	33.32	100.00	2.99	9.23	9211	0	7175	0	0	0	0	0	16386	177.59	49.28	9.68	29.57	54.20	32.71	129.93	1.29	18.74	18.96
3/22/2021 11:21:14 AM	17.37	0.00	16.12	0.00	0.00	0.00	0.00	0.28	33.49	100.00	3.03	9.30	9206	0	7255	0	0	0	0	0	16461	177.71	49.55	9.54	29.06	54.07	32.95	130.73	1.30	18.72	18.98
3/22/2021 11:21:16 AM	17.38	0.00	16.09	0.00	0.00	0.00	0.00	0.28	33.47	100.00	3.08	9.34	9211	0	7241	0	0	0	0	0	16452	176.65	49.51	9.53	29.53	53.95	32.05	130.72	1.30	18.69	18.98
3/22/2021 11:21:18 AM	17.14	0.00	16.71	0.00	0.00	0.00	0.00	0.32	33.85	100.00	3.12	9.35	9085	0	7521	0	0	0	0	0	16606	177.42	50.91	9.65	29.30	55.07	32.85	133.25	1.31	18.67	18.95
3/22/2021 11:21:21 AM	17.50	0.00	16.49	0.00	0.00	0.00	0.00	0.24	34.00	100.00	3.17	9.32	9276	0	7422	0	0	0	0	0	16699	177.60	50.42	9.64	29.64	54.43	32.76	132.71	1.31	18.65	18.95
3/22/2021 11:21:23 AM	17.25	0.00	16.70	0.00	0.00	0.00	0.00	0.24	33.94	100.00	3.23	9.14	9140	0	7515	0	0	0	0	0	16655	177.11	50.64	10.03	29.00	54.31	33.10	132.87	1.32	18.62	18.96
3/22/2021 11:21:26 AM	16.08	0.00	16.46	0.00	0.00	0.00	0.00	0.33	32.54	100.00	3.28	9.00	8524	0	7408	0	0	0	0	0	15931	176.84	49.75	9.06	28.20	53.28	32.29	128.54	1.32	18.61	18.90
3/22/2021 11:21:28 AM	17.10	0.00	16.44	0.00	0.00	0.00	0.00	0.26	33.54	100.00	3.31	9.13	9064	0	7399	0	0	0	0	0	16463	178.15	50.28	9.07	29.92	54.25	33.09	130.88	1.32	18.58	18.89
3/22/2021 11:21:30 AM	16.14	0.00	16.57	0.00	0.00	0.00	0.00	0.42	32.71	100.00	3.36	9.31	8552	0	7457	0	0	0	0	0	16009	177.72	50.28	8.97	28.24	54.46	32.48	130.05	1.33	18.56	18.91
3/22/2021 11:21:33 AM	17.13	0.00	16.00	0.00	0.00	0.00	0.00	0.30	33.14	100.00	3.41	9.41	9081	0	7201	0	0	0	0	0	16282	176.60	49.17	9.84	29.04	53.74	32.40	129.52	1.33	18.53	18.87
3/22/2021 11:21:35 AM	16.31	0.00	15.55	0.00	0.00	0.00	0.00	0.29	31.86	100.00	3.44	9.26	8645	0	6996	0	0	0	0	0	15642	178.02	47.71	8.68	28.32	51.79	31.04	124.79	1.34	18.50	18.87
3/22/2021 11:21:38 AM	16.13	0.00	15.20	0.00	0.00	0.00	0.00	0.30	31.32	100.00	3.46	9.14	8546	0	6838	0	0	0	0	0	15385	176.96	46.72	9.64	27.85	51.20	31.13	122.42	1.34	18.49	18.84
3/22/2021 11:21:40 AM	15.66	0.00	15.17	0.00	0.00	0.00	0.00	0.27	30.82	100.00	3.50	9.27	8298	0	6826	0	0	0	0	0	15123	177.77	46.32	8.65	27.00	50.08	31.11	120.57	1.34	18.45	18.85
3/22/2021 11:21:42 AM	16.07	0.00	15.23	0.00	0.00	0.00	0.00	0.31	31.31	100.00	3.53	9.33	8519	0	6856	0	0	0	0	0	15375	177.82	46.83	9.14	27.82	51.22	31.21	122.47	1.35	18.43	18.86
3/22/2021 11:21:45 AM	16.53	0.00	15.24	0.00	0.00	0.00	0.00	0.30	31.77	100.00	3.55	9.36	8761	0	6859	0	0	0	0	0	15620	177.49	47.11	8.85	27.88	51.82	31.85	124.01	1.35	18.41	18.82
3/22/2021 11:21:47 AM	16.89	0.00	15.30	0.00	0.00	0.00	0.00	0.27	32.19	100.00	3.62	9.34	8952	0	6883	0	0	0	0	0	15836	177.44	47.37	9.03	28.35	52.07	31.82	125.24	1.35	18.38	18.81
3/22/2021 11:21:49 AM	15.88	0.00	15.09	0.00	0.00	0.00	0.00	0.30	30.97	100.00	3.67	9.26	8417	0	6791	0	0	0	0	0	15209	177.06	46.36	8.81	27.27	50.63	30.99	121.28	1.36	18.37	18.79
3/22/2021 11:21:52 AM	16.20	0.00	14.08	0.00	0.00	0.00	0.00	0.28	30.28	100.00	3.67	9.21	8588	0	6336	0	0	0	0	0	14924	177.82	44.13	8.08	26.78	49.15	30.27	117.50	1.36	18.34	18.77
3/22/2021 11:21:54 AM	16.27	0.00	14.24	0.00	0.00	0.00	0.00	0.30	30.51	100.00	3.71	9.29	8622	0	6407	0	0	0	0	0	15029	176.90	44.62	8.26	27.20	49.75	30.52	118.46	1.36	18.33	18.77
3/22/2021 11:21:57 AM	16.19	0.00	14.53	0.00	0.00	0.00	0.00	0.27	30.72	100.00	3.76	9.38	8583	0	6537	0	0	0	0	0	15120	177.97	45.09	8.57	26.94	49.69	30.42	119.57	1.37	18.30	18.76
3/22/2021 11:21:59 AM	15.71	0.00	14.26	0.00	0.00	0.00	0.00	0.35	29.97	100.00	3.81	9.34	8326	0	6415	0	0	0	0	0	14741	177.62	44.34	8.26	26.05	49.31	29.52	117.71	1.37	18.27	18.75
3/22/2021 11:22:01 AM	15.66	0.00	14.56	0.00	0.00	0.00	0.00	0.29	30.21	100.00	3.86	9.31	8298	0	6551	0	0	0	0	0	14849	178.07	44.79	8.36	25.73	48.99	30.02	118.45	1.38	18.25	18.72
3/22/2021 11:22:04 AM	15.87	0.00	14.14	0.00	0.00	0.00	0.00	0.32	30.01	100.00	3.92	9.15	8410	0	6365	0	0	0	0	0	14774	178.13	44.16	7.91	26.39	49.06	29.51	117.34	1.38	18.22	18.72
3/22/2021 11:22:06 AM	15.33	0.00	14.36	0.00	0.00	0.00	0.00	0.33	29.68	100.00	3.96	9.01	8123	0	6461	0	0	0	0	0	14583	178.03	44.52	8.18	27.08	49.13	30.00	115.99	1.39	18.21	18.74
3/22/2021 11:22:08 AM	15.19	0.00	13.71	0.00	0.00	0.00	0.00	0.40	28.90	100.00	3.99	9.09	8048	0	6171	0	0	0	0	0	14219	178.01	43.05	8.13	26.27	48.55	29.30	113.26	1.39	18.18	18.69
3/22/2021 11:22:11 AM	15.15	0.00	14.22	0.00	0.00	0.00	0.00	0.35	29.38	100.00	4.05	9.17	8031	0	6401	0	0	0	0	0	14432	177.96	44.04	8.71	26.59	48.73	29.39	115.15	1.40	18.16	18.64
3/22/2021 11:22:13 AM	15.30	0.00	13.76	0.00	0.00	0.00	0.00	0.33	29.06	100.00	4.10	9.07	8111	0	6191	0	0	0	0	0	14302	177.72	42.93	7.93	25.56	47.83	29.02	113.76	1.40	18.12	18.74
3/22/2021 11:22:16 AM	15.14	0.00	13.81	0.00	0.00	0.00	0.00	0.37	28.95	100.00	4.14	9.06	8024	0	6215	0	0	0	0	0	14239	177.54	43.18	7.78	26.22	48.24	28.96	113.51	1.41	18.11	18.67
3/22/2021 11:22:18 AM	14.71	0.00	13.52	0.00	0.00	0.00	0.00	0.35	28.24	100.00	4.18	9.05	7799	0	6086	0	0	0	0	0	13884	177.47	42.20	7.49	25.61	46.95	28.26	110.71	1.41	18.10	18.60
3/22/2021 11:22:20 AM	14.93	0.00	13.61	0.00	0.00	0.00	0.00	0.37	28.54	100.00	4.20	9.09	7914	0	6124	0	0	0	0	0	14038	177.73	42.50	7.90	25.70	47.45	28.26	112.04	1.41	18.06	18.62
3/22/2021 11:22:23 AM	14.75	0.00	13.80	0.00	0.00	0.00	0.00	0.37	28.55	100.00	4.24	9.14	7817	0	6209	0	0	0	0	0	14025	177.86	42.90	8.02	26.00	47.68	28.85	111.99	1.42	18.03	18.61
3/22/2021 11:22:25 AM	15.73	0.00	13.56	0.00	0.00	0.00	0.00	0.30	29.28	100.00	4.28	9.18	8334	0	6100	0	0	0	0	0	14434	177.96	42.75	8.01	26.74	47.97	29.14	113.53	1.42	18.01	18.61
3/22/2021 11:22:28 AM	14.79	0.00	13.43	0.00	0.00	0.00	0.00	0.36	28.23	100.00	4.31	9.20	7841	0	6045	0	0	0	0	0	13886	178.60	42.09	7.72	25.97	47.10	28.57	110.31	1.42	17.98	18.57
3/22/2021 11:22:30 AM	15.11	0.00	13.19	0.00	0.00	0.00	0.00	0.33	28.30	100.00	4.35	9.23	8010	0	5934	0	0	0	0	0	13944	177.86	41.63	7.72	26.23	46.84	28.04	110.14	1.43	17.96	18.57
3/22/2021 11:22:32 AM	14.68	0.00	13.40	0.00	0.00	0.00	0.00	0.33	28.09	100.00	4.41	9.22	7783	0	6031	0	0	0	0	0	13814	177.99	41.75	7.50	25.00	46.31	27.69	110.24	1.43	17.95	18.60
3/22/2021 11:22:35 AM	14.74	0.00	13.36	0.00	0.00	0.00	0.00	0.35	28.10	100.00	4.47	9.20	7814	0	6013	0	0	0	0	0	13827	178.28	41.79	7.61	25.42	46.63	27.88	110.16	1.44	17.92	18.56
3/22/2021 11:22:37 AM	15.16	0.00	13.34	0.00	0.00	0.00	0.00	0.36	28.50	100.00	4.52	9.09	8036	0	6004	0	0	0	0	0	14040	178.17	42.03	7.48	25.78	47.27	28.17	111.51	1.44	17.90	18.52
3/22/2021 11:22:39 AM	14.45	0.00	13.63	0.00	0.00	0.00	0.00	0.42	28.08	100.00	4.59	8.84	7660	0	6132	0	0	0	0	0	13792	178.03	42.47	7.42	25.38	47.44	28.28	110.92	1.45	17.87	18.52
3/22/2021 11:22:42 AM	14.13	0.00	13.62	0.00	0.00	0.00	0.00	0.39	27.75	100.00	4.63	8.72	7489	0	6131	0	0	0	0	0	13620	177.81	42.25	7.46	25.52	46.80	28.18	109.38	1.45	17.85	18.51
3/22/2021 11:22:44 AM	13.37	0.00	13.44	0.00	0.00	0.00	0.00	0.44	26.81	100.00	4.66	8.70	7086	0	6048	0	0	0	0	0	13134	178.22	41.45	7.49	24.66	45.85	27.23	106.56	1.46	17.83	18.47
3/22/2021 11:22:47 AM	13.83	0.00	13.62	0.00	0.00	0.00	0.00	0.40	27.45	100.00	4.69	8.74	7327	0	6129	0	0	0	0	0	13457	177.86	42.14	7.53	25.66	46.56	27.96	108.29	1.46	17.81	18.45
3/22/2021 11:22:49 AM	13.43	0.00	14.24	0.00	0.00	0.00	0.00	0.45	27.67	100.00	4.77	8.81	7120	0	6407	0	0	0	0	0	13527	178.33	43.57	7.82	26.43	47.66	28.18	110.04	1.47	17.78	18.50
3/22/2021 11:22:51 AM	12.73	0.00	13.90	0.00	0.00	0.00	0.00	0.46	26.63	100.00	4.83	8.59	6749	0	6254	0	0	0	0	0	13003	178.08	42.27	7.50	24.86	46.03	27.51	106.47	1.47	17.76	18.46
3/22/2021 11:22:54 AM	12.83	0.00	13.77	0.00	0.00	0.00	0.00	0.45	26.60	100.00	4.88	8.44	6798	0	6198	0	0	0	0	0	12996	178.25	41.99	7.47	24.67	45.83	27.16	106.35	1.48	17.74	18.42
3/22/2021 11:22:56 AM	13.11	0.00	13.72	0.00	0.00	0.00	0.00	0.43	26.82	100.00	4.94	8.64	6946	0	6173	0	0	0	0	0	13119	178.28	42.00	7.56	25.19	45.96	27.43	106.61	1.48	17.72	18.45
3/22/2021 11:22:58 AM	13.02	0.00	14.10	0.00	0.00	0.00	0.00	0.46	27.12	100.00	5.02	8.72	6902	0	6343	0	0	0	0	0	13245	178.22	43.01	7.58	25.84	46.91	27.62	108.25	1.49	17.68	18.44
3/22/2021 11:23:01 AM	12.73	0.00	14.20	0.00	0.00	0.00	0.00	0.46	26.93	100.00	5.10	8.60	6744	0	6392	0	0	0	0	0	13136	178.10	43.04	7.71	25.60	46.57	27.45	107.75	1.50	17.66	18.37
3/22/2021 11:23:03 AM	12.80	0.00	13.80	0.00	0.00	0.00	0.00	0.45	26.60	100.00	5.16	8.49	6783	0	6212	0	0	0	0	0	12995	177.74	42.12	7.20	24.90	45.93	27.47	106.21	1.51	17.63	18.44
3/22/2021 11:23:06 AM	11.91	0.00	14.17	0.00	0.00	0.00	0.00	0.46	26.07	100.00	5.20	8.54	6310	0	6374	0	0	0	0	0	12684	177.83	42.47	7.38	24.68	45.34	26.73	105.07	1.51	17.62	18.32
3/22/2021 11:23:08 AM	12.23	0.00	13.94	0.00	0.00	0.00	0.00	0.44	26.17	100.00	5.27	8.41	6483	0	6274	0	0	0	0	0	12757	178.27	42.18	7.35	25.22	45.47	27.34	104.60	1.52	17.60	18.34
3/22/2021 11:23:10 AM	12.74	0.00	14.16	0.00	0.00	0.00	0.00	0.45	26.90	100.00	5.32	8.30	6751	0	6372	0	0	0	0	0	13124	177.79	42.95	7.44	25.51	46.45	27.65	107.47	1.52	17.56	18.30
3/22/2021 11:23:13 AM	12.75	0.00	14.33	0.00	0.00	0.00	0.00	0.47	27.09	100.00	5.37	8.32	6760	0	6450	0	0	0	0	0	13210	177.86	43.46	7.85	26.04	47.14	27.99	108.31	1.53	17.55	18.30
3/22/2021 11:23:15 AM	12.06	0.00	14.15	0.00	0.00	0.00	0.00	0.53	26.22	100.00	5.40	8.25	6393	0	6368	0	0	0	0	0	12762	178.28	42.77	7.35	25.05	46.37	27.29	105.85	1.53	17.50	18.39
3/22/2021 11:23:17 AM	12.38	0.00	14.33	0.00	0.00	0.00	0.00	0.53	26.71	100.00	5.45	8.34	6560	0	6448	0	0	0	0	0	13008	178.04	43.51	7.65	26.49	47.38	27.74	107.27	1.53	17.50	18.36
3/22/2021 11:23:20 AM	12.07	0.00	14.25	0.00	0.00	0.00	0.00	0.51	26.32	100.00	5.56	8.45	6397	0	6412	0	0	0	0	0	12810	178.10	43.02	7.50	25.74	46.46	27.33	105.91	1.54	17.47	18.27
3/22/2021 11:23:22 AM	11.41	0.00	14.07	0.00	0.00	0.00	0.00	0.50	25.48	100.00	5.63	8.03	6048	0	6330	0	0	0	0	0	12378	177.83	42.14	7.29	24.76	45.09	26.51	103.06	1.55	17.45	18.27
3/22/2021 11:23:25 AM	11.78	0.00	14.21	0.00	0.00	0.00	0.00	0.51	25.99	100.00	5.68	7.89	6242	0	6396	0	0	0	0	0	12638	177.97	42.76	7.38	25.30	46.00	27.30	104.79	1.56	17.43	18.22
3/22/2021 11:23:27 AM	11.35	0.00	14.37	0.00	0.00	0.00	0.00	0.50	25.73	100.00	5.73	7.99	6018	0	6469	0	0	0	0	0	12486	178.23	42.87	7.37	25.10	45.58	27.20	104.03	1.56	17.39	18.25
3/22/2021 11:23:29 AM	11.86	0.00	14.12	0.00	0.00	0.00	0.00	0.51	25.98	100.00	5.76	8.04	6286	0	6352	0	0	0	0	0	12639	178.49	42.53	7.61	25.21	45.89	26.96	104.76	1.56	17.37	18.19
3/22/2021 11:23:32 AM	12.16	0.00	14.56	0.00	0.00	0.00	0.00	0.49	26.72	100.00	5.80	8.16	6443	0	6554	0	0	0	0	0	12996	178.30	43.81	7.52	26.30	46.95	27.82	107.30	1.57	17.34	18.19
3/22/2021 11:23:34 AM	12.03	0.00	14.58	0.00	0.00	0.00	0.00	0.50	26.61	100.00	5.84	8.32	6375	0	6560	0	0	0	0	0	12935	178.44	43.75	7.42	25.97	46.77	27.38	107.26	1.57	17.32	18.15
3/22/2021 11:23:37 AM	11.78	0.00	14.59	0.00	0.00	0.00	0.00	0.50	26.37	100.00	5.88	8.39	6243	0	6566	0	0	0	0	0	12809	177.59	43.65	7.46	25.72	46.55	27.46	106.50	1.58	17.32	18.20
3/22/2021 11:23:39 AM	11.76	0.00	14.42	0.00	0.00	0.00	0.00	0.52	26.17	100.00	5.92	8.43	6232	0	6487	0	0	0	0	0	12719	178.34	43.25	7.26	25.41	46.33	27.10	105.90	1.58	17.28	18.21
3/22/2021 11:23:41 AM	11.76	0.00	14.69	0.00	0.00	0.00	0.00	0.53	26.46	100.00	5.97	8.45	6234	0	6612	0	0	0	0	0	12846	178.18	44.06	7.55	26.59	47.16	27.62	106.78	1.58	17.27	18.14
3/22/2021 11:23:44 AM	11.20	0.00	14.67	0.00	0.00	0.00	0.00	0.59	25.88	100.00	6.01	8.38	5938	0	6602	0	0	0	0	0	12540	177.99	43.79	7.49	25.78	46.87	27.36	105.41	1.59	17.24	18.10
3/22/2021 11:23:46 AM	11.58	0.00	14.58	0.00	0.00	0.00	0.00	0.52	26.16	100.00	6.04	8.10	6135	0	6562	0	0	0	0	0	12696	177.89	43.54	7.43	25.46	46.39	27.43	105.89	1.59	17.21	18.14
3/22/2021 11:23:48 AM	11.33	0.00	14.54	0.00	0.00	0.00	0.00	0.57	25.88	100.00	6.05	7.96	6007	0	6544	0	0	0	0	0	12551	177.84	43.51	7.23	25.55	46.65	27.37	105.24	1.59	17.19	18.10
3/22/2021 11:23:51 AM	11.82	0.00	14.48	0.00	0.00	0.00	0.00	0.55	26.30	100.00	6.09	8.12	6266	0	6516	0	0	0	0	0	12781	177.72	43.59	7.35	25.96	47.01	27.69	106.30	1.60	17.17	18.06
3/22/2021 11:23:53 AM	12.01	0.00	14.54	0.00	0.00	0.00	0.00	0.54	26.55	100.00	6.11	8.22	6365	0	6543	0	0	0	0	0	12908	177.92	43.88	7.57	26.70	47.41	28.07	106.79	1.60	17.16	18.11
3/22/2021 11:23:56 AM	11.76	0.00	15.13	0.00	0.00	0.00	0.00	0.55	26.89	100.00	6.13	8.28	6233	0	6809	0	0	0	0	0	13042	178.13	45.22	7.93	27.30	48.32	28.71	108.57	1.60	17.14	18.07
3/22/2021 11:23:58 AM	11.96	0.00	14.99	0.00	0.00	0.00	0.00	0.54	26.96	100.00	6.16	8.34	6341	0	6746	0	0	0	0	0	13087	178.16	44.96	7.88	27.23	48.20	28.51	108.63	1.60	17.12	18.09
3/22/2021 11:24:00 AM	11.90	0.00	15.12	0.00	0.00	0.00	0.00	0.52	27.02	100.00	6.17	8.40	6304	0	6805	0	0	0	0	0	13110	177.74	45.18	7.70	27.29	48.05	28.40	108.88	1.60	17.08	18.00
3/22/2021 11:24:03 AM	11.66	0.00	14.84	0.00	0.00	0.00	0.00	0.56	26.50	100.00	6.22	8.45	6179	0	6679	0	0	0	0	0	12858	178.18	44.39	7.69	26.19	47.57	28.04	107.44	1.61	17.06	18.04
3/22/2021 11:24:05 AM	11.88	0.00	14.85	0.00	0.00	0.00	0.00	0.54	26.73	100.00	6.25	8.44	6298	0	6681	0	0	0	0	0	12978	178.47	44.49	7.65	26.56	47.66	27.89	108.07	1.61	17.04	18.04
3/22/2021 11:24:08 AM	12.20	0.00	14.89	0.00	0.00	0.00	0.00	0.55	27.09	100.00	6.28	8.38	6466	0	6701	0	0	0	0	0	13167	178.35	44.80	7.94	27.08	48.27	28.13	109.25	1.62	17.01	18.02
3/22/2021 11:24:10 AM	12.29	0.00	14.87	0.00	0.00	0.00	0.00	0.53	27.16	100.00	6.31	8.35	6511	0	6692	0	0	0	0	0	13203	177.99	44.63	7.66	26.15	47.89	27.94	109.77	1.62	16.99	17.98
3/22/2021 11:24:12 AM	12.28	0.00	14.92	0.00	0.00	0.00	0.00	0.54	27.19	100.00	6.34	8.37	6506	0	6713	0	0	0	0	0	13219	177.79	44.86	8.05	26.91	48.33	28.08	109.75	1.62	16.98	17.95
3/22/2021 11:24:15 AM	12.43	0.00	14.88	0.00	0.00	0.00	0.00	0.56	27.32	100.00	6.36	8.39	6589	0	6698	0	0	0	0	0	13286	177.64	44.91	7.93	26.90	48.63	28.35	110.20	1.62	16.95	17.93
3/22/2021 11:24:17 AM	12.44	0.00	15.00	0.00	0.00	0.00	0.00	0.53	27.44	100.00	6.39	8.38	6593	0	6748	0	0	0	0	0	13341	177.83	45.16	8.02	27.53	48.58	28.21	110.35	1.63	16.94	17.95
3/22/2021 11:24:19 AM	12.37	0.00	15.26	0.00	0.00	0.00	0.00	0.54	27.64	100.00	6.44	8.38	6558	0	6868	0	0	0	0	0	13426	178.16	45.79	8.11	27.71	49.10	28.59	111.38	1.63	16.91	17.95
3/22/2021 11:24:22 AM	12.43	0.00	15.35	0.00	0.00	0.00	0.00	0.52	27.78	100.00	6.47	8.37	6588	0	6906	0	0	0	0	0	13495	177.49	45.98	8.21	27.89	49.15	28.84	111.70	1.63	16.90	17.94
3/22/2021 11:24:24 AM	11.84	0.00	15.18	0.00	0.00	0.00	0.00	0.60	27.02	100.00	6.49	8.31	6273	0	6832	0	0	0	0	0	13105	177.80	45.35	7.85	26.42	48.66	28.23	110.05	1.64	16.87	17.91
3/22/2021 11:24:27 AM	12.41	0.00	15.13	0.00	0.00	0.00	0.00	0.55	27.53	100.00	6.50	8.24	6575	0	6807	0	0	0	0	0	13382	178.04	45.46	7.91	27.29	48.87	28.37	111.10	1.64	16.84	17.90
3/22/2021 11:24:29 AM	12.79	0.00	15.43	0.00	0.00	0.00	0.00	0.51	28.22	100.00	6.52	8.30	6778	0	6946	0	0	0	0	0	13724	177.66	46.41	8.34	28.60	49.71	28.96	113.11	1.64	16.84	17.88
3/22/2021 11:24:31 AM	12.49	0.00	15.36	0.00	0.00	0.00	0.00	0.54	27.85	100.00	6.55	8.39	6618	0	6913	0	0	0	0	0	13532	178.00	46.08	8.00	27.62	49.38	29.00	112.22	1.64	16.82	17.81
3/22/2021 11:24:34 AM	12.15	0.00	15.38	0.00	0.00	0.00	0.00	0.55	27.53	100.00	6.57	8.39	6442	0	6919	0	0	0	0	0	13361	177.61	45.93	7.94	27.30	49.00	28.65	111.35	1.64	16.80	17.84
3/22/2021 11:24:36 AM	12.39	0.00	15.45	0.00	0.00	0.00	0.00	0.54	27.84	100.00	6.59	8.34	6567	0	6953	0	0	0	0	0	13520	176.65	46.28	8.16	27.95	49.53	28.93	112.26	1.65	16.76	17.76
3/22/2021 11:24:38 AM	12.40	0.00	15.80	0.00	0.00	0.00	0.00	0.54	28.20	100.00	6.62	8.30	6570	0	7110	0	0	0	0	0	13680	176.67	47.16	8.13	28.64	50.11	29.21	113.67	1.65	16.75	17.81
3/22/2021 11:24:41 AM	12.57	0.00	15.99	0.00	0.00	0.00	0.00	0.53	28.56	100.00	6.64	8.31	6660	0	7196	0	0	0	0	0	13856	177.54	47.70	8.69	29.19	50.71	29.63	114.88	1.65	16.72	17.79
3/22/2021 11:24:43 AM	12.55	0.00	16.16	0.00	0.00	0.00	0.00	0.55	28.71	100.00	6.67	8.32	6649	0	7273	0	0	0	0	0	13922	177.75	48.15	8.73	29.44	51.13	29.76	115.67	1.65	16.71	17.76
3/22/2021 11:24:46 AM	12.21	0.00	16.28	0.00	0.00	0.00	0.00	0.58	28.49	100.00	6.71	8.31	6469	0	7327	0	0	0	0	0	13796	177.63	48.28	8.76	28.90	51.14	29.62	115.56	1.66	16.69	17.73
3/22/2021 11:24:48 AM	11.92	0.00	16.30	0.00	0.00	0.00	0.00	0.64	28.22	100.00	6.74	8.25	6319	0	7334	0	0	0	0	0	13653	177.66	48.21	8.33	27.81	51.17	29.63	115.48	1.66	16.68	17.74
3/22/2021 11:24:50 AM	11.89	0.00	16.03	0.00	0.00	0.00	0.00	0.64	27.91	100.00	6.78	8.08	6301	0	7212	0	0	0	0	0	13513	177.60	47.61	8.33	27.94	50.81	29.40	113.99	1.66	16.64	17.68
3/22/2021 11:24:53 AM	12.32	0.00	16.42	0.00	0.00	0.00	0.00	0.65	28.74	100.00	6.80	7.95	6530	0	7389	0	0	0	0	0	13919	177.86	48.86	8.78	28.93	52.30	30.38	117.03	1.67	16.63	17.75
3/22/2021 11:24:55 AM	11.90	0.00	16.13	0.00	0.00	0.00	0.00	0.65	28.03	100.00	6.82	7.98	6308	0	7259	0	0	0	0	0	13567	178.04	47.92	8.50	28.27	51.22	29.77	114.41	1.67	16.60	17.65
3/22/2021 11:24:57 AM	12.00	0.00	15.86	0.00	0.00	0.00	0.00	0.66	27.86	100.00	6.84	8.00	6358	0	7139	0	0	0	0	0	13497	178.19	47.38	8.55	28.40	51.00	29.62	113.39	1.67	16.59	17.71
3/22/2021 11:25:00 AM	11.92	0.00	15.75	0.00	0.00	0.00	0.00	0.64	27.68	100.00	6.88	8.04	6320	0	7090	0	0	0	0	0	13410	177.76	47.00	8.87	28.22	50.57	29.50	112.50	1.67	16.57	17.65
3/22/2021 11:25:02 AM	11.99	0.11	16.07	0.00	0.00	0.00	0.00	0.70	28.17	100.00	6.91	8.11	6355	114	7230	0	0	0	0	0	13698	177.84	48.08	8.88	29.39	51.89	30.17	114.59	1.68	16.54	17.68
3/22/2021 11:25:05 AM	12.20	0.09	16.44	0.00	0.00	0.00	0.00	0.70	28.73	100.00	6.96	8.20	6468	86	7398	0	0	0	0	0	13952	178.33	49.11	8.86	29.84	52.84	30.66	116.94	1.68	16.52	17.65
3/22/2021 11:25:07 AM	11.89	0.09	16.81	0.00	0.00	0.00	0.00	0.70	28.79	100.00	6.99	8.22	6302	85	7565	0	0	0	0	0	13952	177.88	49.77	9.15	29.67	53.02	31.06	117.57	1.68	16.51	17.61
3/22/2021 11:25:09 AM	12.51	0.00	16.96	0.00	0.00	0.00	0.00	0.66	29.47	100.00	7.03	8.22	6631	0	7630	0	0	0	0	0	14261	177.70	50.23	9.42	29.53	53.57	31.10	120.11	1.69	16.49	17.61
3/22/2021 11:25:12 AM	12.42	0.05	17.59	0.00	0.00	0.00	0.00	0.67	30.06	100.00	7.07	8.17	6581	53	7916	0	0	0	0	0	14551	177.71	51.83	9.83	30.89	54.76	31.99	122.43	1.69	16.48	17.60
3/22/2021 11:25:14 AM	12.53	0.00	17.69	0.00	0.00	0.00	0.00	0.70	30.22	100.00	7.11	8.06	6641	0	7961	0	0	0	0	0	14602	177.55	52.13	9.65	30.54	55.26	31.96	123.58	1.70	16.45	17.61
3/22/2021 11:25:17 AM	12.08	0.00	17.47	0.00	0.00	0.00	0.00	0.70	29.55	100.00	7.14	7.95	6404	0	7861	0	0	0	0	0	14265	177.04	51.30	9.28	29.54	54.18	31.18	121.45	1.70	16.41	17.59
3/22/2021 11:25:19 AM	12.42	0.00	17.24	0.00	0.00	0.00	0.00	0.67	29.66	100.00	7.20	7.92	6581	0	7757	0	0	0	0	0	14338	177.43	50.90	9.43	29.99	53.99	31.15	121.07	1.71	16.41	17.56
3/22/2021 11:25:21 AM	12.12	0.00	17.02	0.00	0.00	0.00	0.00	0.70	29.14	100.00	7.26	7.87	6425	0	7658	0	0	0	0	0	14083	177.43	50.25	9.12	29.18	53.47	30.87	119.49	1.71	16.41	17.56
3/22/2021 11:25:24 AM	11.86	0.05	17.74	0.00	0.00	0.00	0.00	0.70	29.65	100.00	7.32	7.63	6286	50	7983	0	0	0	0	0	14319	177.10	51.94	9.60	30.39	54.57	31.91	121.57	1.72	16.37	17.46
3/22/2021 11:25:26 AM	12.06	0.26	19.09	0.00	0.00	0.00	0.00	0.81	31.41	100.00	7.37	7.39	6391	261	8591	0	0	0	0	0	15243	177.36	55.76	10.36	32.97	58.40	34.46	129.07	1.72	16.34	17.49
3/22/2021 11:25:28 AM	13.26	0.31	20.06	0.00	0.00	0.00	0.00	0.87	33.63	100.00	7.42	7.38	7027	308	9027	0	0	0	0	0	16362	177.82	59.04	11.17	35.70	62.50	36.22	137.74	1.73	16.34	17.50
3/22/2021 11:25:31 AM	12.69	0.27	19.55	0.00	0.00	0.00	0.00	0.90	32.51	100.00	7.47	7.54	6723	274	8799	0	0	0	0	0	15796	177.27	57.53	10.90	34.70	61.05	34.91	133.85	1.73	16.32	17.41
3/22/2021 11:25:33 AM	12.40	0.23	18.46	0.00	0.00	0.00	0.00	0.80	31.09	100.00	7.53	7.63	6573	225	8307	0	0	0	0	0	15105	177.36	54.44	10.26	33.06	57.74	33.25	127.33	1.74	16.30	17.48
3/22/2021 11:25:36 AM	12.05	0.17	18.33	0.00	0.00	0.00	0.00	0.82	30.55	100.00	7.58	7.68	6388	174	8246	0	0	0	0	0	14808	177.65	53.89	10.22	32.12	57.17	32.90	125.76	1.74	16.28	17.44
3/22/2021 11:25:38 AM	12.00	0.17	18.16	0.00	0.00	0.00	0.00	0.84	30.33	100.00	7.63	7.62	6360	168	8171	0	0	0	0	0	14699	177.55	53.51	9.93	31.68	57.04	32.92	125.05	1.75	16.26	17.39
3/22/2021 11:25:40 AM	12.55	0.12	18.97	0.00	0.00	0.00	0.00	0.85	31.64	100.00	7.67	7.48	6654	116	8537	0	0	0	0	0	15307	177.64	55.73	10.41	32.53	59.20	34.26	130.41	1.75	16.25	17.39
3/22/2021 11:25:43 AM	12.62	0.03	18.52	0.00	0.00	0.00	0.00	0.76	31.17	100.00	7.68	7.30	6688	27	8335	0	0	0	0	0	15049	177.16	54.40	10.00	31.65	57.56	33.45	127.91	1.75	16.23	17.39
3/22/2021 11:25:45 AM	12.68	0.29	18.87	0.00	0.00	0.00	0.00	0.83	31.84	100.00	7.70	7.28	6723	291	8491	0	0	0	0	0	15505	177.41	55.71	10.54	33.73	59.22	34.54	130.33	1.75	16.20	17.34
3/22/2021 11:25:47 AM	12.03	0.44	19.38	0.00	0.00	0.00	0.00	0.84	31.85	100.00	7.71	7.28	6376	438	8721	0	0	0	0	0	15535	177.16	56.68	10.60	34.27	59.31	35.29	130.55	1.76	16.18	17.35
3/22/2021 11:25:50 AM	12.38	0.69	19.70	0.00	0.00	0.00	0.00	0.87	32.77	100.00	7.74	7.32	6563	685	8866	0	0	0	0	0	16115	177.34	57.99	11.27	36.61	60.92	36.34	133.47	1.76	16.17	17.34
3/22/2021 11:25:52 AM	11.71	0.80	20.20	0.00	0.00	0.00	0.00	0.95	32.72	100.00	7.77	7.47	6206	804	9092	0	0	0	0	0	16102	177.61	59.08	11.52	36.87	61.76	37.14	134.22	1.76	16.14	17.35
3/22/2021 11:25:55 AM	11.85	0.95	20.36	0.00	0.00	0.00	0.00	0.99	33.16	100.00	7.81	7.56	6280	946	9162	0	0	0	0	0	16388	177.45	59.76	11.80	38.04	62.70	37.79	135.68	1.77	16.12	17.31
3/22/2021 11:25:57 AM	12.25	0.72	20.21	0.00	0.00	0.00	0.00	0.95	33.18	100.00	7.86	7.53	6493	719	9096	0	0	0	0	0	16308	177.56	59.35	11.51	37.05	62.42	37.14	135.93	1.77	16.10	17.31
3/22/2021 11:25:59 AM	13.49	0.26	19.65	0.00	0.00	0.00	0.00	0.79	33.40	100.00	7.94	7.46	7147	264	8844	0	0	0	0	0	16255	177.32	57.95	10.93	35.25	61.24	35.72	135.99	1.78	16.09	17.29
3/22/2021 11:26:02 AM	13.44	0.17	19.07	0.00	0.00	0.00	0.00	0.83	32.68	100.00	8.03	7.26	7126	167	8582	0	0	0	0	0	15875	177.15	56.54	10.61	33.98	60.56	34.92	133.62	1.79	16.06	17.28
3/22/2021 11:26:04 AM	12.04	0.31	18.59	0.00	0.00	0.00	0.00	0.93	30.94	100.00	8.12	6.94	6383	306	8367	0	0	0	0	0	15056	177.61	54.93	10.39	32.89	58.87	33.97	127.86	1.80	16.04	17.25
3/22/2021 11:26:07 AM	12.05	0.34	18.73	0.00	0.00	0.00	0.00	0.94	31.12	100.00	8.20	6.65	6388	342	8428	0	0	0	0	0	15158	176.87	55.29	10.54	33.14	59.20	34.33	128.55	1.80	16.02	17.26
3/22/2021 11:26:09 AM	12.29	0.39	18.08	0.00	0.00	0.00	0.00	0.93	30.76	100.00	8.28	6.47	6512	385	8138	0	0	0	0	0	15035	177.29	53.91	10.41	33.08	58.39	33.78	126.41	1.81	16.03	17.21
3/22/2021 11:26:11 AM	11.84	0.35	18.14	0.00	0.00	0.00	0.00	0.92	30.33	100.00	8.35	6.60	6276	354	8162	0	0	0	0	0	14792	177.41	53.70	10.36	32.39	57.71	33.56	125.13	1.82	15.98	17.16
3/22/2021 11:26:14 AM	11.57	0.48	18.32	0.00	0.00	0.00	0.00	0.97	30.37	100.00	8.42	6.62	6132	480	8244	0	0	0	0	0	14856	177.56	54.22	10.48	33.10	58.21	33.93	125.47	1.82	15.95	17.26
3/22/2021 11:26:16 AM	11.44	0.44	18.07	0.00	0.00	0.00	0.00	0.93	29.95	100.00	8.47	6.57	6065	441	8131	0	0	0	0	0	14637	177.52	53.41	10.24	32.44	57.19	33.48	123.65	1.83	15.95	17.16
3/22/2021 11:26:18 AM	11.93	0.36	18.54	0.00	0.00	0.00	0.00	0.95	30.83	100.00	8.52	6.53	6320	358	8345	0	0	0	0	0	15023	177.14	54.84	10.36	33.00	58.87	34.04	127.46	1.83	15.92	17.20
3/22/2021 11:26:21 AM	12.38	0.44	18.44	0.00	0.00	0.00	0.00	0.94	31.27	100.00	8.56	6.63	6562	443	8300	0	0	0	0	0	15305	177.59	54.90	10.68	33.88	59.27	34.39	128.38	1.84	15.89	17.13
3/22/2021 11:26:23 AM	12.51	0.41	18.42	0.00	0.00	0.00	0.00	0.90	31.34	100.00	8.63	6.68	6630	410	8289	0	0	0	0	0	15328	177.35	54.80	10.68	33.86	59.02	34.24	128.38	1.85	15.89	17.08
3/22/2021 11:26:26 AM	12.04	0.33	18.38	0.00	0.00	0.00	0.00	0.85	30.75	100.00	8.78	6.26	6383	329	8269	0	0	0	0	0	14981	177.13	54.21	10.28	32.68	57.70	33.84	126.28	1.86	15.86	17.11
3/22/2021 11:26:28 AM	10.57	0.55	18.15	0.00	0.00	0.00	0.00	0.68	29.26	100.00	8.90	5.83	5602	546	8166	0	0	0	0	0	14314	174.55	52.51	9.94	32.02	53.56	33.26	119.19	1.87	15.85	17.04
3/22/2021 11:26:30 AM	11.50	0.53	18.27	0.00	0.00	0.00	0.00	0.68	30.30	100.00	8.97	5.86	6096	525	8222	0	0	0	0	0	14843	174.23	53.33	10.30	32.91	55.10	33.99	122.73	1.88	15.81	17.08
3/22/2021 11:26:33 AM	13.47	0.86	19.08	0.00	0.00	0.00	0.00	0.69	33.41	100.00	9.06	6.11	7140	863	8585	0	0	0	0	0	16588	174.28	56.84	11.34	37.96	59.69	36.83	132.81	1.89	15.82	17.04
3/22/2021 11:26:35 AM	12.70	0.75	19.73	0.00	0.00	0.00	0.00	0.74	33.18	100.00	9.14	6.12	6730	755	8878	0	0	0	0	0	16363	173.03	57.96	11.31	37.07	60.17	36.94	133.60	1.90	15.79	17.00
3/22/2021 11:26:37 AM	11.98	0.60	18.52	0.00	0.00	0.00	0.00	0.53	31.09	100.00	9.28	5.91	6348	595	8334	0	0	0	0	0	15277	171.01	53.90	10.46	34.02	54.70	34.64	124.16	1.91	15.75	17.03
3/22/2021 11:26:40 AM	10.83	0.67	17.26	0.00	0.00	0.00	0.00	0.44	28.76	100.00	9.46	5.72	5741	668	7768	0	0	0	0	0	14177	169.69	50.01	9.72	31.84	50.05	32.81	114.25	1.93	15.75	16.98
3/22/2021 11:26:42 AM	11.79	0.79	16.45	0.00	0.00	0.00	0.00	0.34	29.03	100.00	9.52	5.66	6249	786	7403	0	0	0	0	0	14438	167.31	48.48	9.91	32.68	49.13	32.73	113.01	1.93	15.70	16.94
3/22/2021 11:26:45 AM	12.34	0.78	16.64	0.00	0.00	0.00	0.00	0.31	29.76	100.00	9.54	5.69	6543	775	7488	0	0	0	0	0	14806	167.39	49.19	9.99	33.43	49.89	33.18	115.35	1.93	15.70	16.98
3/22/2021 11:26:47 AM	12.51	0.72	17.10	0.00	0.00	0.00	0.00	0.37	30.34	100.00	9.59	5.76	6633	724	7695	0	0	0	0	0	15051	167.40	50.50	10.19	33.69	51.54	33.80	118.42	1.94	15.67	16.93
3/22/2021 11:26:49 AM	12.62	0.83	16.51	0.00	0.00	0.00	0.00	0.38	29.96	100.00	9.67	5.95	6688	829	7431	0	0	0	0	0	14948	168.20	49.28	10.00	33.89	50.81	33.46	116.24	1.95	15.63	16.97
3/22/2021 11:26:52 AM	11.24	0.74	16.98	0.00	0.00	0.00	0.00	0.40	28.95	100.00	9.80	5.96	5958	736	7639	0	0	0	0	0	14332	167.89	49.53	9.83	32.28	49.82	32.98	114.03	1.96	15.63	16.90
3/22/2021 11:26:54 AM	10.97	0.69	15.53	0.00	0.00	0.00	0.00	0.22	27.19	100.00	9.93	5.88	5815	692	6988	0	0	0	0	0	13495	167.10	45.37	9.10	30.17	45.05	31.02	105.31	1.97	15.60	16.93
3/22/2021 11:26:57 AM	10.95	0.77	15.74	0.00	0.00	0.00	0.00	0.30	27.46	100.00	10.05	5.85	5801	768	7085	0	0	0	0	0	13654	165.39	46.14	9.20	30.73	46.23	31.64	106.82	1.98	15.58	16.92
3/22/2021 11:26:59 AM	11.81	0.86	15.55	0.00	0.00	0.00	0.00	0.18	28.22	100.00	10.10	5.85	6257	861	6999	0	0	0	0	0	14117	162.46	45.95	9.44	31.83	45.95	32.22	107.79	1.99	15.57	16.83
3/22/2021 11:27:01 AM	12.90	1.02	15.90	0.00	0.00	0.00	0.00	0.14	29.82	100.00	10.12	5.91	6836	1025	7155	0	0	0	0	0	15015	162.07	47.51	9.98	34.34	47.86	33.61	112.58	1.99	15.55	16.84
3/22/2021 11:27:04 AM	13.83	1.10	16.26	0.00	0.00	0.00	0.00	0.11	31.18	100.00	10.17	6.04	7330	1096	7315	0	0	0	0	0	15741	163.23	48.91	10.33	36.06	49.50	34.78	116.89	2.00	15.51	16.87
3/22/2021 11:27:06 AM	13.82	0.92	16.23	0.00	0.00	0.00	0.00	0.09	30.97	100.00	10.26	6.13	7325	921	7304	0	0	0	0	0	15550	163.17	48.63	10.09	34.95	49.10	34.30	116.53	2.01	15.50	16.84
3/22/2021 11:27:08 AM	11.91	0.75	15.94	0.00	0.00	0.00	0.00	0.07	28.61	100.00	10.39	5.99	6313	751	7175	0	0	0	0	0	14240	162.92	46.59	9.28	31.65	45.57	32.36	108.94	2.02	15.48	16.85
3/22/2021 11:27:11 AM	7.75	4.67	14.89	0.00	0.00	0.00	0.00	0.00	27.31	89.65	10.53	5.83	4109	4666	6702	0	0	0	0	0	15476	136.05	44.22	10.93	46.46	35.66	43.13	93.57	2.03	15.45	16.82
3/22/2021 11:27:13 AM	8.74	5.74	13.85	0.00	0.00	0.00	0.00	0.00	28.33	55.62	10.50	5.90	4630	5736	6234	0	0	0	0	0	16600	84.40	43.28	11.70	52.93	35.67	45.40	92.67	2.03	15.43	16.83
