Date/Time	Green Algae	Bluegreen	Diatoms	Cryptophyta	#5	#6	#7	Yellow substances	Total conc.	Transmission	Depth	Temp. Sample	Green Algae	Bluegreen	Diatoms	Cryptophyta	#5	#6	#7	Yellow substances	Total cell count	Trans. 700 nm	LED 3 [525 nm]	LED 4 [570 nm]	LED 5 [610 nm]	LED 6 [370 nm]	LED 7 [590 nm]	LED 8 [470 nm]	Pressure	Temp. LEDs	Temp. Sensor
date	µg/l	µg/l	µg/l	µg/l	µg/l	µg/l	µg/l	r.u.	µg/l	%	m	°C	cells/ml	cells/ml	cells/ml	cells/ml	cells/ml	cells/ml	cells/ml	r.u.	cells/ml	digits	digits	digits	digits	digits	digits	digits	bar	°C	°C
6/30/2022 10:37:36 AM	0.65	0.28	0.12	0.44	0.00	0.00	0.00	0.56	1.49	100.00	0.01	26.85	344	285	52	13	0	0	0	0	694	169.59	4.07	2.54	4.84	7.81	6.09	8.75	1.00	24.47	24.30
6/30/2022 10:37:39 AM	2.03	0.08	0.05	0.66	0.00	0.00	0.00	0.03	2.81	100.00	0.07	26.85	1077	76	22	20	0	0	0	0	1196	171.63	3.85	2.29	5.09	4.43	7.01	9.49	1.01	24.52	24.31
6/30/2022 10:37:41 AM	0.44	0.54	2.11	0.00	0.00	0.00	0.00	0.06	3.09	100.00	0.14	26.90	234	541	951	0	0	0	0	0	1725	171.61	6.31	2.09	6.63	5.23	7.12	10.99	1.01	24.58	24.32
6/30/2022 10:37:44 AM	1.90	0.00	0.00	0.98	0.00	0.00	0.00	0.13	2.88	100.00	0.16	26.88	1006	0	0	30	0	0	0	0	1036	172.38	2.94	4.60	3.67	5.94	9.41	11.24	1.02	24.63	24.34
6/30/2022 10:37:46 AM	1.12	0.35	0.83	0.22	0.00	0.00	0.00	0.22	2.53	100.00	0.18	26.83	595	348	374	7	0	0	0	0	1324	174.16	4.60	1.40	5.11	5.85	7.13	9.72	1.02	24.69	24.34
6/30/2022 10:37:48 AM	1.30	0.53	0.76	0.00	0.00	0.00	0.00	0.41	2.59	100.00	0.20	26.74	692	533	340	0	0	0	0	0	1564	170.88	4.51	0.88	5.52	7.68	7.35	10.59	1.02	24.73	24.37
6/30/2022 10:37:51 AM	1.59	0.74	0.75	0.13	0.00	0.00	0.00	0.22	3.21	100.00	0.21	26.71	844	736	339	4	0	0	0	0	1923	172.03	4.69	2.10	7.12	6.55	8.44	10.63	1.02	24.80	24.41
6/30/2022 10:37:53 AM	0.61	0.68	1.38	0.24	0.00	0.00	0.00	0.25	2.91	100.00	0.22	26.70	321	679	621	7	0	0	0	0	1628	170.10	6.00	1.93	6.78	6.60	8.75	10.88	1.02	24.84	24.42
6/30/2022 10:37:56 AM	1.27	0.05	0.50	0.64	0.00	0.00	0.00	0.23	2.46	100.00	0.25	26.65	671	48	225	19	0	0	0	0	963	171.03	5.02	1.20	4.37	6.12	7.52	10.58	1.02	24.89	24.43
6/30/2022 10:37:58 AM	1.25	0.58	0.88	0.00	0.00	0.00	0.00	0.20	2.72	100.00	0.29	26.61	662	585	398	0	0	0	0	0	1644	170.69	4.44	-0.07	6.43	5.72	6.96	9.30	1.03	24.95	24.44
6/30/2022 10:38:00 AM	0.95	0.58	1.64	0.00	0.00	0.00	0.00	0.08	3.18	100.00	0.32	26.61	505	585	740	0	0	0	0	0	1830	171.75	5.62	1.37	6.64	5.35	7.51	10.73	1.03	25.00	24.49
6/30/2022 10:38:03 AM	2.70	0.23	0.00	0.53	0.00	0.00	0.00	0.24	3.46	100.00	0.35	26.59	1432	233	0	16	0	0	0	0	1681	170.15	4.10	2.87	5.96	7.39	7.94	12.61	1.03	25.05	24.48
6/30/2022 10:38:05 AM	2.42	0.54	1.19	0.00	0.00	0.00	0.00	0.00	4.15	100.00	0.38	26.53	1285	539	534	0	0	0	0	0	2357	170.94	5.35	-0.52	7.87	5.46	7.65	12.89	1.04	25.09	24.48
6/30/2022 10:38:07 AM	0.00	0.00	0.13	1.53	0.00	0.00	0.00	0.44	1.66	100.00	0.45	26.48	0	0	56	46	0	0	0	0	102	170.99	7.15	2.31	5.01	7.44	9.23	10.15	1.04	25.14	24.53
6/30/2022 10:38:10 AM	2.19	0.41	0.26	0.00	0.00	0.00	0.00	0.25	2.85	100.00	0.49	26.50	1161	407	115	0	0	0	0	0	1682	170.03	3.31	1.09	5.61	6.32	6.32	9.86	1.05	25.20	24.54
6/30/2022 10:38:12 AM	1.26	0.52	1.07	0.00	0.00	0.00	0.00	0.39	2.84	100.00	0.54	26.53	667	516	481	0	0	0	0	0	1665	170.68	5.35	0.27	6.88	7.95	6.46	11.64	1.05	25.24	24.57
6/30/2022 10:38:15 AM	0.09	0.11	0.18	1.32	0.00	0.00	0.00	0.37	1.70	100.00	0.54	26.60	50	107	79	40	0	0	0	0	275	171.69	6.07	2.18	5.07	6.54	9.05	9.49	1.05	25.28	24.58
6/30/2022 10:38:17 AM	2.73	0.66	0.00	0.12	0.00	0.00	0.00	0.22	3.51	100.00	0.57	26.65	1447	663	0	4	0	0	0	0	2114	170.99	3.43	0.16	6.14	6.72	9.40	10.84	1.06	25.33	24.59
6/30/2022 10:38:19 AM	2.18	0.19	0.00	0.68	0.00	0.00	0.00	0.26	3.05	100.00	0.59	26.60	1153	193	0	20	0	0	0	0	1367	171.69	4.31	2.84	5.67	7.08	8.00	11.74	1.06	25.39	24.61
6/30/2022 10:38:22 AM	2.64	0.34	0.00	0.64	0.00	0.00	0.00	0.00	3.62	100.00	0.64	26.54	1399	339	0	19	0	0	0	0	1757	171.50	3.94	1.36	5.90	4.88	9.59	11.08	1.06	25.43	24.63
6/30/2022 10:38:24 AM	0.85	0.54	0.61	0.27	0.00	0.00	0.00	0.40	2.26	100.00	0.69	26.58	449	537	274	8	0	0	0	0	1268	171.39	4.56	3.34	6.40	7.14	6.70	9.55	1.07	25.47	24.61
6/30/2022 10:38:26 AM	1.77	0.94	0.75	0.00	0.00	0.00	0.00	0.39	3.46	100.00	0.72	26.70	937	941	337	0	0	0	0	0	2214	172.34	5.10	1.81	8.75	8.49	8.27	12.04	1.07	25.51	24.64
6/30/2022 10:38:29 AM	2.41	0.00	0.49	0.38	0.00	0.00	0.00	0.09	3.28	100.00	0.76	26.68	1277	0	222	11	0	0	0	0	1511	171.87	4.23	2.85	4.32	5.73	6.47	12.09	1.07	25.56	24.64
6/30/2022 10:38:31 AM	2.09	0.04	0.13	1.04	0.00	0.00	0.00	0.07	3.29	100.00	0.81	26.64	1106	37	58	31	0	0	0	0	1232	169.52	5.42	1.49	5.41	5.62	9.31	11.97	1.08	25.60	24.71
6/30/2022 10:38:34 AM	1.30	0.65	1.38	0.00	0.00	0.00	0.00	0.30	3.33	100.00	0.85	26.63	689	648	621	0	0	0	0	0	1958	172.10	5.86	0.88	6.80	7.69	8.29	12.47	1.08	25.65	24.73
6/30/2022 10:38:36 AM	1.38	0.67	0.20	0.52	0.00	0.00	0.00	0.19	2.77	100.00	0.86	26.62	732	674	90	16	0	0	0	0	1511	171.27	4.35	1.68	6.74	5.54	9.28	8.90	1.08	25.69	24.72
6/30/2022 10:38:38 AM	1.12	0.56	0.81	0.33	0.00	0.00	0.00	0.32	2.80	100.00	0.91	26.56	591	555	362	10	0	0	0	0	1519	171.61	5.28	1.61	6.23	7.11	8.51	10.87	1.09	25.74	24.71
6/30/2022 10:38:41 AM	0.93	0.35	0.40	0.97	0.00	0.00	0.00	0.33	2.66	100.00	0.94	26.55	495	351	180	29	0	0	0	0	1055	173.29	6.02	3.59	6.84	7.33	8.77	11.42	1.09	25.78	24.74
6/30/2022 10:38:43 AM	0.09	0.59	1.36	0.56	0.00	0.00	0.00	0.23	2.60	100.00	0.95	26.54	50	590	612	17	0	0	0	0	1269	170.08	6.53	2.15	6.64	6.18	9.19	10.40	1.09	25.82	24.78
6/30/2022 10:38:46 AM	1.50	0.23	1.87	0.00	0.00	0.00	0.00	0.05	3.60	100.00	0.97	26.57	795	226	844	0	0	0	0	0	1865	170.28	6.39	0.25	7.60	5.96	4.86	13.10	1.10	25.86	24.81
6/30/2022 10:38:48 AM	1.14	0.22	0.00	0.82	0.00	0.00	0.00	0.44	2.18	100.00	1.00	26.58	605	217	0	25	0	0	0	0	847	171.79	4.20	3.85	5.26	7.74	7.84	10.47	1.10	25.91	24.77
6/30/2022 10:38:50 AM	2.42	0.53	0.89	0.00	0.00	0.00	0.00	0.00	3.84	100.00	1.01	26.57	1285	531	400	0	0	0	0	0	2216	170.96	4.28	1.68	6.71	4.64	7.82	11.73	1.10	25.95	24.81
6/30/2022 10:38:53 AM	3.55	0.76	0.19	0.01	0.00	0.00	0.00	0.13	4.52	100.00	1.06	26.57	1884	764	86	0	0	0	0	0	2735	170.14	3.89	2.09	8.04	7.20	9.00	13.15	1.10	25.98	24.87
6/30/2022 10:38:55 AM	1.74	0.61	1.06	0.00	0.00	0.00	0.00	0.23	3.41	100.00	1.10	26.54	922	608	478	0	0	0	0	0	2008	171.91	5.15	0.41	6.49	6.98	8.31	11.87	1.11	26.02	24.88
6/30/2022 10:38:57 AM	0.67	0.52	0.64	0.80	0.00	0.00	0.00	0.41	2.62	100.00	1.12	26.53	353	522	287	24	0	0	0	0	1186	171.28	6.28	2.58	6.85	7.96	9.46	11.51	1.11	26.06	24.89
6/30/2022 10:39:00 AM	3.35	0.56	0.26	0.23	0.00	0.00	0.00	0.13	4.40	100.00	1.12	26.52	1776	556	119	7	0	0	0	0	2457	172.08	4.45	2.44	7.61	7.25	8.76	13.71	1.11	26.10	24.89
6/30/2022 10:39:02 AM	0.03	0.43	2.51	0.00	0.00	0.00	0.00	0.32	2.97	100.00	1.13	26.56	17	429	1129	0	0	0	0	0	1575	168.91	7.66	1.40	6.02	7.89	7.34	13.47	1.11	26.15	24.91
6/30/2022 10:39:05 AM	1.92	0.66	0.27	0.19	0.00	0.00	0.00	0.42	3.04	100.00	1.14	26.61	1020	661	119	6	0	0	0	0	1806	171.34	4.25	3.50	7.38	8.23	7.35	11.32	1.11	26.19	24.89
6/30/2022 10:39:07 AM	1.79	0.15	0.26	0.85	0.00	0.00	0.00	0.26	3.05	100.00	1.16	26.55	948	147	118	26	0	0	0	0	1238	171.23	5.49	2.78	5.99	7.18	8.25	12.36	1.11	26.21	24.96
6/30/2022 10:39:09 AM	2.41	0.32	0.00	0.26	0.00	0.00	0.00	0.27	3.00	100.00	1.21	26.49	1280	324	0	8	0	0	0	0	1612	170.16	3.00	1.21	4.61	6.94	8.30	10.83	1.12	26.25	25.02
6/30/2022 10:39:12 AM	1.91	0.15	1.09	0.37	0.00	0.00	0.00	0.12	3.52	100.00	1.24	26.51	1014	149	492	11	0	0	0	0	1666	170.59	5.74	1.08	5.21	6.45	8.05	13.14	1.12	26.29	24.99
6/30/2022 10:39:14 AM	3.34	0.80	0.00	0.28	0.00	0.00	0.00	0.15	4.43	100.00	1.27	26.52	1772	804	0	9	0	0	0	0	2584	171.23	3.66	1.30	7.28	7.40	11.47	13.08	1.12	26.34	24.98
6/30/2022 10:39:16 AM	0.00	0.45	1.39	0.30	0.00	0.00	0.00	0.49	2.14	100.00	1.29	26.52	0	445	626	9	0	0	0	0	1080	171.35	6.57	2.58	5.84	8.29	7.08	10.96	1.13	26.36	24.98
6/30/2022 10:39:19 AM	0.00	0.25	1.68	0.43	0.00	0.00	0.00	0.35	2.37	100.00	1.32	26.51	0	250	758	13	0	0	0	0	1021	171.26	6.97	1.06	4.82	7.35	8.06	11.81	1.13	26.39	25.06
6/30/2022 10:39:21 AM	2.83	1.21	0.71	0.00	0.00	0.00	0.00	0.21	4.76	100.00	1.33	26.53	1502	1212	322	0	0	0	0	0	3036	171.26	5.38	3.26	11.74	8.32	8.93	13.94	1.13	26.44	25.06
6/30/2022 10:39:24 AM	2.61	0.05	1.12	0.50	0.00	0.00	0.00	0.09	4.28	100.00	1.33	26.59	1386	54	503	15	0	0	0	0	1957	171.33	6.43	1.90	5.93	7.35	8.40	15.81	1.13	26.45	25.06
6/30/2022 10:39:26 AM	0.45	0.55	1.73	0.13	0.00	0.00	0.00	0.43	2.85	100.00	1.35	26.58	241	546	777	4	0	0	0	0	1568	169.79	6.75	1.87	6.23	8.60	8.07	12.87	1.13	26.49	25.06
6/30/2022 10:39:28 AM	1.08	0.65	0.95	0.00	0.00	0.00	0.00	0.54	2.68	100.00	1.37	26.56	570	654	428	0	0	0	0	0	1652	172.15	5.17	2.97	6.96	9.13	6.77	11.78	1.13	26.53	25.06
6/30/2022 10:39:31 AM	1.74	0.55	0.50	0.00	0.00	0.00	0.00	0.52	2.79	100.00	1.39	26.58	921	552	227	0	0	0	0	0	1700	172.01	4.46	1.74	6.45	9.06	6.74	11.78	1.14	26.57	25.12
6/30/2022 10:39:33 AM	1.80	0.73	1.60	0.00	0.00	0.00	0.00	0.12	4.13	100.00	1.42	26.57	952	734	719	0	0	0	0	0	2404	172.31	6.27	0.65	7.40	6.95	9.61	13.58	1.14	26.63	25.12
6/30/2022 10:39:35 AM	3.08	0.52	0.00	0.64	0.00	0.00	0.00	0.00	4.25	100.00	1.43	26.61	1634	525	0	19	0	0	0	0	2178	172.23	4.16	3.50	7.73	5.83	9.79	12.54	1.14	26.62	25.27
6/30/2022 10:39:38 AM	1.52	0.80	0.00	0.46	0.00	0.00	0.00	0.37	2.78	100.00	1.44	26.64	808	800	0	14	0	0	0	0	1622	169.23	4.04	3.24	7.52	7.36	9.00	9.76	1.14	26.65	25.25
6/30/2022 10:39:40 AM	2.28	0.24	1.04	0.21	0.00	0.00	0.00	0.13	3.77	100.00	1.49	26.57	1210	236	470	6	0	0	0	0	1922	170.60	5.41	1.91	5.87	6.88	7.53	13.60	1.15	26.72	25.16
6/30/2022 10:39:43 AM	3.84	0.36	0.00	0.20	0.00	0.00	0.00	0.09	4.41	100.00	1.53	26.57	2038	361	0	6	0	0	0	0	2405	170.94	3.78	1.06	6.30	6.93	8.68	13.66	1.15	26.72	25.24
6/30/2022 10:39:45 AM	2.57	0.42	0.00	0.57	0.00	0.00	0.00	0.27	3.55	100.00	1.56	26.60	1360	419	0	17	0	0	0	0	1796	171.78	4.66	1.20	6.24	7.67	9.67	12.66	1.15	26.78	25.19
6/30/2022 10:39:47 AM	2.22	2.03	0.89	0.00	0.00	0.00	0.00	0.30	5.14	100.00	1.58	26.61	1176	2030	399	0	0	0	0	0	3605	171.03	6.39	2.01	13.56	9.23	14.08	13.72	1.16	26.77	25.23
6/30/2022 10:39:50 AM	2.81	0.17	0.50	0.38	0.00	0.00	0.00	0.08	3.85	100.00	1.62	26.56	1487	169	225	11	0	0	0	0	1892	171.19	4.71	2.55	6.08	6.37	7.36	13.15	1.16	26.81	25.35
6/30/2022 10:39:52 AM	1.29	0.34	1.05	0.50	0.00	0.00	0.00	0.22	3.19	100.00	1.66	26.56	684	341	474	15	0	0	0	0	1515	171.20	6.12	1.54	5.94	6.95	8.79	12.46	1.16	26.85	25.18
6/30/2022 10:39:55 AM	2.51	0.30	0.00	0.69	0.00	0.00	0.00	0.25	3.50	100.00	1.68	26.53	1332	298	0	21	0	0	0	0	1650	170.61	4.79	2.29	6.35	7.50	8.95	12.79	1.16	26.88	25.34
6/30/2022 10:39:57 AM	2.21	0.52	1.39	0.00	0.00	0.00	0.00	0.12	4.12	100.00	1.72	26.52	1170	522	626	0	0	0	0	0	2318	171.84	5.80	1.37	6.92	7.10	8.35	13.96	1.17	26.95	25.32
6/30/2022 10:39:59 AM	2.38	0.74	1.00	0.03	0.00	0.00	0.00	0.07	4.15	100.00	1.76	26.49	1263	736	451	1	0	0	0	0	2451	171.52	5.09	1.03	7.28	6.28	9.52	12.55	1.17	26.92	25.32
6/30/2022 10:40:02 AM	2.32	0.60	1.29	0.00	0.00	0.00	0.00	0.17	4.21	100.00	1.78	26.46	1229	599	583	0	0	0	0	0	2411	169.92	5.88	0.71	7.18	7.58	8.91	14.27	1.17	26.98	25.33
6/30/2022 10:40:04 AM	2.47	0.70	0.90	0.00	0.00	0.00	0.00	0.07	4.07	100.00	1.79	26.49	1309	699	404	0	0	0	0	0	2412	170.74	4.74	1.98	7.55	6.24	8.48	12.29	1.17	26.97	25.38
6/30/2022 10:40:06 AM	2.09	0.55	0.70	0.37	0.00	0.00	0.00	0.18	3.71	100.00	1.82	26.49	1107	548	317	11	0	0	0	0	1983	171.26	5.39	2.08	7.10	7.02	9.09	12.68	1.18	27.03	25.32
6/30/2022 10:40:09 AM	1.45	0.36	1.49	0.00	0.00	0.00	0.00	0.20	3.29	100.00	1.85	26.51	769	357	669	0	0	0	0	0	1795	170.57	5.64	1.47	5.88	6.87	6.89	12.53	1.18	27.04	25.43
6/30/2022 10:40:11 AM	1.11	0.00	1.29	0.73	0.00	0.00	0.00	0.23	3.13	100.00	1.86	26.49	589	0	580	22	0	0	0	0	1191	171.57	7.02	1.94	4.96	7.37	8.32	13.99	1.18	27.10	25.38
6/30/2022 10:40:14 AM	3.86	0.91	0.00	0.00	0.00	0.00	0.00	0.16	4.77	100.00	1.88	26.48	2047	911	0	0	0	0	0	0	2958	172.56	3.63	2.03	9.11	7.77	9.36	13.57	1.18	27.10	25.38
6/30/2022 10:40:16 AM	2.62	0.65	0.04	0.37	0.00	0.00	0.00	0.32	3.67	100.00	1.89	26.52	1387	647	19	11	0	0	0	0	2064	171.48	4.55	1.82	7.30	8.12	9.41	12.57	1.18	27.14	25.43
6/30/2022 10:40:18 AM	3.42	0.51	0.00	0.48	0.00	0.00	0.00	0.06	4.41	100.00	1.90	26.52	1812	510	0	15	0	0	0	0	2336	171.89	3.98	1.78	6.80	6.71	10.55	13.38	1.19	27.16	25.54
6/30/2022 10:40:21 AM	1.04	0.62	1.62	0.00	0.00	0.00	0.00	0.22	3.28	100.00	1.92	26.53	549	622	728	0	0	0	0	0	1899	170.87	6.05	1.45	7.43	6.92	7.26	12.02	1.19	27.19	25.45
6/30/2022 10:40:23 AM	1.64	0.24	1.58	0.00	0.00	0.00	0.00	0.20	3.46	100.00	1.95	26.55	871	235	713	0	0	0	0	0	1819	171.71	5.89	1.40	5.64	7.17	6.61	13.50	1.19	27.20	25.63
6/30/2022 10:40:25 AM	1.73	0.62	0.99	0.00	0.00	0.00	0.00	0.29	3.34	100.00	1.95	26.56	918	623	444	0	0	0	0	0	1986	172.02	5.03	2.19	7.06	7.58	7.45	12.07	1.19	27.24	25.58
6/30/2022 10:40:28 AM	0.77	0.58	1.85	0.00	0.00	0.00	0.00	0.29	3.20	100.00	1.97	26.58	407	584	831	0	0	0	0	0	1822	172.27	6.54	1.85	7.11	7.58	7.31	12.69	1.19	27.27	25.63
6/30/2022 10:40:30 AM	2.23	0.44	1.19	0.00	0.00	0.00	0.00	0.13	3.86	100.00	1.99	26.59	1182	439	536	0	0	0	0	0	2157	172.05	5.35	0.55	6.39	6.78	7.88	13.18	1.19	27.33	25.54
6/30/2022 10:40:33 AM	1.08	0.62	1.83	0.00	0.00	0.00	0.00	0.04	3.53	100.00	2.01	26.57	572	621	826	0	0	0	0	0	2019	170.89	6.11	1.66	7.76	5.45	7.21	11.62	1.20	27.31	25.55
6/30/2022 10:40:35 AM	1.37	0.47	1.27	0.07	0.00	0.00	0.00	0.29	3.18	100.00	2.06	26.52	725	471	573	2	0	0	0	0	1771	171.31	5.63	1.41	5.93	7.54	7.87	12.43	1.20	27.33	25.57
6/30/2022 10:40:37 AM	1.09	0.73	1.62	0.00	0.00	0.00	0.00	0.23	3.45	100.00	2.12	26.57	580	733	730	0	0	0	0	0	2043	171.69	6.17	1.33	7.35	7.13	8.50	12.31	1.21	27.36	25.57
6/30/2022 10:40:40 AM	1.50	0.51	1.17	0.11	0.00	0.00	0.00	0.23	3.28	100.00	2.15	26.58	795	506	525	3	0	0	0	0	1830	171.05	5.36	2.35	6.50	6.98	7.58	12.02	1.21	27.39	25.79
6/30/2022 10:40:42 AM	1.67	0.49	1.28	0.00	0.00	0.00	0.00	0.15	3.43	100.00	2.18	26.60	884	487	576	0	0	0	0	0	1946	171.76	5.24	1.83	6.63	6.43	7.09	11.97	1.21	27.40	25.63
6/30/2022 10:40:45 AM	2.61	0.29	0.60	0.28	0.00	0.00	0.00	0.13	3.78	100.00	2.21	26.59	1382	294	268	8	0	0	0	0	1953	171.19	4.92	0.06	5.39	6.72	8.94	13.01	1.22	27.44	25.75
6/30/2022 10:40:47 AM	1.33	0.35	1.73	0.01	0.00	0.00	0.00	0.21	3.42	100.00	2.25	26.54	705	348	779	0	0	0	0	0	1833	170.89	6.18	1.41	5.63	7.24	7.48	13.35	1.22	27.46	25.65
6/30/2022 10:40:49 AM	1.57	0.24	1.00	0.66	0.00	0.00	0.00	0.14	3.48	100.00	2.28	26.57	834	244	449	20	0	0	0	0	1547	171.66	6.24	3.66	6.81	6.70	7.97	13.17	1.22	27.48	25.90
6/30/2022 10:40:52 AM	2.20	0.30	1.35	0.00	0.00	0.00	0.00	0.03	3.85	100.00	2.31	26.58	1163	302	607	0	0	0	0	0	2072	169.98	5.24	1.25	5.78	5.86	7.33	12.89	1.23	27.54	25.68
6/30/2022 10:40:54 AM	1.43	0.15	1.54	0.39	0.00	0.00	0.00	0.17	3.53	100.00	2.35	26.62	760	154	694	12	0	0	0	0	1621	171.13	6.72	2.14	5.72	7.17	7.79	14.16	1.23	27.52	25.69
6/30/2022 10:40:56 AM	3.46	0.52	0.19	0.00	0.00	0.00	0.00	0.18	4.16	100.00	2.37	26.61	1833	521	83	0	0	0	0	0	2437	172.89	3.84	0.71	6.87	7.35	8.08	13.10	1.23	27.56	25.74
6/30/2022 10:40:59 AM	1.36	0.44	1.16	0.38	0.00	0.00	0.00	0.14	3.34	100.00	2.40	26.58	722	436	523	12	0	0	0	0	1692	171.11	5.92	1.37	6.18	6.25	8.92	12.02	1.24	27.59	25.70
6/30/2022 10:41:01 AM	1.39	0.42	1.48	0.00	0.00	0.00	0.00	0.19	3.29	100.00	2.42	26.57	737	422	666	0	0	0	0	0	1825	171.57	5.64	1.45	6.28	6.71	6.93	12.24	1.24	27.59	25.83
6/30/2022 10:41:04 AM	2.06	0.93	0.80	0.00	0.00	0.00	0.00	0.36	3.79	100.00	2.44	26.58	1090	931	361	0	0	0	0	0	2382	171.44	5.40	0.97	9.00	8.64	8.65	12.93	1.24	27.63	25.98
6/30/2022 10:41:06 AM	2.26	1.73	1.29	0.00	0.00	0.00	0.00	0.11	5.28	100.00	2.46	26.56	1196	1734	582	0	0	0	0	0	3512	172.06	6.52	3.73	13.34	7.81	12.07	13.99	1.24	27.67	25.79
6/30/2022 10:41:08 AM	2.33	1.05	1.40	0.00	0.00	0.00	0.00	0.02	4.77	100.00	2.48	26.55	1233	1049	628	0	0	0	0	0	2911	171.29	6.08	1.47	9.30	6.62	10.72	13.73	1.24	27.67	25.74
6/30/2022 10:41:11 AM	1.37	0.60	1.69	0.00	0.00	0.00	0.00	0.19	3.66	100.00	2.51	26.54	728	602	759	0	0	0	0	0	2090	170.98	6.29	1.19	6.82	7.21	8.49	13.20	1.25	27.67	25.79
6/30/2022 10:41:13 AM	2.08	0.51	0.76	0.36	0.00	0.00	0.00	0.15	3.71	100.00	2.52	26.55	1102	513	342	11	0	0	0	0	1968	171.18	5.33	2.43	7.09	6.75	8.68	12.57	1.25	27.71	25.80
6/30/2022 10:41:15 AM	1.92	0.47	0.58	0.30	0.00	0.00	0.00	0.34	3.27	100.00	2.56	26.55	1018	465	261	9	0	0	0	0	1753	171.90	5.09	2.23	6.51	8.03	8.08	12.53	1.25	27.72	25.92
6/30/2022 10:41:18 AM	1.99	0.00	0.00	1.04	0.00	0.00	0.00	0.31	3.03	100.00	2.59	26.54	1056	0	0	31	0	0	0	0	1087	170.56	5.25	3.77	4.93	7.72	8.46	13.26	1.25	27.75	25.90
6/30/2022 10:41:20 AM	0.74	0.32	1.22	0.65	0.00	0.00	0.00	0.36	2.94	100.00	2.61	26.55	393	317	551	20	0	0	0	0	1280	171.03	7.04	1.53	5.87	8.13	9.24	13.23	1.26	27.76	25.92
6/30/2022 10:41:23 AM	3.17	0.13	0.13	0.88	0.00	0.00	0.00	0.11	4.30	100.00	2.64	26.57	1680	129	57	26	0	0	0	0	1893	172.22	5.74	1.43	6.34	7.35	10.06	15.08	1.26	27.79	25.90
6/30/2022 10:41:25 AM	2.12	0.27	0.00	1.21	0.00	0.00	0.00	0.34	3.59	100.00	2.66	26.55	1121	270	0	36	0	0	0	0	1427	170.74	6.25	2.43	6.72	8.76	11.14	14.51	1.26	27.85	25.89
6/30/2022 10:41:27 AM	1.60	0.51	1.60	0.20	0.00	0.00	0.00	0.15	3.91	100.00	2.71	26.54	851	505	720	6	0	0	0	0	2082	168.99	6.59	1.90	6.90	7.20	8.89	14.04	1.27	27.84	25.88
6/30/2022 10:41:30 AM	1.30	0.67	1.84	0.00	0.00	0.00	0.00	0.24	3.82	100.00	2.77	26.55	689	674	829	0	0	0	0	0	2191	170.59	6.67	3.02	7.77	7.88	8.09	14.01	1.27	27.84	26.11
6/30/2022 10:41:32 AM	3.03	0.53	0.91	0.00	0.00	0.00	0.00	0.26	4.47	100.00	2.76	26.56	1607	526	409	0	0	0	0	0	2543	170.73	5.61	0.49	7.42	8.88	8.55	15.62	1.27	27.87	26.10
6/30/2022 10:41:35 AM	1.72	0.82	1.01	0.27	0.00	0.00	0.00	0.25	3.81	100.00	2.79	26.57	909	820	453	8	0	0	0	0	2190	171.97	5.96	2.11	8.03	7.71	9.97	12.98	1.27	27.87	25.95
6/30/2022 10:41:37 AM	1.91	0.31	2.20	0.00	0.00	0.00	0.00	0.00	4.42	100.00	2.78	26.55	1013	311	989	0	0	0	0	0	2313	170.95	7.12	1.56	7.11	6.67	7.32	15.52	1.27	27.90	26.20
6/30/2022 10:41:39 AM	2.54	0.35	0.26	0.45	0.00	0.00	0.00	0.38	3.60	100.00	2.81	26.56	1344	354	118	14	0	0	0	0	1829	171.55	5.25	1.19	6.13	8.96	9.06	14.07	1.28	27.93	25.97
6/30/2022 10:41:42 AM	0.97	0.48	2.39	0.00	0.00	0.00	0.00	0.13	3.85	100.00	2.83	26.52	517	483	1077	0	0	0	0	0	2076	171.10	7.42	2.34	7.22	7.09	7.58	14.44	1.28	27.98	25.99
6/30/2022 10:41:44 AM	1.95	0.44	1.75	0.00	0.00	0.00	0.00	0.07	4.15	100.00	2.85	26.55	1035	440	789	0	0	0	0	0	2264	170.37	6.34	1.74	7.32	6.78	7.41	14.30	1.28	27.97	25.98
6/30/2022 10:41:46 AM	2.19	0.46	1.38	0.00	0.00	0.00	0.00	0.08	4.03	100.00	2.89	26.54	1161	456	621	0	0	0	0	0	2238	171.59	5.56	1.39	6.42	6.52	8.16	13.47	1.28	27.98	26.05
6/30/2022 10:41:49 AM	2.58	0.40	1.08	0.19	0.00	0.00	0.00	0.08	4.26	100.00	2.88	26.54	1369	401	485	6	0	0	0	0	2261	171.76	5.64	1.45	6.59	6.85	8.79	14.23	1.28	28.00	26.03
6/30/2022 10:41:51 AM	1.89	0.34	0.96	0.60	0.00	0.00	0.00	0.19	3.78	100.00	2.88	26.54	1002	337	431	18	0	0	0	0	1788	170.69	6.45	1.94	6.63	7.50	9.40	14.15	1.28	28.02	26.08
6/30/2022 10:41:54 AM	2.06	0.41	1.44	0.16	0.00	0.00	0.00	0.14	4.08	100.00	2.89	26.53	1094	412	650	5	0	0	0	0	2160	171.22	6.22	2.42	6.87	7.36	8.16	14.54	1.28	28.05	26.05
6/30/2022 10:41:56 AM	2.52	0.38	1.35	0.00	0.00	0.00	0.00	0.11	4.24	100.00	2.90	26.53	1334	378	605	0	0	0	0	0	2317	171.24	5.67	2.45	7.28	7.21	6.89	14.58	1.28	28.06	26.13
6/30/2022 10:41:58 AM	2.25	0.39	1.33	0.00	0.00	0.00	0.00	0.16	3.96	100.00	2.94	26.55	1192	386	598	0	0	0	0	0	2176	171.11	5.64	1.36	6.21	7.30	7.83	14.06	1.29	28.06	26.07
6/30/2022 10:42:01 AM	2.08	0.49	1.55	0.00	0.00	0.00	0.00	0.09	4.13	100.00	2.96	26.55	1103	495	697	0	0	0	0	0	2295	170.55	6.07	0.82	6.99	6.84	8.21	14.00	1.29	28.08	26.16
6/30/2022 10:42:03 AM	2.13	0.92	1.50	0.00	0.00	0.00	0.00	0.09	4.55	100.00	2.99	26.53	1127	922	676	0	0	0	0	0	2725	170.58	6.23	2.64	9.24	7.17	9.40	14.08	1.29	28.14	26.15
6/30/2022 10:42:05 AM	2.05	0.47	0.95	0.28	0.00	0.00	0.00	0.21	3.75	100.00	3.03	26.55	1087	467	429	8	0	0	0	0	1991	170.94	5.68	1.85	6.70	7.43	8.73	13.43	1.30	28.12	26.25
6/30/2022 10:42:08 AM	2.13	0.79	1.43	0.00	0.00	0.00	0.00	0.16	4.34	100.00	3.07	26.55	1126	790	643	0	0	0	0	0	2559	170.25	6.03	3.52	8.72	7.67	8.51	14.27	1.30	28.14	26.24
6/30/2022 10:42:10 AM	2.57	1.05	1.43	0.00	0.00	0.00	0.00	0.13	5.05	100.00	3.11	26.56	1364	1052	642	0	0	0	0	0	3058	171.21	6.71	1.11	10.46	8.17	10.21	15.53	1.30	28.14	26.24
6/30/2022 10:42:13 AM	2.11	0.50	1.92	0.00	0.00	0.00	0.00	0.10	4.53	100.00	3.13	26.55	1120	495	866	0	0	0	0	0	2481	171.46	6.96	0.92	6.87	7.56	9.21	15.78	1.31	28.18	26.14
6/30/2022 10:42:15 AM	2.35	0.78	1.26	0.26	0.00	0.00	0.00	0.15	4.64	100.00	3.16	26.56	1245	778	567	8	0	0	0	0	2597	170.49	6.59	2.84	8.80	8.01	10.15	15.29	1.31	28.18	26.19
6/30/2022 10:42:17 AM	1.49	0.69	1.38	0.29	0.00	0.00	0.00	0.27	3.85	100.00	3.19	26.55	792	691	619	9	0	0	0	0	2110	171.05	6.76	1.74	7.53	8.20	9.98	14.13	1.31	28.22	26.25
6/30/2022 10:42:20 AM	0.99	0.24	1.34	0.74	0.00	0.00	0.00	0.28	3.30	100.00	3.22	26.52	525	239	602	22	0	0	0	0	1388	170.68	7.38	2.86	6.48	8.00	8.80	14.25	1.32	28.22	26.19
6/30/2022 10:42:22 AM	2.94	0.21	0.53	0.70	0.00	0.00	0.00	0.08	4.37	100.00	3.24	26.52	1556	209	238	21	0	0	0	0	2024	171.38	5.95	2.24	6.82	7.21	9.41	15.13	1.32	28.28	26.25
6/30/2022 10:42:25 AM	1.76	0.60	1.79	0.02	0.00	0.00	0.00	0.17	4.17	100.00	3.27	26.55	932	601	804	1	0	0	0	0	2338	170.28	6.71	1.81	7.23	7.73	8.95	14.78	1.32	28.25	26.46
6/30/2022 10:42:27 AM	1.92	0.43	1.72	0.00	0.00	0.00	0.00	0.09	4.07	100.00	3.28	26.55	1020	435	772	0	0	0	0	0	2227	170.79	6.26	1.68	6.86	6.90	7.75	14.22	1.32	28.26	26.34
6/30/2022 10:42:29 AM	1.68	0.38	2.14	0.00	0.00	0.00	0.00	0.00	4.20	100.00	3.32	26.53	889	384	965	0	0	0	0	0	2237	171.07	6.80	1.56	6.98	5.73	7.68	14.77	1.33	28.29	26.30
6/30/2022 10:42:32 AM	2.22	0.56	1.55	0.00	0.00	0.00	0.00	0.19	4.33	100.00	3.36	26.53	1176	557	699	0	0	0	0	0	2432	171.57	6.37	2.14	7.42	8.16	8.48	15.31	1.33	28.29	26.38
6/30/2022 10:42:34 AM	1.40	0.24	1.89	0.13	0.00	0.00	0.00	0.17	3.66	100.00	3.39	26.52	744	243	849	4	0	0	0	0	1840	171.60	6.77	1.65	5.68	7.32	7.65	14.43	1.33	28.34	26.31
6/30/2022 10:42:36 AM	1.43	0.58	1.90	0.00	0.00	0.00	0.00	0.27	3.91	100.00	3.43	26.54	760	580	854	0	0	0	0	0	2195	170.32	6.98	1.68	7.15	8.39	8.52	14.90	1.34	28.32	26.29
6/30/2022 10:42:39 AM	1.54	0.48	1.55	0.38	0.00	0.00	0.00	0.16	3.94	100.00	3.50	26.52	815	479	696	11	0	0	0	0	2000	171.42	7.01	1.66	6.92	7.40	9.62	14.43	1.34	28.34	26.35
6/30/2022 10:42:41 AM	2.49	0.57	1.23	0.00	0.00	0.00	0.00	0.15	4.29	100.00	3.57	26.48	1319	571	554	0	0	0	0	0	2445	171.16	5.66	2.21	7.61	7.56	8.10	14.41	1.35	28.35	26.54
6/30/2022 10:42:44 AM	2.27	0.53	1.55	0.00	0.00	0.00	0.00	0.08	4.36	100.00	3.62	26.48	1206	534	699	0	0	0	0	0	2439	170.65	6.23	0.99	7.76	7.05	8.06	14.56	1.35	28.38	26.30
6/30/2022 10:42:46 AM	1.73	0.57	1.31	0.39	0.00	0.00	0.00	0.22	3.99	100.00	3.65	26.47	914	567	588	12	0	0	0	0	2081	171.15	6.84	1.55	7.24	7.95	10.09	14.56	1.36	28.39	26.43
6/30/2022 10:42:48 AM	2.27	0.52	1.43	0.00	0.00	0.00	0.00	0.23	4.21	100.00	3.67	26.50	1202	517	642	0	0	0	0	0	2361	171.05	6.16	1.89	7.11	8.32	8.32	15.16	1.36	28.40	26.53
6/30/2022 10:42:51 AM	2.27	0.33	1.40	0.22	0.00	0.00	0.00	0.18	4.21	100.00	3.68	26.46	1201	335	628	6	0	0	0	0	2170	171.33	6.46	2.05	6.64	7.98	8.43	15.50	1.36	28.45	26.43
6/30/2022 10:42:53 AM	1.72	0.39	2.09	0.00	0.00	0.00	0.00	0.13	4.20	100.00	3.70	26.45	911	388	940	0	0	0	0	0	2239	171.17	7.08	1.53	6.69	7.52	8.04	15.45	1.36	28.42	26.68
6/30/2022 10:42:55 AM	2.84	0.84	0.98	0.00	0.00	0.00	0.00	0.21	4.66	100.00	3.70	26.45	1505	837	443	0	0	0	0	0	2784	171.48	5.66	1.93	8.63	8.39	9.62	14.97	1.36	28.44	26.45
6/30/2022 10:42:58 AM	1.84	0.67	1.69	0.00	0.00	0.00	0.00	0.26	4.20	100.00	3.72	26.45	973	675	759	0	0	0	0	0	2406	171.08	6.80	1.32	7.52	8.62	9.28	15.25	1.36	28.45	26.43
6/30/2022 10:43:00 AM	2.36	0.53	1.44	0.09	0.00	0.00	0.00	0.13	4.41	100.00	3.78	26.44	1249	528	646	3	0	0	0	0	2426	170.38	6.27	1.87	7.23	7.63	8.96	15.12	1.37	28.46	26.44
6/30/2022 10:43:03 AM	1.69	0.64	1.70	0.16	0.00	0.00	0.00	0.14	4.19	100.00	3.85	26.35	895	639	766	5	0	0	0	0	2304	170.58	6.83	2.19	7.64	7.46	9.35	14.56	1.38	28.49	26.55
6/30/2022 10:43:05 AM	2.04	0.67	1.60	0.00	0.00	0.00	0.00	0.24	4.31	100.00	3.87	26.32	1081	671	721	0	0	0	0	0	2472	171.64	6.65	1.74	8.01	8.53	8.80	15.34	1.38	28.53	26.53
6/30/2022 10:43:07 AM	2.59	0.45	1.38	0.51	0.00	0.00	0.00	0.10	4.94	100.00	3.94	26.20	1375	453	621	15	0	0	0	0	2464	170.44	7.45	2.72	8.14	8.27	10.24	17.24	1.39	28.51	26.55
6/30/2022 10:43:10 AM	2.16	0.71	1.69	0.00	0.00	0.00	0.00	0.33	4.56	100.00	4.02	26.00	1147	710	761	0	0	0	0	0	2618	171.05	7.14	2.31	8.24	9.80	9.34	16.86	1.39	28.50	26.61
6/30/2022 10:43:12 AM	1.74	1.21	1.99	0.00	0.00	0.00	0.00	0.24	4.93	100.00	4.05	25.83	921	1210	894	0	0	0	0	0	3025	170.10	7.92	2.23	11.35	9.18	10.43	16.24	1.40	28.55	26.55
6/30/2022 10:43:15 AM	0.99	0.75	2.46	0.12	0.00	0.00	0.00	0.35	4.33	100.00	4.11	25.83	525	747	1109	4	0	0	0	0	2385	170.50	8.78	2.49	8.31	9.95	10.09	17.25	1.40	28.53	26.56
6/30/2022 10:43:17 AM	1.28	0.82	2.37	0.00	0.00	0.00	0.00	0.32	4.47	100.00	4.15	25.83	680	821	1066	0	0	0	0	0	2567	170.30	8.35	2.12	8.61	9.71	9.94	16.99	1.41	28.57	26.55
6/30/2022 10:43:19 AM	2.27	0.79	1.69	0.14	0.00	0.00	0.00	0.32	4.89	100.00	4.20	25.73	1206	786	760	4	0	0	0	0	2756	171.12	7.68	2.52	8.85	10.22	10.46	17.82	1.41	28.56	26.59
6/30/2022 10:43:22 AM	1.22	1.05	2.04	0.36	0.00	0.00	0.00	0.47	4.68	100.00	4.26	25.71	647	1052	919	11	0	0	0	0	2630	171.64	9.24	2.79	9.99	11.43	12.26	18.26	1.42	28.57	26.61
6/30/2022 10:43:24 AM	2.09	1.28	2.19	0.06	0.00	0.00	0.00	0.37	5.62	100.00	4.34	25.67	1107	1285	983	2	0	0	0	0	3377	171.37	9.00	3.78	11.56	11.52	12.25	19.60	1.42	28.58	26.58
6/30/2022 10:43:26 AM	2.13	1.03	2.27	0.00	0.00	0.00	0.00	0.27	5.43	100.00	4.41	25.44	1128	1030	1022	0	0	0	0	0	3180	170.97	8.65	2.26	9.97	10.37	11.59	18.93	1.43	28.61	26.64
6/30/2022 10:43:29 AM	2.31	1.18	1.89	0.25	0.00	0.00	0.00	0.35	5.63	100.00	4.42	25.23	1226	1177	849	8	0	0	0	0	3259	170.74	8.94	3.14	11.12	11.41	12.83	19.68	1.43	28.62	26.68
6/30/2022 10:43:31 AM	1.57	1.06	2.70	0.00	0.00	0.00	0.00	0.42	5.33	100.00	4.55	25.21	832	1058	1215	0	0	0	0	0	3105	171.12	9.72	3.21	10.44	11.89	11.35	20.25	1.45	28.61	26.66
6/30/2022 10:43:34 AM	2.31	1.68	2.41	0.00	0.00	0.00	0.00	0.30	6.40	100.00	4.57	25.18	1223	1681	1086	0	0	0	0	0	3990	171.26	9.64	4.21	13.77	11.71	13.85	20.61	1.45	28.61	26.75
6/30/2022 10:43:36 AM	1.98	0.90	2.27	0.00	0.00	0.00	0.00	0.35	5.15	100.00	4.52	25.10	1050	901	1023	0	0	0	0	0	2973	170.97	8.67	2.37	9.51	10.88	10.72	19.06	1.44	28.63	26.83
6/30/2022 10:43:38 AM	2.33	0.56	1.61	0.71	0.00	0.00	0.00	0.39	5.21	100.00	4.69	25.09	1232	562	725	21	0	0	0	0	2541	171.20	9.29	3.35	9.27	11.65	11.62	20.59	1.46	28.65	26.68
6/30/2022 10:43:41 AM	2.04	0.54	1.92	0.98	0.00	0.00	0.00	0.36	5.48	100.00	4.76	24.81	1082	541	862	29	0	0	0	0	2515	171.55	10.60	3.81	9.86	11.93	12.66	21.96	1.47	28.67	26.68
6/30/2022 10:43:43 AM	2.78	0.83	2.37	0.18	0.00	0.00	0.00	0.29	6.16	100.00	4.71	24.57	1473	833	1067	5	0	0	0	0	3378	170.03	9.72	2.47	10.05	11.85	12.25	22.35	1.46	28.65	26.80
6/30/2022 10:43:45 AM	2.12	0.62	2.56	0.57	0.00	0.00	0.00	0.41	5.87	100.00	4.82	24.48	1124	622	1154	17	0	0	0	0	2917	171.32	11.09	3.71	10.05	12.97	12.12	23.66	1.47	28.67	26.71
6/30/2022 10:43:48 AM	2.67	0.80	2.21	1.02	0.00	0.00	0.00	0.39	6.71	100.00	4.87	24.36	1417	797	997	31	0	0	0	0	3241	171.19	12.11	4.44	12.00	13.92	14.73	25.82	1.48	28.66	26.80
6/30/2022 10:43:50 AM	2.44	1.11	3.18	0.31	0.00	0.00	0.00	0.45	7.04	100.00	4.96	23.87	1296	1109	1429	9	0	0	0	0	3844	171.21	12.47	4.03	12.51	14.86	14.19	26.80	1.49	28.68	26.81
6/30/2022 10:43:53 AM	2.14	1.15	3.83	0.00	0.00	0.00	0.00	0.46	7.12	100.00	5.01	22.85	1132	1150	1723	0	0	0	0	0	4006	170.21	12.98	3.49	12.45	15.14	13.57	27.42	1.49	28.69	26.83
6/30/2022 10:43:55 AM	2.00	0.72	3.93	0.38	0.00	0.00	0.00	0.42	7.03	100.00	5.04	22.72	1058	722	1769	11	0	0	0	0	3560	170.34	13.83	3.94	11.26	15.00	13.30	28.59	1.49	28.69	26.81
6/30/2022 10:43:57 AM	2.12	1.10	4.24	0.00	0.00	0.00	0.00	0.46	7.46	100.00	5.06	23.21	1123	1103	1909	0	0	0	0	0	4135	171.30	13.93	3.72	12.74	15.83	13.70	29.19	1.50	28.70	26.79
6/30/2022 10:44:00 AM	1.50	1.67	4.27	0.00	0.00	0.00	0.00	0.46	7.44	100.00	5.09	22.76	797	1669	1922	0	0	0	0	0	4389	170.44	14.04	4.54	14.70	15.38	15.62	27.50	1.50	28.71	26.83
6/30/2022 10:44:02 AM	2.45	0.43	2.83	1.03	0.00	0.00	0.00	0.48	6.74	100.00	5.12	22.12	1297	432	1272	31	0	0	0	0	3032	170.57	13.42	4.17	10.77	15.29	13.88	28.42	1.50	28.70	26.84
6/30/2022 10:44:04 AM	2.55	0.93	3.37	0.82	0.00	0.00	0.00	0.52	7.67	100.00	5.16	21.76	1353	930	1515	25	0	0	0	0	3823	169.75	14.64	4.67	13.20	16.83	15.83	30.75	1.51	28.70	26.85
6/30/2022 10:44:07 AM	2.81	0.46	2.83	1.40	0.00	0.00	0.00	0.41	7.49	100.00	5.20	21.69	1487	460	1272	42	0	0	0	0	3261	170.04	14.71	3.97	11.72	15.82	16.19	30.71	1.51	28.71	26.86
6/30/2022 10:44:09 AM	2.18	1.38	4.53	0.02	0.00	0.00	0.00	0.37	8.12	100.00	5.27	21.57	1157	1379	2040	1	0	0	0	0	4577	170.21	14.70	4.24	14.10	15.74	15.50	30.17	1.52	28.71	26.91
6/30/2022 10:44:12 AM	2.62	0.65	3.78	0.59	0.00	0.00	0.00	0.44	7.65	100.00	5.33	21.23	1390	650	1703	18	0	0	0	0	3762	170.16	14.51	4.34	11.88	16.18	14.15	31.04	1.52	28.70	26.94
6/30/2022 10:44:14 AM	2.54	0.65	4.02	0.50	0.00	0.00	0.00	0.52	7.71	100.00	5.41	21.01	1344	649	1811	15	0	0	0	0	3818	170.53	14.96	4.07	11.76	17.12	14.17	32.05	1.53	28.71	26.88
6/30/2022 10:44:16 AM	2.39	1.06	5.30	0.00	0.00	0.00	0.00	0.44	8.74	100.00	5.47	20.88	1266	1058	2383	0	0	0	0	0	4707	169.16	16.46	4.90	13.86	17.79	14.69	34.54	1.54	28.71	26.90
6/30/2022 10:44:19 AM	2.57	0.55	5.09	0.38	0.00	0.00	0.00	0.49	8.59	100.00	5.54	21.22	1364	547	2290	11	0	0	0	0	4213	169.54	17.02	4.42	12.18	18.50	14.36	36.14	1.54	28.70	26.91
6/30/2022 10:44:21 AM	2.51	0.73	4.65	0.65	0.00	0.00	0.00	0.51	8.53	100.00	5.56	21.50	1330	726	2091	19	0	0	0	0	4166	170.36	16.95	4.65	13.07	18.40	15.70	35.33	1.55	28.70	26.95
6/30/2022 10:44:24 AM	2.80	0.73	4.48	0.83	0.00	0.00	0.00	0.44	8.83	100.00	5.60	21.28	1483	726	2017	25	0	0	0	0	4251	169.94	17.16	4.14	13.25	18.14	16.85	35.78	1.55	28.69	26.95
6/30/2022 10:44:26 AM	2.51	0.57	5.23	1.23	0.00	0.00	0.00	0.44	9.54	100.00	5.63	21.22	1332	568	2353	37	0	0	0	0	4291	169.48	19.88	5.07	14.08	19.56	18.20	39.83	1.55	28.69	26.95
6/30/2022 10:44:28 AM	3.02	0.82	7.92	0.11	0.00	0.00	0.00	0.39	11.88	100.00	5.67	21.23	1601	822	3565	3	0	0	0	0	5992	169.35	23.17	5.55	15.96	22.63	17.85	48.10	1.56	28.70	26.94
6/30/2022 10:44:31 AM	3.73	1.01	7.75	0.00	0.00	0.00	0.00	0.35	12.49	100.00	5.72	21.10	1975	1007	3489	0	0	0	0	0	6471	169.76	22.94	5.37	17.22	22.95	18.32	48.92	1.56	28.69	26.93
6/30/2022 10:44:33 AM	4.23	1.10	10.70	0.00	0.00	0.00	0.00	0.30	16.03	100.00	5.77	20.86	2240	1101	4816	0	0	0	0	0	8157	169.04	30.27	7.00	21.43	28.30	21.83	63.16	1.57	28.68	26.99
6/30/2022 10:44:35 AM	3.65	1.29	9.10	0.00	0.00	0.00	0.00	0.19	14.03	100.00	5.86	20.50	1934	1290	4094	0	0	0	0	0	7317	169.28	25.92	5.97	19.51	23.68	21.03	53.38	1.57	28.67	26.96
6/30/2022 10:44:38 AM	2.47	0.98	6.29	1.02	0.00	0.00	0.00	0.40	10.77	100.00	5.92	19.74	1309	983	2830	31	0	0	0	0	5152	169.16	22.01	5.40	16.40	20.89	20.36	43.31	1.58	28.67	26.98
6/30/2022 10:44:40 AM	2.77	1.76	7.51	0.55	0.00	0.00	0.00	0.26	12.58	100.00	5.95	19.35	1466	1759	3381	16	0	0	0	0	6622	169.45	23.82	6.84	20.53	21.71	22.71	46.67	1.58	28.65	27.00
6/30/2022 10:44:43 AM	3.00	1.19	7.49	0.36	0.00	0.00	0.00	0.35	12.03	100.00	5.98	19.69	1588	1189	3369	11	0	0	0	0	6156	168.99	23.08	6.22	17.79	22.18	19.74	47.02	1.59	28.64	27.00
6/30/2022 10:44:45 AM	1.96	1.11	6.77	0.70	0.00	0.00	0.00	0.40	10.53	100.00	6.00	19.84	1037	1106	3048	21	0	0	0	0	5212	169.59	21.89	5.92	16.54	20.48	19.24	42.37	1.59	28.63	27.02
6/30/2022 10:44:47 AM	2.03	0.89	5.31	1.27	0.00	0.00	0.00	0.45	9.51	100.00	6.03	19.73	1075	894	2390	38	0	0	0	0	4398	169.06	20.23	5.66	15.44	19.52	19.29	39.09	1.59	28.62	27.06
6/30/2022 10:44:50 AM	1.43	1.31	6.10	0.65	0.00	0.00	0.00	0.42	9.49	100.00	6.07	19.36	760	1305	2747	20	0	0	0	0	4831	169.50	20.03	5.86	16.30	18.85	18.63	37.76	1.59	28.62	27.02
6/30/2022 10:44:52 AM	1.12	1.09	5.85	0.81	0.00	0.00	0.00	0.51	8.87	100.00	6.09	19.08	595	1086	2633	24	0	0	0	0	4338	168.91	19.81	5.54	15.12	19.05	17.98	37.02	1.60	28.58	27.02
6/30/2022 10:44:54 AM	0.97	1.40	5.70	0.74	0.00	0.00	0.00	0.48	8.81	100.00	6.18	18.46	513	1398	2564	22	0	0	0	0	4498	169.31	19.33	5.46	16.00	18.38	18.81	35.41	1.61	28.58	27.05
6/30/2022 10:44:57 AM	0.67	1.65	5.02	0.99	0.00	0.00	0.00	0.53	8.33	100.00	6.21	17.96	356	1653	2258	30	0	0	0	0	4296	169.21	18.61	6.02	16.93	17.92	19.72	33.03	1.61	28.56	27.07
6/30/2022 10:44:59 AM	0.75	1.47	4.56	1.31	0.00	0.00	0.00	0.56	8.09	100.00	6.28	17.90	397	1473	2053	39	0	0	0	0	3962	169.30	18.51	6.20	16.52	18.03	19.77	32.88	1.61	28.54	27.05
6/30/2022 10:45:02 AM	0.48	1.73	4.71	0.94	0.00	0.00	0.00	0.53	7.86	100.00	6.32	17.58	253	1735	2121	28	0	0	0	0	4137	169.16	17.66	6.03	16.77	17.07	19.27	30.85	1.62	28.53	27.07
6/30/2022 10:45:04 AM	0.02	1.96	5.07	0.73	0.00	0.00	0.00	0.50	7.79	100.00	6.37	17.02	12	1965	2282	22	0	0	0	0	4281	169.33	17.71	6.12	17.33	16.54	19.36	29.90	1.62	28.51	27.07
6/30/2022 10:45:06 AM	0.74	1.62	3.68	1.47	0.00	0.00	0.00	0.57	7.51	100.00	6.41	16.83	393	1616	1658	44	0	0	0	0	3711	169.25	17.09	5.56	16.41	17.00	20.43	29.84	1.63	28.49	27.04
6/30/2022 10:45:09 AM	0.00	1.72	4.34	1.13	0.00	0.00	0.00	0.55	7.19	100.00	6.47	16.78	0	1719	1955	34	0	0	0	0	3708	169.18	17.44	6.04	16.43	16.37	19.06	28.52	1.63	28.46	27.07
6/30/2022 10:45:11 AM	0.00	1.39	3.93	1.19	0.00	0.00	0.00	0.57	6.51	100.00	6.54	16.70	0	1390	1771	36	0	0	0	0	3196	169.36	16.46	5.18	14.50	15.76	17.78	27.08	1.64	28.43	27.05
6/30/2022 10:45:14 AM	0.00	1.29	2.90	1.89	0.00	0.00	0.00	0.67	6.08	100.00	6.61	16.42	0	1292	1306	57	0	0	0	0	2655	169.40	16.32	5.39	14.59	16.09	19.24	26.35	1.65	28.42	27.07
6/30/2022 10:45:16 AM	0.00	1.99	4.09	0.61	0.00	0.00	0.00	0.54	6.70	100.00	6.64	16.36	0	1995	1840	18	0	0	0	0	3853	169.18	15.41	5.39	16.18	15.14	17.96	25.17	1.65	28.38	27.06
6/30/2022 10:45:18 AM	0.13	1.87	3.68	1.01	0.00	0.00	0.00	0.57	6.69	100.00	6.69	16.72	71	1866	1656	30	0	0	0	0	3624	169.55	15.44	5.61	16.17	15.46	18.82	25.90	1.66	28.36	27.06
6/30/2022 10:45:21 AM	0.06	1.65	3.97	0.87	0.00	0.00	0.00	0.57	6.55	100.00	6.75	16.64	32	1647	1788	26	0	0	0	0	3493	169.92	15.46	5.37	15.09	15.44	17.55	26.24	1.66	28.34	27.06
6/30/2022 10:45:23 AM	0.00	1.81	4.12	0.66	0.00	0.00	0.00	0.61	6.60	100.00	6.84	16.14	0	1813	1856	20	0	0	0	0	3690	169.40	15.68	5.12	15.46	15.89	17.59	26.06	1.67	28.30	27.09
6/30/2022 10:45:25 AM	0.00	1.54	3.78	0.97	0.00	0.00	0.00	0.57	6.29	100.00	6.93	15.78	0	1543	1700	29	0	0	0	0	3272	169.89	15.57	5.30	14.67	15.21	17.13	25.38	1.68	28.29	27.07
6/30/2022 10:45:28 AM	0.00	1.77	3.23	1.25	0.00	0.00	0.00	0.61	6.25	100.00	6.96	15.95	0	1769	1454	38	0	0	0	0	3261	169.55	15.21	5.46	15.69	15.26	18.86	24.74	1.68	28.25	27.07
6/30/2022 10:45:30 AM	0.00	1.49	3.00	1.22	0.00	0.00	0.00	0.60	5.71	100.00	6.99	16.44	0	1488	1351	37	0	0	0	0	2876	170.00	14.86	5.30	14.31	14.66	16.96	23.13	1.68	28.23	27.07
6/30/2022 10:45:33 AM	0.00	1.88	3.49	0.72	0.00	0.00	0.00	0.59	6.09	100.00	6.99	16.25	0	1881	1573	22	0	0	0	0	3475	169.67	14.74	5.21	15.40	14.77	17.12	23.10	1.68	28.19	27.07
6/30/2022 10:45:35 AM	0.00	1.94	2.89	1.15	0.00	0.00	0.00	0.63	5.98	100.00	7.05	15.49	0	1944	1299	35	0	0	0	0	3277	169.75	14.97	5.53	16.09	15.04	18.47	22.63	1.69	28.17	27.09
6/30/2022 10:45:37 AM	0.00	2.13	3.15	0.98	0.00	0.00	0.00	0.58	6.25	100.00	7.13	15.22	0	2130	1416	29	0	0	0	0	3576	169.43	15.32	5.55	16.80	14.86	18.72	22.52	1.70	28.13	27.07
6/30/2022 10:45:40 AM	0.00	1.08	2.67	1.38	0.00	0.00	0.00	0.63	5.12	100.00	7.19	15.36	0	1078	1202	41	0	0	0	0	2321	169.63	14.42	5.06	12.55	14.37	15.41	22.35	1.70	28.10	27.05
6/30/2022 10:45:42 AM	0.00	1.52	2.58	1.29	0.00	0.00	0.00	0.64	5.39	100.00	7.26	15.51	0	1520	1161	39	0	0	0	0	2720	169.94	14.61	4.80	14.08	14.57	17.05	21.67	1.71	28.07	27.05
6/30/2022 10:45:44 AM	0.00	1.12	2.11	1.59	0.00	0.00	0.00	0.64	4.82	100.00	7.33	15.63	0	1119	952	48	0	0	0	0	2118	170.09	14.33	5.26	12.79	14.05	15.60	20.66	1.72	28.03	27.05
6/30/2022 10:45:47 AM	0.00	1.06	2.27	1.52	0.00	0.00	0.00	0.63	4.85	100.00	7.40	15.35	0	1060	1021	46	0	0	0	0	2127	169.71	14.09	4.86	12.34	13.96	15.54	21.12	1.72	27.99	27.06
6/30/2022 10:45:49 AM	0.00	0.84	2.07	1.60	0.00	0.00	0.00	0.60	4.51	100.00	7.45	14.77	0	839	930	48	0	0	0	0	1816	169.72	14.07	4.63	11.38	13.44	14.56	20.06	1.73	27.96	27.02
6/30/2022 10:45:52 AM	0.00	1.00	2.10	1.42	0.00	0.00	0.00	0.58	4.52	100.00	7.53	14.41	0	1001	944	43	0	0	0	0	1988	169.91	13.73	4.87	11.85	13.08	14.33	19.22	1.74	27.92	27.04
6/30/2022 10:45:54 AM	0.00	0.62	1.68	1.74	0.00	0.00	0.00	0.56	4.05	100.00	7.58	13.90	0	619	758	52	0	0	0	0	1429	170.39	13.62	4.98	10.58	12.49	13.31	18.36	1.74	27.89	27.04
6/30/2022 10:45:56 AM	0.00	1.08	2.18	1.30	0.00	0.00	0.00	0.53	4.55	100.00	7.61	13.95	0	1076	979	39	0	0	0	0	2094	170.46	13.69	5.03	12.10	12.58	13.97	18.48	1.75	27.84	26.99
6/30/2022 10:45:59 AM	0.00	0.76	1.70	1.63	0.00	0.00	0.00	0.58	4.09	100.00	7.64	14.49	0	763	766	49	0	0	0	0	1578	170.16	13.32	4.54	10.79	12.54	13.81	18.21	1.75	27.81	27.02
6/30/2022 10:46:01 AM	0.00	0.59	1.28	2.03	0.00	0.00	0.00	0.61	3.90	100.00	7.69	14.63	0	592	578	61	0	0	0	0	1231	169.84	13.73	4.93	10.64	12.75	14.04	18.16	1.75	27.76	27.00
6/30/2022 10:46:04 AM	0.00	0.54	1.00	2.05	0.00	0.00	0.00	0.61	3.59	100.00	7.73	14.40	0	538	450	61	0	0	0	0	1050	169.94	13.05	4.85	10.19	12.32	13.58	17.06	1.76	27.72	26.98
6/30/2022 10:46:06 AM	0.00	0.46	1.27	1.93	0.00	0.00	0.00	0.57	3.65	100.00	7.80	14.59	0	457	571	58	0	0	0	0	1085	170.01	13.29	4.53	9.74	12.07	13.07	17.23	1.76	27.68	27.00
6/30/2022 10:46:08 AM	0.00	0.35	0.87	2.13	0.00	0.00	0.00	0.53	3.35	100.00	7.89	14.28	0	351	390	64	0	0	0	0	805	170.26	12.90	4.82	9.45	11.35	12.74	15.97	1.77	27.65	26.98
6/30/2022 10:46:11 AM	0.00	0.31	0.79	2.14	0.00	0.00	0.00	0.58	3.24	100.00	7.88	13.46	0	308	356	64	0	0	0	0	728	170.25	12.94	4.75	9.23	11.70	12.56	16.00	1.77	27.60	26.98
6/30/2022 10:46:13 AM	0.00	0.44	0.82	2.25	0.00	0.00	0.00	0.58	3.51	100.00	7.90	13.49	0	442	370	67	0	0	0	0	879	169.63	13.28	4.80	9.99	12.04	13.79	16.80	1.77	27.56	26.96
6/30/2022 10:46:15 AM	0.00	0.37	0.92	2.04	0.00	0.00	0.00	0.55	3.34	100.00	7.91	14.00	0	373	416	61	0	0	0	0	850	170.19	12.80	5.00	9.51	11.48	12.42	15.97	1.78	27.52	26.95
6/30/2022 10:46:18 AM	0.00	0.63	1.27	1.67	0.00	0.00	0.00	0.53	3.56	100.00	7.97	14.27	0	626	570	50	0	0	0	0	1246	170.04	12.77	4.66	10.06	11.39	12.43	15.65	1.78	27.48	26.93
6/30/2022 10:46:20 AM	0.00	0.98	1.01	1.76	0.00	0.00	0.00	0.49	3.75	100.00	8.05	14.09	0	977	454	53	0	0	0	0	1483	169.90	12.95	5.45	11.82	11.07	13.58	14.54	1.79	27.43	26.93
6/30/2022 10:46:23 AM	0.00	0.12	0.06	2.63	0.00	0.00	0.00	0.52	2.81	100.00	8.11	13.71	0	123	27	79	0	0	0	0	229	170.10	12.99	5.23	8.99	10.71	12.47	14.06	1.80	27.38	26.91
6/30/2022 10:46:25 AM	0.00	0.18	0.49	2.36	0.00	0.00	0.00	0.52	3.03	100.00	8.14	13.54	0	181	220	71	0	0	0	0	472	170.05	13.03	5.12	9.04	10.98	12.19	14.91	1.80	27.33	26.89
6/30/2022 10:46:27 AM	0.00	0.17	0.26	2.46	0.00	0.00	0.00	0.52	2.89	100.00	8.28	13.32	0	172	115	74	0	0	0	0	360	169.81	12.95	5.05	8.98	10.71	12.28	14.16	1.81	27.29	26.84
6/30/2022 10:46:30 AM	0.00	0.12	0.00	2.57	0.00	0.00	0.00	0.48	2.69	100.00	8.40	12.77	0	120	0	77	0	0	0	0	197	170.19	12.96	5.26	8.54	10.25	12.26	12.75	1.82	27.25	26.86
6/30/2022 10:46:32 AM	0.00	0.09	0.00	2.69	0.00	0.00	0.00	0.49	2.79	100.00	8.49	12.73	0	93	0	81	0	0	0	0	173	169.88	13.35	5.15	8.87	10.45	12.51	13.51	1.83	27.19	26.88
6/30/2022 10:46:34 AM	0.00	0.20	0.00	2.61	0.00	0.00	0.00	0.48	2.81	100.00	8.61	12.83	0	200	0	78	0	0	0	0	278	169.65	13.54	5.72	9.42	10.43	12.15	12.86	1.84	27.14	26.84
6/30/2022 10:46:37 AM	0.00	0.14	0.00	2.59	0.00	0.00	0.00	0.44	2.73	100.00	8.77	12.60	0	135	0	78	0	0	0	0	213	169.32	13.03	5.49	8.78	9.96	12.18	12.55	1.86	27.09	26.81
6/30/2022 10:46:39 AM	0.00	0.17	0.00	2.50	0.00	0.00	0.00	0.44	2.67	100.00	8.94	12.20	0	168	0	75	0	0	0	0	243	169.10	12.71	5.38	8.59	9.86	12.10	12.14	1.88	27.05	26.79
6/30/2022 10:46:42 AM	0.00	0.10	0.00	2.49	0.00	0.00	0.00	0.40	2.59	100.00	9.12	11.87	0	102	0	75	0	0	0	0	177	168.90	12.29	5.24	8.22	9.29	11.82	11.85	1.89	27.00	26.79
6/30/2022 10:46:44 AM	0.00	0.20	0.00	2.35	0.00	0.00	0.00	0.41	2.55	100.00	9.25	11.73	0	201	0	70	0	0	0	0	271	168.35	11.99	5.14	8.36	9.21	11.67	11.33	1.91	26.96	26.80
6/30/2022 10:46:46 AM	0.00	0.17	0.00	2.28	0.00	0.00	0.00	0.42	2.45	100.00	9.38	11.95	0	168	0	68	0	0	0	0	237	168.02	11.64	4.66	7.99	9.12	11.46	11.29	1.92	26.89	26.74
6/30/2022 10:46:49 AM	0.00	0.28	0.00	2.21	0.00	0.00	0.00	0.42	2.49	100.00	9.50	12.25	0	279	0	66	0	0	0	0	345	167.31	11.54	4.94	8.39	9.13	11.51	10.97	1.93	26.85	26.75
6/30/2022 10:46:51 AM	0.00	0.27	0.00	1.99	0.00	0.00	0.00	0.43	2.27	100.00	9.65	12.20	0	273	0	60	0	0	0	0	333	166.23	10.42	4.52	7.77	8.68	10.83	10.31	1.95	26.79	26.74
6/30/2022 10:46:53 AM	0.00	0.28	0.00	1.80	0.00	0.00	0.00	0.42	2.08	100.00	9.80	11.85	0	283	0	54	0	0	0	0	337	165.35	9.65	3.93	7.33	8.19	10.19	9.55	1.96	26.74	26.71
6/30/2022 10:46:56 AM	0.00	0.31	0.00	1.72	0.00	0.00	0.00	0.45	2.03	100.00	9.90	11.85	0	308	0	52	0	0	0	0	359	164.84	9.29	3.82	7.30	8.30	10.03	9.62	1.97	26.68	26.70
6/30/2022 10:46:58 AM	0.00	0.31	0.00	1.58	0.00	0.00	0.00	0.45	1.89	100.00	10.04	11.87	0	310	0	47	0	0	0	0	357	164.09	8.72	3.69	6.98	7.98	9.50	9.03	1.98	26.62	26.65
6/30/2022 10:47:01 AM	0.00	0.33	0.00	1.35	0.00	0.00	0.00	0.48	1.68	100.00	10.13	11.63	0	331	0	40	0	0	0	0	372	163.56	7.77	3.14	6.48	7.83	8.89	8.53	1.99	26.57	26.66
6/30/2022 10:47:03 AM	0.00	0.36	0.00	1.44	0.00	0.00	0.00	0.46	1.80	100.00	10.22	11.84	0	361	0	43	0	0	0	0	404	162.90	8.02	3.38	6.86	7.83	9.29	8.79	2.00	26.52	26.64
6/30/2022 10:47:05 AM	0.00	0.37	0.03	1.37	0.00	0.00	0.00	0.48	1.77	100.00	10.31	12.01	0	374	15	41	0	0	0	0	430	163.25	8.00	3.24	6.79	7.97	9.12	8.76	2.01	26.46	26.60
6/30/2022 10:47:08 AM	0.00	0.41	0.00	1.35	0.00	0.00	0.00	0.47	1.76	100.00	10.41	11.97	0	412	0	41	0	0	0	0	453	163.22	7.94	3.34	6.84	7.89	9.21	8.41	2.02	26.42	26.56
6/30/2022 10:47:10 AM	0.00	0.39	0.00	1.32	0.00	0.00	0.00	0.48	1.71	100.00	10.55	11.84	0	387	0	40	0	0	0	0	427	162.42	7.70	3.20	6.59	7.86	9.11	8.41	2.03	26.35	26.58
6/30/2022 10:47:13 AM	0.00	0.49	0.00	1.20	0.00	0.00	0.00	0.48	1.69	100.00	10.66	11.64	0	489	0	36	0	0	0	0	525	161.89	7.19	3.24	6.88	7.66	8.97	8.10	2.04	26.30	26.56
6/30/2022 10:47:15 AM	0.00	0.42	0.05	1.24	0.00	0.00	0.00	0.49	1.71	100.00	10.73	11.47	0	424	24	37	0	0	0	0	486	162.09	7.45	3.09	6.69	7.80	8.94	8.46	2.05	26.24	26.58
6/30/2022 10:47:17 AM	0.00	0.38	0.00	1.26	0.00	0.00	0.00	0.48	1.65	100.00	10.80	11.74	0	381	0	38	0	0	0	0	419	161.82	7.27	3.22	6.48	7.67	8.81	8.28	2.06	26.19	26.49
6/30/2022 10:47:20 AM	0.00	0.38	0.00	1.30	0.00	0.00	0.00	0.47	1.68	100.00	10.93	11.71	0	377	1	39	0	0	0	0	417	162.03	7.45	3.17	6.59	7.66	8.92	8.42	2.07	26.13	26.53
6/30/2022 10:47:22 AM	0.00	0.40	0.00	1.33	0.00	0.00	0.00	0.47	1.73	100.00	11.06	11.23	0	402	0	40	0	0	0	0	442	162.00	7.59	3.13	6.67	7.76	9.22	8.47	2.08	26.07	26.48
6/30/2022 10:47:24 AM	0.00	0.40	0.00	1.22	0.00	0.00	0.00	0.46	1.62	100.00	11.17	11.14	0	398	0	37	0	0	0	0	435	162.28	7.17	3.16	6.32	7.50	8.82	7.86	2.09	26.02	26.46
6/30/2022 10:47:27 AM	0.00	0.42	0.00	1.18	0.00	0.00	0.00	0.49	1.60	100.00	11.28	11.21	0	421	0	35	0	0	0	0	456	162.33	7.10	3.07	6.45	7.71	8.68	8.05	2.11	25.95	26.44
6/30/2022 10:47:29 AM	0.00	0.40	0.06	1.20	0.00	0.00	0.00	0.51	1.65	100.00	11.36	11.34	0	397	26	36	0	0	0	0	459	161.62	7.22	2.93	6.43	7.90	8.79	8.55	2.11	25.90	26.41
6/30/2022 10:47:32 AM	0.00	0.38	0.07	1.16	0.00	0.00	0.00	0.50	1.61	100.00	11.48	11.34	0	376	32	35	0	0	0	0	443	161.07	6.91	2.82	6.21	7.77	8.66	8.52	2.12	25.83	26.39
6/30/2022 10:47:34 AM	0.00	0.46	0.26	1.01	0.00	0.00	0.00	0.49	1.73	100.00	11.57	11.33	0	456	118	30	0	0	0	0	604	161.38	7.09	2.86	6.47	7.77	8.52	8.54	2.13	25.79	26.38
6/30/2022 10:47:36 AM	0.00	0.51	0.15	1.07	0.00	0.00	0.00	0.50	1.73	100.00	11.65	11.52	0	506	70	32	0	0	0	0	608	160.98	7.01	3.05	6.76	7.84	8.80	8.47	2.14	25.73	26.36
6/30/2022 10:47:39 AM	0.00	0.46	0.08	1.11	0.00	0.00	0.00	0.50	1.65	100.00	11.73	11.64	0	458	36	33	0	0	0	0	527	161.65	6.94	2.93	6.53	7.74	8.73	8.29	2.15	25.68	26.34
6/30/2022 10:47:41 AM	0.00	0.45	0.04	1.12	0.00	0.00	0.00	0.50	1.61	100.00	11.80	11.61	0	451	19	34	0	0	0	0	503	161.86	6.81	2.95	6.48	7.66	8.70	8.18	2.16	25.62	26.33
6/30/2022 10:47:43 AM	0.00	0.59	0.33	0.89	0.00	0.00	0.00	0.48	1.81	100.00	11.90	11.69	0	588	150	27	0	0	0	0	764	162.58	6.78	2.86	6.83	7.68	8.72	8.42	2.17	25.56	26.30
6/30/2022 10:47:46 AM	0.00	0.50	0.11	0.98	0.00	0.00	0.00	0.51	1.59	100.00	11.99	11.61	0	497	51	30	0	0	0	0	578	162.29	6.57	2.80	6.43	7.70	8.48	8.04	2.17	25.49	26.23
6/30/2022 10:47:48 AM	0.00	0.49	0.04	1.03	0.00	0.00	0.00	0.51	1.55	100.00	12.08	11.48	0	489	18	31	0	0	0	0	537	162.54	6.48	2.85	6.42	7.64	8.52	7.92	2.18	25.44	26.23
6/30/2022 10:47:51 AM	0.00	0.48	0.11	1.03	0.00	0.00	0.00	0.50	1.62	100.00	12.13	11.53	0	480	51	31	0	0	0	0	561	162.51	6.57	2.93	6.46	7.62	8.54	8.17	2.19	25.39	26.19
6/30/2022 10:47:53 AM	0.00	0.50	0.10	0.96	0.00	0.00	0.00	0.52	1.56	100.00	12.18	11.63	0	501	46	29	0	0	0	0	575	162.18	6.43	2.71	6.34	7.73	8.44	8.00	2.19	25.32	26.19
6/30/2022 10:47:55 AM	0.00	0.52	0.19	0.89	0.00	0.00	0.00	0.50	1.60	100.00	12.28	11.59	0	524	85	27	0	0	0	0	635	162.46	6.36	2.69	6.37	7.53	8.35	7.93	2.20	25.27	26.14
6/30/2022 10:47:58 AM	0.00	0.49	0.09	0.95	0.00	0.00	0.00	0.51	1.53	100.00	12.40	11.37	0	489	40	29	0	0	0	0	557	162.22	6.25	2.74	6.26	7.59	8.34	7.90	2.22	25.20	26.13
6/30/2022 10:48:00 AM	0.00	0.45	0.06	0.99	0.00	0.00	0.00	0.51	1.50	100.00	12.49	11.16	0	449	26	30	0	0	0	0	505	162.41	6.23	2.68	6.12	7.54	8.36	7.93	2.22	25.16	26.13
6/30/2022 10:48:03 AM	0.00	0.50	0.10	0.87	0.00	0.00	0.00	0.52	1.48	100.00	12.57	11.02	0	501	46	26	0	0	0	0	573	162.43	6.03	2.67	6.16	7.59	8.12	7.74	2.23	25.09	26.08
6/30/2022 10:48:05 AM	0.00	0.51	0.06	0.88	0.00	0.00	0.00	0.52	1.45	100.00	12.60	11.10	0	508	27	27	0	0	0	0	561	162.37	5.95	2.63	6.15	7.45	8.15	7.52	2.23	25.04	26.07
6/30/2022 10:48:07 AM	0.00	0.51	0.13	0.88	0.00	0.00	0.00	0.51	1.52	100.00	12.72	11.12	0	510	57	26	0	0	0	0	593	161.91	5.94	2.68	6.20	7.43	8.24	7.80	2.25	24.97	26.03
6/30/2022 10:48:10 AM	0.00	0.56	0.15	0.76	0.00	0.00	0.00	0.52	1.47	100.00	12.79	11.02	0	559	70	23	0	0	0	0	651	161.77	5.65	2.51	6.14	7.44	8.08	7.57	2.25	24.93	25.99
6/30/2022 10:48:12 AM	0.00	0.52	0.11	0.83	0.00	0.00	0.00	0.51	1.46	100.00	12.84	11.06	0	515	51	25	0	0	0	0	591	162.00	5.72	2.50	6.04	7.40	8.13	7.62	2.26	24.85	25.94
6/30/2022 10:48:14 AM	0.00	0.55	0.08	0.82	0.00	0.00	0.00	0.54	1.46	100.00	12.87	11.18	0	553	36	25	0	0	0	0	614	161.65	5.77	2.46	6.16	7.60	8.27	7.62	2.26	24.80	25.97
6/30/2022 10:48:17 AM	0.00	0.54	0.13	0.80	0.00	0.00	0.00	0.52	1.47	100.00	12.90	11.34	0	541	58	24	0	0	0	0	623	161.61	5.76	2.46	6.10	7.50	8.15	7.62	2.26	24.73	25.94
6/30/2022 10:48:19 AM	0.00	0.51	0.05	0.86	0.00	0.00	0.00	0.53	1.42	100.00	12.94	11.34	0	508	23	26	0	0	0	0	556	162.02	5.75	2.54	6.04	7.48	8.13	7.54	2.27	24.69	25.95
6/30/2022 10:48:22 AM	0.00	0.61	0.27	0.69	0.00	0.00	0.00	0.52	1.57	100.00	12.97	11.19	0	607	122	21	0	0	0	0	749	162.22	5.76	2.42	6.28	7.53	8.18	7.77	2.27	24.63	25.89
6/30/2022 10:48:24 AM	0.00	0.52	0.05	0.97	0.00	0.00	0.00	0.53	1.54	100.00	12.98	11.16	0	524	24	29	0	0	0	0	577	161.92	6.09	2.87	6.43	7.67	8.52	8.02	2.27	24.57	25.87
6/30/2022 10:48:26 AM	0.00	0.67	0.29	0.76	0.00	0.00	0.00	0.52	1.71	100.00	13.01	11.42	0	669	129	23	0	0	0	0	820	161.85	6.10	2.79	6.82	7.73	8.56	8.10	2.27	24.52	25.84
6/30/2022 10:48:29 AM	0.00	0.59	0.12	0.82	0.00	0.00	0.00	0.53	1.53	100.00	13.04	11.47	0	591	55	25	0	0	0	0	671	161.81	5.92	2.71	6.46	7.62	8.32	7.70	2.28	24.46	25.82
6/30/2022 10:48:31 AM	0.00	0.58	0.18	0.78	0.00	0.00	0.00	0.53	1.53	100.00	13.08	11.26	0	577	80	23	0	0	0	0	680	161.71	5.81	2.53	6.28	7.63	8.26	7.83	2.28	24.41	25.77
6/30/2022 10:48:33 AM	0.00	0.53	0.10	0.82	0.00	0.00	0.00	0.53	1.46	100.00	13.11	11.10	0	533	45	25	0	0	0	0	602	161.91	5.76	2.50	6.11	7.54	8.18	7.65	2.28	24.34	25.77
6/30/2022 10:48:36 AM	0.00	0.51	0.06	0.85	0.00	0.00	0.00	0.53	1.42	100.00	13.12	11.17	0	512	26	25	0	0	0	0	563	161.42	5.68	2.59	6.06	7.53	8.10	7.61	2.29	24.30	25.70
6/30/2022 10:48:38 AM	0.00	0.54	0.09	0.81	0.00	0.00	0.00	0.53	1.45	100.00	13.15	11.37	0	541	41	24	0	0	0	0	607	161.53	5.73	2.62	6.17	7.54	8.10	7.59	2.29	24.24	25.69
6/30/2022 10:48:41 AM	0.00	0.50	0.05	0.92	0.00	0.00	0.00	0.53	1.47	100.00	13.27	11.34	0	503	24	27	0	0	0	0	555	161.57	5.91	2.67	6.17	7.56	8.31	7.80	2.30	24.18	25.64
6/30/2022 10:48:43 AM	0.00	0.53	0.12	0.82	0.00	0.00	0.00	0.52	1.48	100.00	13.37	11.09	0	535	53	25	0	0	0	0	613	161.71	5.78	2.62	6.18	7.50	8.14	7.67	2.31	24.13	25.64
6/30/2022 10:48:45 AM	0.00	0.58	0.14	0.80	0.00	0.00	0.00	0.53	1.52	100.00	13.45	10.99	0	576	63	24	0	0	0	0	663	161.38	5.87	2.59	6.33	7.62	8.28	7.73	2.32	24.07	25.62
6/30/2022 10:48:48 AM	0.00	0.57	0.12	0.81	0.00	0.00	0.00	0.53	1.51	100.00	13.47	10.96	0	573	54	24	0	0	0	0	652	161.22	5.80	2.61	6.32	7.64	8.31	7.77	2.32	24.02	25.58
6/30/2022 10:48:50 AM	0.00	0.62	0.21	0.76	0.00	0.00	0.00	0.53	1.59	100.00	13.55	11.12	0	625	94	23	0	0	0	0	742	161.21	5.88	2.58	6.49	7.71	8.40	7.90	2.33	23.97	25.53
6/30/2022 10:48:52 AM	0.00	0.53	0.17	0.81	0.00	0.00	0.00	0.53	1.51	100.00	13.61	11.23	0	532	77	24	0	0	0	0	633	161.00	5.80	2.54	6.14	7.60	8.19	7.92	2.33	23.91	25.48
6/30/2022 10:48:55 AM	0.00	0.53	0.15	0.78	0.00	0.00	0.00	0.54	1.47	100.00	13.69	11.30	0	531	69	23	0	0	0	0	623	160.98	5.64	2.45	6.03	7.62	8.14	7.86	2.34	23.85	25.53
6/30/2022 10:48:57 AM	0.00	0.56	0.16	0.81	0.00	0.00	0.00	0.54	1.53	100.00	13.74	11.29	0	559	73	24	0	0	0	0	656	160.74	5.88	2.68	6.32	7.75	8.25	7.98	2.35	23.80	25.44
6/30/2022 10:49:00 AM	0.00	0.56	0.18	0.76	0.00	0.00	0.00	0.55	1.51	100.00	13.83	11.47	0	563	81	23	0	0	0	0	668	160.45	5.75	2.52	6.19	7.80	8.18	7.97	2.35	23.75	25.44
6/30/2022 10:49:02 AM	0.00	0.57	0.27	0.69	0.00	0.00	0.00	0.56	1.53	100.00	13.93	11.34	0	572	122	21	0	0	0	0	715	160.72	5.63	2.46	6.13	7.86	8.08	8.18	2.37	23.70	25.42
6/30/2022 10:49:04 AM	0.00	0.63	0.30	0.73	0.00	0.00	0.00	0.53	1.66	100.00	13.98	10.99	0	634	134	22	0	0	0	0	789	160.58	5.96	2.68	6.58	7.83	8.39	8.21	2.37	23.64	25.38
6/30/2022 10:49:07 AM	0.00	0.59	0.20	0.81	0.00	0.00	0.00	0.54	1.60	100.00	14.04	10.96	0	586	90	24	0	0	0	0	700	160.70	6.03	2.68	6.47	7.85	8.43	8.17	2.38	23.60	25.37
6/30/2022 10:49:09 AM	0.00	0.57	0.07	0.87	0.00	0.00	0.00	0.55	1.51	100.00	14.11	11.03	0	573	30	26	0	0	0	0	629	160.69	5.86	2.62	6.37	7.84	8.51	7.96	2.38	23.55	25.30
6/30/2022 10:49:12 AM	0.00	0.69	0.35	0.66	0.00	0.00	0.00	0.53	1.70	100.00	14.23	11.07	0	686	157	20	0	0	0	0	863	160.80	5.87	2.70	6.73	7.82	8.38	8.17	2.39	23.49	25.29
6/30/2022 10:49:14 AM	0.00	0.64	0.28	0.71	0.00	0.00	0.00	0.55	1.63	100.00	14.32	11.06	0	640	125	21	0	0	0	0	786	160.66	5.81	2.64	6.54	7.86	8.38	8.20	2.40	23.44	25.24
6/30/2022 10:49:16 AM	0.00	0.64	0.36	0.69	0.00	0.00	0.00	0.54	1.70	100.00	14.43	10.99	0	645	163	21	0	0	0	0	828	160.86	5.98	2.67	6.61	7.92	8.38	8.40	2.41	23.39	25.23
6/30/2022 10:49:19 AM	0.00	0.58	0.14	0.78	0.00	0.00	0.00	0.56	1.51	100.00	14.51	10.92	0	584	63	23	0	0	0	0	671	160.75	5.73	2.58	6.31	7.83	8.30	7.94	2.42	23.34	25.22
6/30/2022 10:49:21 AM	0.00	0.61	0.16	0.70	0.00	0.00	0.00	0.56	1.47	100.00	14.61	10.97	0	605	73	21	0	0	0	0	699	160.91	5.52	2.52	6.23	7.76	8.07	7.71	2.43	23.28	25.22
6/30/2022 10:49:23 AM	0.00	0.56	0.09	0.77	0.00	0.00	0.00	0.56	1.43	100.00	14.72	10.90	0	565	42	23	0	0	0	0	630	161.06	5.59	2.52	6.14	7.74	8.10	7.67	2.44	23.24	25.18
6/30/2022 10:49:26 AM	0.00	0.62	0.26	0.71	0.00	0.00	0.00	0.54	1.59	100.00	14.78	10.82	0	617	119	21	0	0	0	0	757	160.76	5.76	2.56	6.40	7.81	8.29	8.11	2.45	23.19	25.16
6/30/2022 10:49:28 AM	0.00	0.64	0.27	0.77	0.00	0.00	0.00	0.57	1.68	100.00	14.85	10.90	0	638	123	23	0	0	0	0	783	160.74	6.05	2.63	6.63	8.19	8.68	8.62	2.46	23.13	25.12
6/30/2022 10:49:31 AM	0.00	0.61	0.32	0.69	0.00	0.00	0.00	0.56	1.63	100.00	14.98	10.99	0	612	145	21	0	0	0	0	777	160.98	5.91	2.64	6.43	8.09	8.22	8.43	2.47	23.09	25.09
6/30/2022 10:49:33 AM	0.00	0.59	0.23	0.75	0.00	0.00	0.00	0.56	1.57	100.00	15.10	10.93	0	595	103	23	0	0	0	0	720	160.93	5.81	2.53	6.34	7.97	8.37	8.26	2.48	23.03	25.07
6/30/2022 10:49:35 AM	0.00	0.60	0.27	0.74	0.00	0.00	0.00	0.55	1.61	100.00	15.23	10.84	0	601	121	22	0	0	0	0	744	160.61	5.95	2.60	6.42	7.96	8.33	8.29	2.49	22.98	25.03
6/30/2022 10:49:38 AM	0.00	0.61	0.36	0.66	0.00	0.00	0.00	0.56	1.63	100.00	15.30	10.82	0	605	162	20	0	0	0	0	787	160.76	5.86	2.53	6.34	8.07	8.17	8.47	2.50	22.92	25.01
6/30/2022 10:49:40 AM	0.00	0.67	0.34	0.66	0.00	0.00	0.00	0.57	1.67	100.00	15.35	10.87	0	668	151	20	0	0	0	0	840	160.41	5.94	2.67	6.64	8.16	8.33	8.39	2.50	22.89	24.96
6/30/2022 10:49:42 AM	0.00	0.68	0.44	0.65	0.00	0.00	0.00	0.56	1.77	100.00	15.45	10.97	0	677	200	19	0	0	0	0	897	160.61	6.16	2.63	6.73	8.24	8.46	8.73	2.51	22.85	24.96
6/30/2022 10:49:45 AM	0.00	0.63	0.38	0.69	0.00	0.00	0.00	0.56	1.69	100.00	15.62	10.92	0	628	169	21	0	0	0	0	818	160.63	6.04	2.57	6.52	8.18	8.40	8.67	2.53	22.79	24.89
6/30/2022 10:49:47 AM	0.00	0.58	0.23	0.70	0.00	0.00	0.00	0.57	1.52	100.00	15.78	10.78	0	583	104	21	0	0	0	0	707	160.51	5.65	2.45	6.17	7.97	8.16	8.16	2.55	22.74	24.84
6/30/2022 10:49:50 AM	0.00	0.64	0.35	0.59	0.00	0.00	0.00	0.56	1.59	100.00	15.89	10.81	0	639	159	18	0	0	0	0	816	160.45	5.68	2.44	6.32	7.95	8.04	8.13	2.56	22.69	24.86
6/30/2022 10:49:52 AM	0.00	0.60	0.32	0.63	0.00	0.00	0.00	0.56	1.56	100.00	16.09	10.77	0	602	145	19	0	0	0	0	766	160.72	5.67	2.41	6.19	7.92	8.04	8.15	2.58	22.65	24.83
6/30/2022 10:49:54 AM	0.00	0.65	0.30	0.61	0.00	0.00	0.00	0.56	1.56	100.00	16.24	10.72	0	651	135	18	0	0	0	0	804	160.87	5.54	2.48	6.35	7.89	8.08	8.00	2.59	22.60	24.81
6/30/2022 10:49:57 AM	0.00	0.60	0.22	0.68	0.00	0.00	0.00	0.57	1.50	100.00	16.38	10.76	0	599	97	20	0	0	0	0	716	160.30	5.63	2.51	6.22	7.97	8.05	7.99	2.60	22.57	24.73
6/30/2022 10:49:59 AM	0.00	0.61	0.29	0.66	0.00	0.00	0.00	0.57	1.56	100.00	16.48	10.79	0	610	131	20	0	0	0	0	760	160.40	5.77	2.47	6.28	8.03	8.11	8.18	2.62	22.51	24.74
6/30/2022 10:50:02 AM	0.00	0.65	0.25	0.60	0.00	0.00	0.00	0.57	1.50	100.00	16.60	10.81	0	649	113	18	0	0	0	0	780	160.27	5.47	2.39	6.26	7.90	8.02	7.80	2.63	22.46	24.73
6/30/2022 10:50:04 AM	0.00	0.58	0.10	0.80	0.00	0.00	0.00	0.58	1.47	100.00	16.65	10.82	0	575	44	24	0	0	0	0	643	160.50	5.81	2.53	6.26	8.03	8.29	7.96	2.63	22.42	24.71
6/30/2022 10:50:06 AM	0.00	0.60	0.24	0.64	0.00	0.00	0.00	0.57	1.48	100.00	16.70	10.83	0	600	108	19	0	0	0	0	727	160.51	5.57	2.40	6.14	7.93	7.97	7.91	2.64	22.37	24.68
6/30/2022 10:50:09 AM	0.00	0.62	0.22	0.61	0.00	0.00	0.00	0.56	1.44	100.00	16.91	10.76	0	616	98	18	0	0	0	0	732	160.71	5.44	2.36	6.11	7.74	7.82	7.54	2.66	22.33	24.64
6/30/2022 10:50:11 AM	0.00	0.63	0.23	0.64	0.00	0.00	0.00	0.56	1.50	100.00	17.04	10.70	0	631	102	19	0	0	0	0	752	160.27	5.57	2.42	6.26	7.84	8.05	7.76	2.67	22.29	24.61
6/30/2022 10:50:13 AM	0.00	0.59	0.12	0.71	0.00	0.00	0.00	0.58	1.42	100.00	17.18	10.74	0	593	55	21	0	0	0	0	669	160.49	5.52	2.49	6.16	7.96	8.03	7.76	2.68	22.25	24.56
6/30/2022 10:50:16 AM	0.00	0.57	0.09	0.68	0.00	0.00	0.00	0.58	1.34	100.00	17.37	10.77	0	566	40	20	0	0	0	0	626	160.47	5.38	2.40	5.95	7.78	7.76	7.40	2.70	22.21	24.59
6/30/2022 10:50:18 AM	0.00	0.61	0.23	0.57	0.00	0.00	0.00	0.55	1.42	100.00	17.57	10.76	0	614	104	17	0	0	0	0	735	160.66	5.46	2.30	6.04	7.62	7.67	7.31	2.72	22.17	24.52
6/30/2022 10:50:21 AM	0.00	0.61	0.12	0.62	0.00	0.00	0.00	0.57	1.35	100.00	17.76	10.75	0	610	55	19	0	0	0	0	684	160.44	5.39	2.29	6.02	7.72	7.74	7.18	2.74	22.11	24.48
6/30/2022 10:50:23 AM	0.00	0.57	0.06	0.59	0.00	0.00	0.00	0.56	1.22	100.00	17.96	10.71	0	573	26	18	0	0	0	0	616	160.36	5.09	2.27	5.76	7.41	7.36	6.68	2.76	22.07	24.47
6/30/2022 10:50:25 AM	0.00	0.57	0.08	0.63	0.00	0.00	0.00	0.57	1.29	100.00	18.15	10.70	0	572	38	19	0	0	0	0	629	160.00	5.29	2.25	5.84	7.63	7.62	7.08	2.78	22.03	24.47
6/30/2022 10:50:28 AM	0.00	0.64	0.21	0.52	0.00	0.00	0.00	0.58	1.36	100.00	18.28	10.74	0	636	96	15	0	0	0	0	747	159.78	5.30	2.22	5.99	7.83	7.56	7.26	2.79	21.99	24.39
6/30/2022 10:50:30 AM	0.00	0.58	0.07	0.65	0.00	0.00	0.00	0.58	1.30	100.00	18.39	10.76	0	585	29	19	0	0	0	0	633	160.17	5.33	2.25	5.90	7.70	7.72	7.10	2.80	21.94	24.39
6/30/2022 10:50:32 AM	0.00	0.61	0.24	0.54	0.00	0.00	0.00	0.57	1.38	100.00	18.49	10.79	0	609	108	16	0	0	0	0	733	159.58	5.35	2.23	5.93	7.77	7.56	7.39	2.81	21.90	24.36
6/30/2022 10:50:35 AM	0.00	0.65	0.24	0.54	0.00	0.00	0.00	0.58	1.44	100.00	18.59	10.87	0	654	107	16	0	0	0	0	778	159.80	5.47	2.37	6.20	7.88	7.72	7.44	2.82	21.86	24.33
6/30/2022 10:50:37 AM	0.00	0.59	0.12	0.62	0.00	0.00	0.00	0.57	1.33	100.00	18.69	10.85	0	589	55	19	0	0	0	0	662	159.16	5.40	2.25	5.92	7.72	7.68	7.19	2.83	21.83	24.31
6/30/2022 10:50:40 AM	0.00	0.65	0.20	0.47	0.00	0.00	0.00	0.58	1.33	100.00	18.74	10.76	0	654	92	14	0	0	0	0	760	159.34	5.12	2.19	5.96	7.68	7.42	6.97	2.84	21.79	24.28
6/30/2022 10:50:42 AM	0.00	0.62	0.12	0.60	0.00	0.00	0.00	0.59	1.34	100.00	18.79	10.79	0	623	54	18	0	0	0	0	695	158.93	5.46	2.33	6.07	7.93	7.68	7.23	2.84	21.75	24.25
6/30/2022 10:50:44 AM	0.00	0.63	0.19	0.56	0.00	0.00	0.00	0.59	1.37	100.00	18.86	10.88	0	627	86	17	0	0	0	0	730	159.34	5.41	2.29	6.04	7.92	7.64	7.37	2.85	21.71	24.21
6/30/2022 10:50:47 AM	0.00	0.69	0.29	0.50	0.00	0.00	0.00	0.59	1.49	100.00	18.94	10.93	0	689	132	15	0	0	0	0	837	158.97	5.52	2.21	6.26	8.04	7.88	7.63	2.86	21.66	24.20
6/30/2022 10:50:49 AM	0.00	0.63	0.24	0.54	0.00	0.00	0.00	0.59	1.41	100.00	19.05	10.96	0	627	108	16	0	0	0	0	752	159.04	5.53	2.18	6.03	8.03	7.71	7.56	2.87	21.62	24.15
6/30/2022 10:50:52 AM	0.00	0.67	0.25	0.49	0.00	0.00	0.00	0.58	1.40	100.00	19.16	10.82	0	671	110	15	0	0	0	0	796	158.69	5.39	2.20	6.11	7.86	7.63	7.25	2.88	21.58	24.15
6/30/2022 10:50:54 AM	0.00	0.65	0.24	0.46	0.00	0.00	0.00	0.60	1.35	100.00	19.25	10.72	0	647	108	14	0	0	0	0	769	158.53	5.26	2.06	5.90	7.98	7.50	7.30	2.89	21.55	24.12
6/30/2022 10:50:56 AM	0.00	0.66	0.27	0.46	0.00	0.00	0.00	0.60	1.38	100.00	19.26	10.75	0	658	119	14	0	0	0	0	792	158.88	5.36	2.05	5.97	7.98	7.56	7.32	2.89	21.51	24.08
