Date/Time	Green Algae	Bluegreen	Diatoms	Cryptophyta	#5	#6	#7	Yellow substances	Total conc.	Transmission	Depth	Temp. Sample	Green Algae	Bluegreen	Diatoms	Cryptophyta	#5	#6	#7	Yellow substances	Total cell count	Trans. 700 nm	LED 3 [525 nm]	LED 4 [570 nm]	LED 5 [610 nm]	LED 6 [370 nm]	LED 7 [590 nm]	LED 8 [470 nm]	Pressure	Temp. LEDs	Temp. Sensor
date	µg/l	µg/l	µg/l	µg/l	µg/l	µg/l	µg/l	r.u.	µg/l	%	m	°C	cells/ml	cells/ml	cells/ml	cells/ml	cells/ml	cells/ml	cells/ml	r.u.	cells/ml	digits	digits	digits	digits	digits	digits	digits	bar	°C	°C
6/7/2022 1:20:02 PM	8.37	30.33	2.80	0.00	0.00	0.00	0.00	0.16	41.49	98.74	0.06	21.45	4435	30325	1259	0	0	0	0	0	36020	149.85	38.20	26.93	153.86	41.21	134.43	50.11	1.01	21.20	20.99
6/7/2022 1:20:04 PM	10.84	35.37	2.94	0.00	0.00	0.00	0.00	0.03	49.15	97.08	0.33	21.07	5744	35369	1323	0	0	0	0	0	42436	147.32	43.94	31.14	179.57	47.44	157.02	59.29	1.03	21.24	20.98
6/7/2022 1:20:07 PM	11.81	34.50	2.56	0.00	0.00	0.00	0.00	0.00	48.87	96.98	0.42	21.04	6258	34499	1153	0	0	0	0	0	41909	147.18	42.62	30.40	174.50	46.80	155.49	60.44	1.04	21.26	21.02
6/7/2022 1:20:09 PM	10.58	35.30	3.53	0.00	0.00	0.00	0.00	0.00	49.40	96.72	0.55	21.03	5605	35300	1588	0	0	0	0	0	42493	146.79	44.89	31.32	179.06	46.81	157.88	61.23	1.05	21.30	21.00
6/7/2022 1:20:11 PM	10.92	37.07	3.62	0.00	0.00	0.00	0.00	0.00	51.61	95.95	0.71	20.88	5789	37066	1629	0	0	0	0	0	44484	145.61	46.83	32.08	187.62	48.55	165.66	63.43	1.07	21.33	21.02
6/7/2022 1:20:14 PM	12.43	40.66	3.03	0.00	0.00	0.00	0.00	0.00	56.12	94.34	0.79	20.73	6590	40656	1365	0	0	0	0	0	48611	143.16	49.44	34.73	205.46	52.57	180.42	66.81	1.08	21.37	21.04
6/7/2022 1:20:16 PM	12.21	41.92	3.48	0.00	0.00	0.00	0.00	0.00	57.62	94.63	0.87	20.67	6472	41924	1567	0	0	0	0	0	49963	143.61	51.42	35.88	211.50	53.87	186.02	68.54	1.09	21.39	21.04
6/7/2022 1:20:18 PM	12.84	46.09	3.97	0.00	0.00	0.00	0.00	0.00	62.90	92.79	0.97	20.60	6806	46088	1785	0	0	0	0	0	54679	140.82	56.54	39.88	232.23	59.25	203.50	73.88	1.10	21.43	21.08
6/7/2022 1:20:21 PM	12.74	50.02	4.69	0.00	0.00	0.00	0.00	0.00	67.46	92.10	1.03	20.54	6754	50025	2111	0	0	0	0	0	58891	139.77	61.42	43.48	249.69	63.51	221.74	78.01	1.10	21.47	21.08
6/7/2022 1:20:23 PM	12.97	52.27	4.99	0.00	0.00	0.00	0.00	0.00	70.23	91.57	1.12	20.49	6875	52271	2244	0	0	0	0	0	61390	138.96	64.24	45.73	261.59	66.23	230.28	80.71	1.11	21.49	21.10
6/7/2022 1:20:26 PM	12.64	53.48	5.46	0.00	0.00	0.00	0.00	0.00	71.58	91.28	1.19	20.43	6697	53484	2457	0	0	0	0	0	62638	138.53	66.02	47.02	266.87	66.76	236.12	82.43	1.12	21.52	21.04
6/7/2022 1:20:28 PM	13.37	57.65	5.40	0.00	0.00	0.00	0.00	0.00	76.42	90.44	1.28	20.32	7085	57652	2430	0	0	0	0	0	67167	137.25	69.74	49.84	285.24	70.77	255.39	85.95	1.13	21.56	21.09
6/7/2022 1:20:30 PM	14.45	62.36	4.94	0.00	0.00	0.00	0.00	0.00	81.76	88.90	1.34	20.24	7661	62364	2224	0	0	0	0	0	72249	134.91	73.52	53.66	310.84	74.96	271.57	89.02	1.13	21.59	21.10
6/7/2022 1:20:33 PM	15.39	62.27	5.27	0.00	0.00	0.00	0.00	0.00	82.94	87.39	1.43	20.05	8159	62273	2374	0	0	0	0	0	72805	132.62	74.86	54.19	311.84	77.27	271.90	93.27	1.14	21.62	21.12
6/7/2022 1:20:35 PM	15.38	59.00	6.50	0.00	0.00	0.00	0.00	0.00	80.88	90.13	1.50	19.79	8153	58997	2927	0	0	0	0	0	70076	136.77	75.00	51.76	296.21	77.37	261.60	97.37	1.15	21.63	21.14
6/7/2022 1:20:37 PM	14.84	54.08	8.52	0.00	0.00	0.00	0.00	0.12	77.44	92.12	1.57	19.72	7867	54080	3834	0	0	0	0	0	65782	139.80	75.58	49.20	274.11	77.81	244.21	103.74	1.15	21.66	21.12
6/7/2022 1:20:40 PM	11.71	44.34	10.77	0.00	0.00	0.00	0.00	0.38	66.82	95.04	1.69	19.52	6206	44342	4847	0	0	0	0	0	55396	144.24	71.36	42.22	226.38	72.48	206.86	102.48	1.17	21.70	21.17
6/7/2022 1:20:42 PM	11.21	35.58	11.86	0.00	0.00	0.00	0.00	0.35	58.65	99.63	1.84	18.94	5940	35582	5338	0	0	0	0	0	46860	151.19	66.27	36.00	187.24	66.78	170.94	102.56	1.18	21.72	21.19
6/7/2022 1:20:45 PM	8.76	30.87	11.85	0.00	0.00	0.00	0.00	0.28	51.48	100.00	1.88	18.54	4645	30866	5332	0	0	0	0	0	40843	156.80	60.49	32.51	162.43	58.99	150.35	92.53	1.18	21.75	21.20
6/7/2022 1:20:47 PM	8.00	28.47	12.34	0.00	0.00	0.00	0.00	0.35	48.81	100.00	1.97	18.43	4241	28469	5555	0	0	0	0	0	38265	158.05	59.16	31.47	149.63	57.62	142.04	92.05	1.19	21.77	21.20
6/7/2022 1:20:49 PM	5.07	20.26	10.97	0.00	0.00	0.00	0.00	0.44	36.29	100.00	2.06	18.20	2685	20257	4934	0	0	0	0	0	27877	162.29	47.53	23.93	108.93	45.77	103.35	74.49	1.20	21.81	21.20
6/7/2022 1:20:52 PM	3.17	11.75	7.14	1.69	0.00	0.00	0.00	0.66	23.75	100.00	2.14	17.99	1683	11751	3211	51	0	0	0	0	16696	168.34	35.98	17.43	68.17	35.30	69.63	57.91	1.21	21.83	21.23
6/7/2022 1:20:54 PM	2.92	11.70	6.76	0.54	0.00	0.00	0.00	0.66	21.93	100.00	2.20	17.69	1549	11703	3042	16	0	0	0	0	16310	168.32	31.30	15.32	64.59	32.24	64.42	50.38	1.22	21.85	21.24
6/7/2022 1:20:56 PM	3.45	9.42	4.94	1.30	0.00	0.00	0.00	0.65	19.10	100.00	2.29	17.48	1828	9417	2221	39	0	0	0	0	13504	169.90	27.73	13.61	54.70	29.34	56.22	46.50	1.22	21.87	21.28
6/7/2022 1:20:59 PM	2.55	6.38	4.02	0.52	0.00	0.00	0.00	0.64	13.47	100.00	2.33	17.28	1352	6380	1808	16	0	0	0	0	9555	171.74	20.03	9.45	37.65	22.81	38.43	35.10	1.23	21.90	21.25
6/7/2022 1:21:01 PM	2.52	5.82	3.55	0.22	0.00	0.00	0.00	0.64	12.11	100.00	2.43	17.00	1334	5825	1597	6	0	0	0	0	8762	172.22	17.45	8.59	34.06	20.94	34.19	31.36	1.24	21.91	21.32
6/7/2022 1:21:04 PM	2.40	4.27	2.44	0.31	0.00	0.00	0.00	0.61	9.42	100.00	2.53	16.65	1273	4271	1098	9	0	0	0	0	6651	173.09	13.70	6.39	25.91	17.56	26.94	25.76	1.25	21.94	21.28
6/7/2022 1:21:06 PM	2.19	3.43	1.92	0.25	0.00	0.00	0.00	0.63	7.78	100.00	2.66	16.26	1161	3427	862	7	0	0	0	0	5458	174.29	11.49	5.20	21.25	15.80	22.44	22.36	1.26	21.95	21.29
6/7/2022 1:21:08 PM	2.43	2.73	1.43	0.08	0.00	0.00	0.00	0.59	6.67	100.00	2.75	15.84	1288	2734	642	2	0	0	0	0	4667	174.59	9.25	4.32	17.50	14.14	18.38	19.73	1.27	21.96	21.32
6/7/2022 1:21:11 PM	2.49	2.91	1.62	0.00	0.00	0.00	0.00	0.56	7.02	100.00	2.79	15.88	1321	2909	730	0	0	0	0	0	4959	174.65	9.58	4.29	18.32	14.18	19.10	20.21	1.27	21.98	21.34
6/7/2022 1:21:13 PM	2.67	2.99	1.51	0.00	0.00	0.00	0.00	0.58	7.18	100.00	2.89	15.99	1417	2995	681	0	0	0	0	0	5092	174.40	9.56	4.62	19.12	14.54	19.09	20.50	1.28	21.99	21.34
6/7/2022 1:21:16 PM	2.78	2.85	1.35	0.00	0.00	0.00	0.00	0.55	6.98	100.00	2.97	15.75	1474	2847	608	0	0	0	0	0	4929	174.47	9.08	4.36	18.63	14.06	18.09	19.89	1.29	22.02	21.37
6/7/2022 1:21:18 PM	2.40	1.78	0.79	0.00	0.00	0.00	0.00	0.56	4.97	100.00	3.13	15.08	1271	1781	356	0	0	0	0	0	3409	174.39	6.62	3.09	12.59	11.82	13.07	15.90	1.31	22.02	21.38
6/7/2022 1:21:20 PM	2.40	1.82	0.87	0.00	0.00	0.00	0.00	0.53	5.10	100.00	3.22	14.62	1274	1820	393	0	0	0	0	0	3487	174.35	6.79	2.91	12.75	11.68	13.45	16.04	1.32	22.02	21.38
6/7/2022 1:21:23 PM	2.50	1.82	0.72	0.00	0.00	0.00	0.00	0.55	5.04	100.00	3.30	14.78	1325	1815	325	0	0	0	0	0	3465	174.38	6.51	3.17	12.78	11.75	13.18	15.83	1.32	22.04	21.40
6/7/2022 1:21:25 PM	2.45	1.81	0.73	0.00	0.00	0.00	0.00	0.57	4.99	100.00	3.37	14.67	1299	1808	331	0	0	0	0	0	3437	174.63	6.55	3.16	12.68	11.87	13.18	15.87	1.33	22.05	21.43
6/7/2022 1:21:27 PM	2.75	1.71	0.79	0.00	0.00	0.00	0.00	0.53	5.25	100.00	3.46	14.41	1457	1715	355	0	0	0	0	0	3526	174.28	6.69	3.02	12.54	11.93	13.10	16.72	1.34	22.06	21.42
6/7/2022 1:21:30 PM	4.55	1.48	0.57	0.00	0.00	0.00	0.00	0.56	6.60	100.00	3.63	13.51	2413	1479	256	0	0	0	0	0	4148	173.38	7.12	2.98	12.92	14.22	13.28	21.69	1.36	22.07	21.40
6/7/2022 1:21:32 PM	7.09	1.47	0.50	0.00	0.00	0.00	0.00	0.57	9.05	100.00	3.70	12.75	3756	1471	223	0	0	0	0	0	5450	172.17	8.51	3.42	15.25	17.88	14.99	29.64	1.36	22.07	21.45
6/7/2022 1:21:35 PM	6.90	1.50	0.45	0.00	0.00	0.00	0.00	0.60	8.85	100.00	3.77	13.11	3657	1499	203	0	0	0	0	0	5359	172.48	8.39	3.44	15.23	17.84	14.86	29.07	1.37	22.07	21.40
6/7/2022 1:21:37 PM	7.77	1.45	0.61	0.00	0.00	0.00	0.00	0.61	9.82	100.00	3.92	13.12	4117	1445	274	0	0	0	0	0	5836	172.36	9.24	3.48	15.57	19.37	15.90	32.60	1.38	22.06	21.49
6/7/2022 1:21:39 PM	8.62	1.51	0.61	0.00	0.00	0.00	0.00	0.60	10.73	100.00	3.98	13.14	4567	1509	274	0	0	0	0	0	6350	171.83	9.80	3.82	16.92	20.56	16.48	35.28	1.39	22.09	21.42
6/7/2022 1:21:42 PM	12.13	1.65	0.63	0.00	0.00	0.00	0.00	0.65	14.40	100.00	4.11	12.75	6430	1647	282	0	0	0	0	0	8358	170.94	12.21	4.41	20.80	26.25	19.82	47.12	1.40	22.09	21.43
6/7/2022 1:21:44 PM	23.14	1.71	1.48	0.00	0.00	0.00	0.00	0.17	26.34	100.00	4.25	12.11	12266	1710	667	0	0	0	0	0	14643	170.22	19.55	6.82	31.04	38.49	29.87	82.40	1.42	22.08	21.44
6/7/2022 1:21:46 PM	40.34	2.12	2.72	0.00	0.00	0.00	0.00	0.00	45.19	100.00	4.38	11.50	21382	2121	1225	0	0	0	0	0	24728	161.63	32.14	10.70	49.15	60.18	47.24	143.35	1.43	22.08	21.47
6/7/2022 1:21:49 PM	48.51	2.26	2.17	0.00	0.00	0.00	0.00	0.00	52.95	100.00	4.49	10.75	25710	2264	977	0	0	0	0	0	28952	158.25	35.37	11.56	58.28	66.56	52.65	169.05	1.44	22.06	21.47
6/7/2022 1:21:51 PM	52.35	2.17	2.32	0.00	0.00	0.00	0.00	0.00	56.84	100.00	4.55	10.50	27747	2167	1043	0	0	0	0	0	30958	156.46	37.69	12.21	61.32	70.64	55.80	182.68	1.45	22.07	21.48
6/7/2022 1:21:54 PM	51.29	2.32	2.46	0.00	0.00	0.00	0.00	0.00	56.07	100.00	4.59	10.51	27186	2322	1106	0	0	0	0	0	30614	157.03	37.62	12.34	61.01	70.38	55.82	179.57	1.45	22.06	21.49
6/7/2022 1:21:56 PM	51.64	2.44	1.94	0.00	0.00	0.00	0.00	0.00	56.02	100.00	4.64	10.63	27367	2442	874	0	0	0	0	0	30683	157.38	36.77	12.21	62.06	70.17	55.25	178.39	1.45	22.07	21.43
6/7/2022 1:21:58 PM	51.54	2.25	2.09	0.00	0.00	0.00	0.00	0.00	55.88	100.00	4.75	10.59	27319	2248	939	0	0	0	0	0	30505	157.10	36.75	12.10	61.25	69.09	54.71	179.11	1.47	22.05	21.43
6/7/2022 1:22:01 PM	54.28	2.38	2.34	0.00	0.00	0.00	0.00	0.00	59.00	100.00	4.84	10.42	28770	2383	1051	0	0	0	0	0	32204	155.69	39.03	12.69	64.69	72.87	57.68	189.33	1.47	22.03	21.48
6/7/2022 1:22:03 PM	56.65	2.40	2.52	0.00	0.00	0.00	0.00	0.00	61.57	100.00	4.95	10.59	30022	2404	1136	0	0	0	0	0	33561	155.28	40.73	13.00	66.96	75.34	60.21	198.27	1.49	22.02	21.53
6/7/2022 1:22:06 PM	60.42	2.66	2.54	0.00	0.00	0.00	0.00	0.00	65.62	100.00	5.01	10.80	32021	2659	1144	0	0	0	0	0	35824	155.24	43.09	13.96	72.12	79.59	63.83	211.12	1.49	22.00	21.54
6/7/2022 1:22:08 PM	62.49	2.71	2.85	0.00	0.00	0.00	0.00	0.00	68.05	100.00	5.06	10.89	33118	2708	1283	0	0	0	0	0	37110	154.69	45.03	14.61	74.41	82.71	66.15	219.33	1.50	22.00	21.48
6/7/2022 1:22:10 PM	59.83	2.37	3.01	0.00	0.00	0.00	0.00	0.00	65.21	100.00	5.09	10.88	31708	2372	1354	0	0	0	0	0	35435	155.29	43.53	13.66	69.96	79.12	63.58	211.29	1.50	21.98	21.48
6/7/2022 1:22:13 PM	55.78	2.06	2.92	0.00	0.00	0.00	0.00	0.00	60.76	100.00	5.18	10.82	29561	2063	1315	0	0	0	0	0	32939	154.73	40.69	12.67	64.40	73.57	59.38	197.54	1.51	21.95	21.55
6/7/2022 1:22:15 PM	57.88	2.29	2.50	0.00	0.00	0.00	0.00	0.00	62.66	100.00	5.29	10.46	30678	2285	1124	0	0	0	0	0	34087	154.59	41.12	13.17	67.20	75.88	61.15	202.56	1.52	21.95	21.47
6/7/2022 1:22:17 PM	62.24	2.54	2.56	0.00	0.00	0.00	0.00	0.00	67.33	100.00	5.41	10.22	32986	2541	1150	0	0	0	0	0	36677	154.41	43.97	14.08	72.91	81.25	65.28	217.37	1.53	21.92	21.48
6/7/2022 1:22:20 PM	60.20	2.43	2.59	0.00	0.00	0.00	0.00	0.00	65.23	100.00	5.54	10.19	31908	2429	1167	0	0	0	0	0	35504	153.91	42.74	13.72	70.26	78.55	63.59	210.87	1.54	21.90	21.48
6/7/2022 1:22:22 PM	60.62	2.53	2.51	0.00	0.00	0.00	0.00	0.00	65.67	100.00	5.59	10.15	32131	2535	1131	0	0	0	0	0	35797	153.86	42.98	13.78	71.23	79.56	64.00	211.70	1.55	21.87	21.55
6/7/2022 1:22:25 PM	60.23	2.71	2.55	0.00	0.00	0.00	0.00	0.00	65.48	100.00	5.66	10.12	31923	2706	1146	0	0	0	0	0	35775	153.85	42.95	13.95	71.98	78.94	64.16	210.75	1.55	21.87	21.47
6/7/2022 1:22:27 PM	58.03	2.49	2.53	0.00	0.00	0.00	0.00	0.00	63.05	100.00	5.75	10.21	30753	2494	1137	0	0	0	0	0	34384	153.63	41.34	13.47	68.92	75.28	61.68	203.64	1.56	21.83	21.49
6/7/2022 1:22:29 PM	58.31	2.60	2.80	0.00	0.00	0.00	0.00	0.00	63.71	100.00	5.90	10.28	30904	2605	1260	0	0	0	0	0	34768	153.71	42.28	13.80	70.00	76.38	62.56	205.73	1.58	21.83	21.44
6/7/2022 1:22:32 PM	58.32	2.47	3.30	0.00	0.00	0.00	0.00	0.00	64.09	100.00	6.04	10.36	30909	2470	1487	0	0	0	0	0	34866	154.53	43.28	13.98	69.17	76.93	63.37	208.05	1.59	21.78	21.53
6/7/2022 1:22:34 PM	58.09	2.27	2.90	0.00	0.00	0.00	0.00	0.00	63.27	100.00	6.14	10.15	30790	2271	1307	0	0	0	0	0	34368	153.94	42.11	13.31	67.59	76.24	61.97	205.29	1.60	21.77	21.44
6/7/2022 1:22:36 PM	59.57	2.46	2.67	0.00	0.00	0.00	0.00	0.00	64.70	100.00	6.20	9.98	31574	2457	1200	0	0	0	0	0	35231	153.95	42.62	13.61	69.68	78.25	63.45	208.99	1.61	21.72	21.50
6/7/2022 1:22:39 PM	60.14	2.42	2.18	0.00	0.00	0.00	0.00	0.00	64.74	100.00	6.28	10.16	31875	2421	982	0	0	0	0	0	35278	153.33	41.87	13.11	69.85	78.53	62.89	208.52	1.62	21.71	21.45
6/7/2022 1:22:41 PM	58.64	2.35	2.50	0.00	0.00	0.00	0.00	0.00	63.48	100.00	6.39	10.29	31077	2349	1124	0	0	0	0	0	34551	152.60	41.73	12.91	68.44	77.25	61.75	204.90	1.63	21.68	21.40
6/7/2022 1:22:44 PM	57.30	2.20	2.51	0.00	0.00	0.00	0.00	0.00	62.02	100.00	6.46	10.00	30371	2203	1128	0	0	0	0	0	33703	153.49	40.75	12.77	66.12	75.13	60.59	200.67	1.63	21.64	21.42
6/7/2022 1:22:46 PM	58.28	2.17	2.30	0.00	0.00	0.00	0.00	0.00	62.75	100.00	6.65	9.86	30889	2166	1036	0	0	0	0	0	34091	153.06	41.02	12.30	66.66	77.17	60.84	202.45	1.65	21.62	21.45
6/7/2022 1:22:48 PM	60.44	2.24	2.05	0.00	0.00	0.00	0.00	0.00	64.73	100.00	6.72	9.92	32031	2237	925	0	0	0	0	0	35193	152.43	41.77	12.58	68.99	79.62	62.27	208.40	1.66	21.60	21.40
6/7/2022 1:22:51 PM	59.38	2.26	2.49	0.00	0.00	0.00	0.00	0.00	64.13	100.00	6.91	9.94	31470	2260	1121	0	0	0	0	0	34850	153.25	42.01	12.98	68.45	77.91	62.25	207.34	1.68	21.57	21.40
6/7/2022 1:22:53 PM	57.90	2.24	2.34	0.00	0.00	0.00	0.00	0.00	62.47	100.00	7.01	9.85	30685	2235	1054	0	0	0	0	0	33974	153.21	40.80	12.76	66.97	75.93	60.62	201.75	1.69	21.52	21.39
6/7/2022 1:22:56 PM	59.19	2.41	2.72	0.00	0.00	0.00	0.00	0.00	64.32	100.00	7.14	9.78	31373	2409	1222	0	0	0	0	0	35003	153.32	42.62	13.12	69.31	78.48	62.80	207.66	1.70	21.52	21.35
6/7/2022 1:22:58 PM	60.20	2.41	2.32	0.00	0.00	0.00	0.00	0.00	64.92	100.00	7.22	9.89	31905	2408	1042	0	0	0	0	0	35356	153.45	42.14	13.30	70.11	78.32	62.95	209.50	1.71	21.45	21.39
6/7/2022 1:23:00 PM	62.53	2.64	2.06	0.00	0.00	0.00	0.00	0.00	67.24	100.00	7.31	9.95	33144	2642	928	0	0	0	0	0	36713	153.29	43.23	13.77	73.82	81.59	64.60	215.88	1.72	21.43	21.52
6/7/2022 1:23:03 PM	62.43	2.53	2.41	0.00	0.00	0.00	0.00	0.00	67.37	100.00	7.48	10.01	33090	2531	1083	0	0	0	0	0	36704	153.30	43.86	13.79	72.72	82.13	65.31	216.97	1.73	21.40	21.32
6/7/2022 1:23:05 PM	59.19	2.25	2.73	0.00	0.00	0.00	0.00	0.00	64.17	100.00	7.62	10.03	31370	2252	1229	0	0	0	0	0	34850	153.31	42.48	12.96	68.21	78.27	62.60	207.70	1.75	21.35	21.52
6/7/2022 1:23:07 PM	59.61	2.54	2.87	0.00	0.00	0.00	0.00	0.00	65.02	100.00	7.76	9.91	31596	2540	1290	0	0	0	0	0	35426	153.91	43.01	14.09	70.48	77.62	63.99	210.50	1.76	21.33	21.30
6/7/2022 1:23:10 PM	61.75	2.43	3.04	0.00	0.00	0.00	0.00	0.00	67.22	100.00	7.81	9.85	32726	2433	1369	0	0	0	0	0	36527	153.15	44.63	13.83	71.60	80.87	66.01	218.08	1.77	21.27	21.35
6/7/2022 1:23:12 PM	62.33	2.48	2.66	0.00	0.00	0.00	0.00	0.00	67.48	100.00	7.97	9.91	33036	2480	1199	0	0	0	0	0	36716	153.41	44.19	14.04	72.40	81.44	65.70	218.17	1.78	21.23	21.39
6/7/2022 1:23:15 PM	62.04	2.35	2.36	0.00	0.00	0.00	0.00	0.00	66.75	100.00	8.03	9.89	32881	2352	1063	0	0	0	0	0	36295	152.90	43.38	13.33	71.47	81.34	64.28	215.45	1.79	21.22	21.32
6/7/2022 1:23:17 PM	65.33	2.57	2.52	0.00	0.00	0.00	0.00	0.00	70.43	100.00	8.11	9.79	34624	2574	1136	0	0	0	0	0	38334	152.74	45.78	14.21	75.73	85.48	67.97	227.22	1.79	21.15	21.32
6/7/2022 1:23:19 PM	58.58	2.56	3.01	0.00	0.00	0.00	0.00	0.00	64.14	100.00	8.30	9.77	31046	2560	1353	0	0	0	0	0	34958	153.84	42.87	13.95	70.06	77.06	63.01	207.50	1.81	21.12	21.35
6/7/2022 1:23:22 PM	58.84	2.46	3.05	0.00	0.00	0.00	0.00	0.00	64.35	100.00	8.46	9.72	31186	2458	1371	0	0	0	0	0	35015	153.08	42.97	13.77	69.37	77.15	63.44	208.62	1.83	21.12	21.20
6/7/2022 1:23:24 PM	56.03	2.08	2.77	0.00	0.00	0.00	0.00	0.00	60.88	100.00	8.65	9.70	29696	2083	1245	0	0	0	0	0	33024	152.56	40.66	12.52	64.31	74.91	59.58	197.15	1.85	21.08	21.20
6/7/2022 1:23:26 PM	59.14	2.12	2.42	0.00	0.00	0.00	0.00	0.00	63.67	100.00	8.76	9.71	31342	2115	1089	0	0	0	0	0	34546	152.47	41.63	12.54	67.19	77.73	61.69	206.04	1.86	21.04	21.22
6/7/2022 1:23:29 PM	54.39	2.03	3.06	0.00	0.00	0.00	0.00	0.00	59.48	100.00	9.00	9.70	28829	2026	1379	0	0	0	0	0	32234	152.88	40.33	12.27	62.79	72.94	58.51	193.24	1.88	20.97	21.23
6/7/2022 1:23:31 PM	58.81	2.29	2.71	0.00	0.00	0.00	0.00	0.00	63.80	100.00	9.12	9.72	31170	2287	1218	0	0	0	0	0	34674	153.15	42.22	13.14	68.29	77.63	62.11	206.43	1.89	20.96	21.38
6/7/2022 1:23:34 PM	63.41	2.52	1.99	0.00	0.00	0.00	0.00	0.00	67.92	100.00	9.13	9.69	33605	2522	897	0	0	0	0	0	37025	152.67	43.45	13.63	73.62	82.52	65.13	218.38	1.90	20.90	21.20
6/7/2022 1:23:36 PM	65.11	2.67	2.09	0.00	0.00	0.00	0.00	0.00	69.88	100.00	9.25	9.72	34510	2674	941	0	0	0	0	0	38125	152.54	44.81	14.06	76.25	84.88	66.96	224.49	1.91	20.92	21.17
6/7/2022 1:23:38 PM	63.32	2.48	2.12	0.00	0.00	0.00	0.00	0.00	67.92	100.00	9.40	9.90	33559	2478	954	0	0	0	0	0	36991	153.09	43.66	13.81	72.86	83.00	65.56	218.46	1.92	20.83	21.30
6/7/2022 1:23:41 PM	61.70	2.54	2.39	0.00	0.00	0.00	0.00	0.00	66.63	100.00	9.54	9.99	32698	2540	1076	0	0	0	0	0	36314	152.82	43.34	13.56	72.12	80.67	64.79	214.69	1.93	20.81	21.18
6/7/2022 1:23:43 PM	59.96	2.48	2.26	0.00	0.00	0.00	0.00	0.00	64.70	100.00	9.69	9.90	31778	2476	1018	0	0	0	0	0	35272	152.80	42.07	13.31	69.90	79.05	63.06	208.05	1.95	20.76	21.27
6/7/2022 1:23:45 PM	78.76	8.99	7.29	0.00	0.00	0.00	0.00	0.00	95.04	78.92	9.76	9.75	41745	8988	3282	0	0	0	0	0	54014	119.76	67.29	22.29	126.37	91.26	110.32	304.74	1.96	20.73	21.08
6/7/2022 1:23:48 PM	97.69	21.21	16.08	0.00	0.00	0.00	0.00	0.00	134.97	45.85	9.77	9.77	51774	21208	7235	0	0	0	0	0	80216	69.56	105.73	37.93	215.78	108.56	183.24	422.74	1.96	20.68	21.17
6/7/2022 1:23:50 PM	100.26	14.61	14.37	0.27	0.00	0.00	0.00	0.00	129.51	45.50	9.76	9.83	53138	14614	6465	8	0	0	0	0	74225	69.04	99.01	33.18	179.69	112.98	163.16	418.99	1.96	20.65	21.08
6/7/2022 1:23:53 PM	113.18	22.74	14.06	0.00	0.00	0.00	0.00	0.00	149.98	46.51	9.77	9.99	59986	22736	6328	0	0	0	0	0	89050	70.56	111.30	41.04	242.00	122.92	192.66	466.39	1.96	20.60	21.18
6/7/2022 1:23:55 PM	103.84	18.20	13.52	0.00	0.00	0.00	0.00	0.00	135.56	36.07	9.75	10.09	55033	18204	6085	0	0	0	0	0	79323	54.71	100.92	37.64	201.62	115.19	175.23	428.33	1.96	20.59	21.05
6/7/2022 1:23:57 PM	92.87	18.22	15.96	0.00	0.00	0.00	0.00	0.00	127.05	26.60	9.74	10.07	49222	18218	7181	0	0	0	0	0	74621	40.35	100.29	34.37	190.99	104.67	173.11	403.48	1.95	20.53	21.28
