Date/Time	Green Algae	Bluegreen	Diatoms	Cryptophyta	#5	#6	#7	Yellow substances	Total conc.	Transmission	Depth	Temp. Sample	Green Algae	Bluegreen	Diatoms	Cryptophyta	#5	#6	#7	Yellow substances	Total cell count	Trans. 700 nm	LED 3 [525 nm]	LED 4 [570 nm]	LED 5 [610 nm]	LED 6 [370 nm]	LED 7 [590 nm]	LED 8 [470 nm]	Pressure	Temp. LEDs	Temp. Sensor
date	µg/l	µg/l	µg/l	µg/l	µg/l	µg/l	µg/l	r.u.	µg/l	%	m	°C	cells/ml	cells/ml	cells/ml	cells/ml	cells/ml	cells/ml	cells/ml	r.u.	cells/ml	digits	digits	digits	digits	digits	digits	digits	bar	°C	°C
5/2/2022 10:42:02 AM	6.72	0.12	3.50	0.00	0.00	0.00	0.00	0.00	10.34	100.00	0.10	16.48	3564	117	1577	0	0	0	0	0	5257	180.12	12.78	2.91	11.02	14.98	12.66	36.92	1.01	21.96	21.49
5/2/2022 10:42:04 AM	7.52	0.00	2.90	0.00	0.00	0.00	0.00	0.00	10.43	100.00	0.12	16.29	3988	0	1306	0	0	0	0	0	5294	180.53	11.68	2.45	10.86	14.58	10.77	37.30	1.01	21.98	21.49
5/2/2022 10:42:06 AM	9.07	0.00	1.98	0.09	0.00	0.00	0.00	0.00	11.14	100.00	0.12	16.20	4809	0	890	3	0	0	0	0	5701	179.34	10.22	4.80	9.33	15.22	13.03	38.75	1.01	22.03	21.52
5/2/2022 10:42:09 AM	7.36	0.00	3.41	0.00	0.00	0.00	0.00	0.00	10.77	100.00	0.16	16.32	3902	0	1535	0	0	0	0	0	5437	179.99	12.28	3.89	10.46	13.10	11.13	40.21	1.02	22.06	21.58
5/2/2022 10:42:11 AM	7.36	0.00	3.45	0.00	0.00	0.00	0.00	0.00	10.81	100.00	0.16	16.49	3903	0	1552	0	0	0	0	0	5455	181.74	12.82	4.12	11.27	15.70	11.58	38.86	1.02	22.10	21.58
5/2/2022 10:42:13 AM	6.57	0.00	4.19	0.00	0.00	0.00	0.00	0.01	10.76	100.00	0.16	16.62	3485	0	1885	0	0	0	0	0	5370	182.03	14.04	2.94	9.10	15.96	11.87	40.32	1.02	22.12	21.58
5/2/2022 10:42:16 AM	7.92	0.00	3.38	0.00	0.00	0.00	0.00	0.00	11.29	100.00	0.19	16.78	4195	0	1520	0	0	0	0	0	5716	180.56	12.88	2.43	10.64	15.06	13.66	40.84	1.02	22.14	21.58
5/2/2022 10:42:18 AM	8.39	0.00	2.75	0.00	0.00	0.00	0.00	0.00	11.14	100.00	0.25	16.72	4446	0	1239	0	0	0	0	0	5685	180.86	11.58	3.62	9.74	15.68	12.40	39.53	1.02	22.18	21.61
5/2/2022 10:42:21 AM	8.16	0.00	3.45	0.00	0.00	0.00	0.00	0.00	11.61	100.00	0.33	16.48	4327	0	1551	0	0	0	0	0	5878	180.06	13.22	1.86	11.05	15.29	13.49	42.16	1.03	22.20	21.63
5/2/2022 10:42:23 AM	7.69	0.00	3.46	0.00	0.00	0.00	0.00	0.00	11.15	100.00	0.42	16.22	4076	0	1557	0	0	0	0	0	5633	180.50	12.21	2.80	5.95	13.74	12.72	42.53	1.04	22.23	21.58
5/2/2022 10:42:25 AM	8.26	0.00	3.34	0.00	0.00	0.00	0.00	0.07	11.60	100.00	0.49	16.07	4379	0	1503	0	0	0	0	0	5882	179.28	13.31	1.57	10.50	17.28	10.57	42.90	1.05	22.25	21.61
5/2/2022 10:42:28 AM	7.15	0.00	3.91	0.00	0.00	0.00	0.00	0.00	11.06	100.00	0.56	15.99	3790	0	1759	0	0	0	0	0	5549	181.27	13.23	3.78	9.89	13.66	9.08	42.63	1.06	22.27	21.60
5/2/2022 10:42:30 AM	6.27	0.00	4.44	0.00	0.00	0.00	0.00	0.13	10.70	100.00	0.63	15.93	3322	0	1996	0	0	0	0	0	5318	179.41	14.33	7.58	9.45	17.17	10.57	41.51	1.06	22.29	21.66
5/2/2022 10:42:32 AM	8.61	0.00	2.82	0.00	0.00	0.00	0.00	0.08	11.44	100.00	0.70	15.89	4565	0	1271	0	0	0	0	0	5836	180.44	12.49	1.52	11.10	17.50	11.94	40.91	1.07	22.30	21.63
5/2/2022 10:42:35 AM	9.08	0.00	2.90	0.00	0.00	0.00	0.00	0.00	11.99	100.00	0.75	15.85	4815	0	1307	0	0	0	0	0	6122	179.08	12.48	-0.02	11.29	14.71	13.15	43.37	1.07	22.33	21.63
5/2/2022 10:42:37 AM	7.93	0.00	3.73	0.00	0.00	0.00	0.00	0.00	11.66	100.00	0.83	15.85	4203	0	1679	0	0	0	0	0	5883	181.57	13.59	2.41	9.72	15.94	11.51	43.38	1.08	22.34	21.64
5/2/2022 10:42:40 AM	7.87	0.00	3.98	0.00	0.00	0.00	0.00	0.00	11.85	100.00	0.88	15.77	4172	0	1789	0	0	0	0	0	5961	180.08	14.25	2.45	11.43	15.78	12.10	43.97	1.09	22.37	21.69
5/2/2022 10:42:42 AM	7.34	0.00	4.07	0.00	0.00	0.00	0.00	0.00	11.41	100.00	0.93	15.68	3888	0	1832	0	0	0	0	0	5720	180.60	13.99	3.97	10.23	15.63	12.04	42.56	1.09	22.37	21.66
5/2/2022 10:42:44 AM	7.68	0.00	4.03	0.00	0.00	0.00	0.00	0.00	11.71	100.00	0.98	15.79	4071	0	1815	0	0	0	0	0	5886	181.38	14.21	1.43	9.08	16.03	13.33	43.73	1.10	22.37	21.73
5/2/2022 10:42:47 AM	8.26	0.00	3.80	0.00	0.00	0.00	0.00	0.00	12.07	100.00	1.03	15.93	4379	0	1711	0	0	0	0	0	6090	180.26	13.97	3.62	10.25	17.14	12.38	44.25	1.10	22.42	21.68
5/2/2022 10:42:49 AM	7.53	0.00	4.52	0.00	0.00	0.00	0.00	0.00	12.05	100.00	1.10	15.92	3990	0	2035	0	0	0	0	0	6025	181.06	15.29	3.15	9.64	17.61	12.77	45.11	1.11	22.41	21.71
5/2/2022 10:42:52 AM	8.46	0.00	4.35	0.00	0.00	0.00	0.00	0.00	12.82	100.00	1.15	15.99	4486	0	1958	0	0	0	0	0	6444	179.96	15.51	3.16	11.32	18.24	13.93	47.09	1.11	22.42	21.74
5/2/2022 10:42:54 AM	7.90	0.00	4.38	0.00	0.00	0.00	0.00	0.00	12.27	100.00	1.23	16.14	4186	0	1970	0	0	0	0	0	6155	180.92	15.17	3.63	11.06	17.33	12.71	45.58	1.12	22.43	21.73
5/2/2022 10:42:56 AM	8.47	0.00	4.50	0.00	0.00	0.00	0.00	0.00	12.97	100.00	1.28	16.26	4491	0	2025	0	0	0	0	0	6516	180.59	15.75	3.43	11.34	17.99	13.70	48.16	1.13	22.43	21.75
5/2/2022 10:42:59 AM	9.16	0.00	4.00	0.00	0.00	0.00	0.00	0.00	13.17	100.00	1.34	16.35	4855	0	1802	0	0	0	0	0	6657	182.42	14.91	3.78	11.97	17.53	14.07	48.20	1.13	22.44	21.73
5/2/2022 10:43:01 AM	8.42	0.00	4.59	0.00	0.00	0.00	0.00	0.00	13.01	100.00	1.40	16.27	4463	0	2065	0	0	0	0	0	6528	180.50	15.87	4.47	11.34	18.27	14.02	48.19	1.14	22.46	21.78
5/2/2022 10:43:03 AM	8.98	0.00	4.51	0.00	0.00	0.00	0.00	0.00	13.49	100.00	1.46	16.15	4762	0	2029	0	0	0	0	0	6790	182.38	16.11	3.52	11.47	19.27	13.57	49.82	1.14	22.45	21.75
5/2/2022 10:43:06 AM	8.85	0.00	4.28	0.00	0.00	0.00	0.00	0.00	13.13	100.00	1.48	16.14	4689	0	1928	0	0	0	0	0	6617	180.37	15.34	4.51	10.90	18.58	12.98	48.52	1.15	22.46	21.78
5/2/2022 10:43:08 AM	8.82	0.00	4.39	0.00	0.00	0.00	0.00	0.00	13.20	100.00	1.53	16.17	4672	0	1975	0	0	0	0	0	6647	180.69	15.73	3.98	11.21	19.26	13.09	48.60	1.15	22.47	21.75
5/2/2022 10:43:11 AM	9.29	0.00	4.09	0.00	0.00	0.00	0.00	0.00	13.38	100.00	1.58	16.19	4922	0	1842	0	0	0	0	0	6763	180.23	15.17	2.85	10.72	18.20	13.72	49.42	1.15	22.48	21.74
5/2/2022 10:43:13 AM	9.45	0.00	4.24	0.00	0.00	0.00	0.00	0.00	13.69	100.00	1.62	16.26	5007	0	1910	0	0	0	0	0	6917	180.37	15.49	3.65	10.90	18.46	13.12	50.96	1.16	22.48	21.79
5/2/2022 10:43:15 AM	9.47	0.00	4.12	0.00	0.00	0.00	0.00	0.00	13.60	100.00	1.71	16.25	5020	0	1856	0	0	0	0	0	6876	180.76	15.43	3.21	11.17	19.09	13.78	49.83	1.17	22.49	21.78
5/2/2022 10:43:18 AM	9.01	0.00	4.35	0.00	0.00	0.00	0.00	0.00	13.36	100.00	1.80	16.25	4773	0	1959	0	0	0	0	0	6732	180.34	15.56	3.77	10.56	18.37	14.79	49.37	1.18	22.49	21.74
5/2/2022 10:43:20 AM	8.28	0.00	4.82	0.00	0.00	0.00	0.00	0.03	13.11	100.00	1.89	16.31	4390	0	2170	0	0	0	0	0	6560	180.79	16.65	2.99	11.10	19.62	13.65	48.99	1.18	22.49	21.76
5/2/2022 10:43:22 AM	9.03	0.00	4.43	0.00	0.00	0.00	0.00	0.00	13.46	100.00	1.92	16.08	4787	0	1994	0	0	0	0	0	6781	181.01	15.92	3.81	11.44	18.91	15.40	49.26	1.19	22.49	21.78
5/2/2022 10:43:25 AM	9.84	0.00	4.16	0.00	0.00	0.00	0.00	0.00	14.00	100.00	1.93	15.95	5216	0	1871	0	0	0	0	0	7087	180.87	15.82	2.73	11.53	19.88	14.10	51.09	1.19	22.49	21.76
5/2/2022 10:43:27 AM	8.99	0.00	4.68	0.00	0.00	0.00	0.00	0.00	13.68	100.00	1.95	16.18	4767	0	2108	0	0	0	0	0	6875	181.82	16.35	3.90	10.82	19.17	13.57	51.10	1.19	22.49	21.78
5/2/2022 10:43:30 AM	9.09	0.00	4.69	0.00	0.00	0.00	0.00	0.00	13.78	100.00	1.97	16.38	4819	0	2108	0	0	0	0	0	6928	179.96	16.54	2.55	12.25	18.43	12.64	51.77	1.19	22.49	21.75
5/2/2022 10:43:32 AM	8.91	0.00	4.76	0.00	0.00	0.00	0.00	0.00	13.67	100.00	1.97	16.44	4722	0	2143	0	0	0	0	0	6866	181.70	16.67	3.62	11.88	19.36	13.97	50.71	1.19	22.49	21.74
5/2/2022 10:43:34 AM	9.96	0.00	4.32	0.00	0.00	0.00	0.00	0.00	14.28	100.00	1.98	16.50	5280	0	1944	0	0	0	0	0	7224	180.57	16.03	3.92	11.47	19.50	15.34	52.39	1.19	22.49	21.79
5/2/2022 10:43:37 AM	8.93	0.00	5.12	0.00	0.00	0.00	0.00	0.00	14.05	100.00	2.02	16.57	4734	0	2305	0	0	0	0	0	7039	180.75	17.34	3.78	12.23	18.68	14.25	53.03	1.20	22.50	21.80
5/2/2022 10:43:39 AM	9.33	0.00	4.56	0.00	0.00	0.00	0.00	0.00	13.89	100.00	2.03	16.65	4945	0	2053	0	0	0	0	0	6998	180.63	16.32	3.75	11.96	19.11	13.24	51.65	1.20	22.50	21.80
5/2/2022 10:43:42 AM	9.96	0.00	4.34	0.00	0.00	0.00	0.00	0.00	14.30	100.00	2.05	16.64	5279	0	1954	0	0	0	0	0	7233	180.85	16.28	2.23	11.39	19.96	14.00	52.73	1.20	22.48	21.79
5/2/2022 10:43:44 AM	9.50	0.00	4.45	0.00	0.00	0.00	0.00	0.00	13.95	100.00	2.07	16.63	5035	0	2002	0	0	0	0	0	7036	180.45	16.10	4.53	10.96	19.95	14.53	51.24	1.20	22.49	21.79
5/2/2022 10:43:46 AM	9.69	0.00	4.38	0.00	0.00	0.00	0.00	0.00	14.07	100.00	2.09	16.58	5136	0	1972	0	0	0	0	0	7107	179.97	16.19	3.06	11.31	19.86	14.90	51.58	1.21	22.49	21.76
5/2/2022 10:43:49 AM	10.39	0.00	3.78	0.00	0.00	0.00	0.00	0.03	14.17	100.00	2.10	16.45	5506	0	1700	0	0	0	0	0	7206	179.94	15.20	3.72	11.06	20.65	14.40	51.31	1.21	22.48	21.75
5/2/2022 10:43:51 AM	9.31	0.00	5.06	0.00	0.00	0.00	0.00	0.00	14.37	100.00	2.12	16.33	4932	0	2278	0	0	0	0	0	7209	180.37	17.55	2.62	12.09	19.83	12.63	54.26	1.21	22.48	21.80
5/2/2022 10:43:53 AM	9.05	0.00	4.92	0.00	0.00	0.00	0.00	0.00	13.97	100.00	2.13	16.30	4799	0	2212	0	0	0	0	0	7011	181.54	16.70	4.33	11.18	18.14	14.45	52.84	1.21	22.47	21.76
5/2/2022 10:43:56 AM	8.35	0.00	5.39	0.00	0.00	0.00	0.00	0.00	13.74	100.00	2.16	16.34	4428	0	2425	0	0	0	0	0	6853	180.44	17.78	2.74	10.37	19.80	14.31	52.09	1.21	22.47	21.81
5/2/2022 10:43:58 AM	9.05	0.00	4.80	0.00	0.00	0.00	0.00	0.00	13.85	100.00	2.19	16.17	4797	0	2162	0	0	0	0	0	6958	181.21	16.76	4.31	11.79	19.64	14.32	51.33	1.21	22.46	21.78
5/2/2022 10:44:01 AM	9.10	0.00	4.75	0.00	0.00	0.00	0.00	0.00	13.85	100.00	2.19	16.00	4820	0	2137	0	0	0	0	0	6958	180.63	16.41	4.09	11.00	18.35	14.24	52.07	1.21	22.45	21.79
5/2/2022 10:44:03 AM	9.47	0.00	4.35	0.00	0.00	0.00	0.00	0.00	13.82	100.00	2.19	16.10	5020	0	1956	0	0	0	0	0	6976	181.28	15.88	3.62	11.79	18.83	13.92	51.02	1.21	22.46	21.76
5/2/2022 10:44:05 AM	9.81	0.00	4.19	0.00	0.00	0.00	0.00	0.00	14.00	100.00	2.19	16.19	5197	0	1887	0	0	0	0	0	7084	180.96	15.81	3.24	12.02	19.34	14.21	51.22	1.21	22.46	21.76
5/2/2022 10:44:08 AM	9.04	0.00	4.65	0.00	0.00	0.00	0.00	0.00	13.69	100.00	2.20	16.10	4790	0	2094	0	0	0	0	0	6884	181.59	16.50	2.80	11.93	18.91	14.05	50.82	1.22	22.45	21.75
5/2/2022 10:44:10 AM	9.10	0.00	4.54	0.00	0.00	0.00	0.00	0.00	13.64	100.00	2.22	16.06	4821	0	2045	0	0	0	0	0	6866	180.07	16.23	3.45	10.91	19.69	14.12	50.33	1.22	22.44	21.80
5/2/2022 10:44:12 AM	10.47	0.00	3.98	0.00	0.00	0.00	0.00	0.00	14.45	100.00	2.26	16.17	5549	0	1790	0	0	0	0	0	7339	180.53	15.61	3.48	11.71	20.09	14.00	52.64	1.22	22.43	21.79
5/2/2022 10:44:15 AM	9.40	0.00	4.79	0.00	0.00	0.00	0.00	0.00	14.19	100.00	2.30	16.10	4981	0	2155	0	0	0	0	0	7136	180.46	16.87	3.98	11.51	19.87	14.73	52.63	1.22	22.42	21.76
5/2/2022 10:44:17 AM	9.66	0.00	4.34	0.00	0.00	0.00	0.00	0.00	13.99	100.00	2.30	16.01	5117	0	1953	0	0	0	0	0	7070	180.00	15.99	3.03	11.75	18.93	13.90	51.77	1.23	22.41	21.79
5/2/2022 10:44:20 AM	9.92	0.00	4.36	0.00	0.00	0.00	0.00	0.00	14.27	100.00	2.31	16.07	5257	0	1960	0	0	0	0	0	7217	181.28	16.17	3.61	11.71	19.73	14.34	52.50	1.23	22.41	21.79
5/2/2022 10:44:22 AM	9.46	0.00	4.85	0.00	0.00	0.00	0.00	0.00	14.31	100.00	2.33	16.08	5012	0	2182	0	0	0	0	0	7195	180.77	17.08	3.16	11.82	19.72	13.15	53.67	1.23	22.40	21.75
5/2/2022 10:44:24 AM	9.40	0.00	5.23	0.00	0.00	0.00	0.00	0.00	14.62	100.00	2.35	16.12	4980	0	2353	0	0	0	0	0	7333	179.98	17.95	4.44	12.50	20.67	14.04	54.69	1.23	22.39	21.75
5/2/2022 10:44:27 AM	10.04	0.00	4.60	0.00	0.00	0.00	0.00	0.00	14.64	100.00	2.37	16.07	5321	0	2072	0	0	0	0	0	7393	181.15	16.77	4.00	12.36	19.90	14.36	54.19	1.23	22.39	21.74
5/2/2022 10:44:29 AM	9.15	0.00	4.92	0.00	0.00	0.00	0.00	0.00	14.08	100.00	2.39	15.86	4851	0	2216	0	0	0	0	0	7067	180.71	17.25	2.57	11.83	20.00	13.49	52.57	1.23	22.38	21.76
5/2/2022 10:44:31 AM	9.25	0.00	4.62	0.00	0.00	0.00	0.00	0.00	13.87	100.00	2.37	15.80	4902	0	2078	0	0	0	0	0	6980	180.19	16.43	3.34	11.76	19.17	13.01	51.73	1.23	22.38	21.75
5/2/2022 10:44:34 AM	9.90	0.00	4.39	0.00	0.00	0.00	0.00	0.00	14.29	100.00	2.43	15.79	5246	0	1976	0	0	0	0	0	7222	180.99	16.22	4.79	12.68	19.77	13.68	52.46	1.24	22.37	21.79
5/2/2022 10:44:36 AM	10.13	0.00	4.38	0.00	0.00	0.00	0.00	0.00	14.51	100.00	2.47	15.66	5370	0	1971	0	0	0	0	0	7341	181.56	16.29	3.73	11.91	19.79	14.23	53.52	1.24	22.36	21.79
5/2/2022 10:44:39 AM	9.20	0.00	5.03	0.00	0.00	0.00	0.00	0.00	14.23	100.00	2.52	15.63	4878	0	2263	0	0	0	0	0	7141	180.63	17.32	3.19	12.26	18.97	14.06	53.59	1.25	22.36	21.74
5/2/2022 10:44:41 AM	9.34	0.00	4.83	0.00	0.00	0.00	0.00	0.00	14.17	100.00	2.53	15.65	4951	0	2173	0	0	0	0	0	7124	179.58	16.77	4.79	11.37	19.48	13.87	53.04	1.25	22.34	21.71
5/2/2022 10:44:43 AM	10.04	0.00	4.20	0.00	0.00	0.00	0.00	0.00	14.25	100.00	2.55	15.68	5323	0	1891	0	0	0	0	0	7214	181.31	15.96	3.06	12.18	19.43	14.87	52.05	1.25	22.34	21.74
5/2/2022 10:44:46 AM	9.50	0.00	4.63	0.00	0.00	0.00	0.00	0.00	14.13	100.00	2.57	15.73	5033	0	2086	0	0	0	0	0	7119	180.31	16.57	3.82	11.65	19.75	13.34	52.56	1.25	22.34	21.73
5/2/2022 10:44:48 AM	8.96	0.00	5.05	0.00	0.00	0.00	0.00	0.00	14.01	100.00	2.61	15.75	4749	0	2275	0	0	0	0	0	7023	180.13	17.31	3.04	11.43	19.70	12.84	52.91	1.26	22.32	21.74
5/2/2022 10:44:51 AM	9.82	0.00	4.69	0.00	0.00	0.00	0.00	0.00	14.51	100.00	2.62	15.79	5206	0	2110	0	0	0	0	0	7316	180.88	16.84	4.10	11.19	20.43	15.39	53.54	1.26	22.31	21.74
5/2/2022 10:44:53 AM	10.43	0.00	4.07	0.00	0.00	0.00	0.00	0.00	14.50	100.00	2.64	15.75	5529	0	1831	0	0	0	0	0	7360	180.68	15.82	4.09	11.81	20.59	14.20	52.66	1.26	22.30	21.71
5/2/2022 10:44:55 AM	9.86	0.00	4.37	0.00	0.00	0.00	0.00	0.00	14.23	100.00	2.64	15.69	5224	0	1966	0	0	0	0	0	7190	180.07	16.30	3.32	12.00	20.21	13.72	52.18	1.26	22.30	21.73
5/2/2022 10:44:58 AM	9.91	0.00	4.50	0.00	0.00	0.00	0.00	0.00	14.41	100.00	2.65	15.73	5250	0	2025	0	0	0	0	0	7275	180.06	16.52	2.83	10.96	20.20	14.27	53.33	1.26	22.29	21.73
5/2/2022 10:45:00 AM	10.27	0.00	4.29	0.00	0.00	0.00	0.00	0.00	14.56	100.00	2.66	15.77	5443	0	1931	0	0	0	0	0	7374	180.29	16.31	3.81	12.07	20.75	14.51	53.02	1.26	22.28	21.73
5/2/2022 10:45:02 AM	9.56	0.00	4.60	0.00	0.00	0.00	0.00	0.00	14.16	100.00	2.66	15.80	5068	0	2068	0	0	0	0	0	7136	180.95	16.37	4.04	11.30	18.98	14.70	52.71	1.26	22.27	21.74
5/2/2022 10:45:05 AM	10.32	0.00	4.20	0.00	0.00	0.00	0.00	0.00	14.52	100.00	2.68	15.86	5472	0	1889	0	0	0	0	0	7361	180.13	16.09	3.55	12.19	20.19	14.38	52.99	1.26	22.26	21.71
5/2/2022 10:45:07 AM	9.03	0.00	4.69	0.00	0.00	0.00	0.00	0.00	13.72	100.00	2.74	15.97	4785	0	2110	0	0	0	0	0	6895	180.32	16.43	3.82	11.10	19.24	14.01	51.05	1.27	22.25	21.73
5/2/2022 10:45:10 AM	9.65	0.00	4.73	0.00	0.00	0.00	0.00	0.00	14.38	100.00	2.79	15.93	5115	0	2128	0	0	0	0	0	7243	179.94	16.99	4.05	12.50	20.33	14.24	53.01	1.27	22.25	21.73
5/2/2022 10:45:12 AM	8.98	0.00	5.11	0.00	0.00	0.00	0.00	0.00	14.09	100.00	2.83	15.78	4761	0	2300	0	0	0	0	0	7061	179.79	17.53	3.07	11.88	19.78	14.69	52.68	1.28	22.23	21.70
5/2/2022 10:45:14 AM	10.00	0.00	4.45	0.00	0.00	0.00	0.00	0.00	14.45	100.00	2.87	15.72	5299	0	2003	0	0	0	0	0	7302	180.78	16.47	3.55	12.00	19.98	15.09	53.00	1.28	22.22	21.73
5/2/2022 10:45:17 AM	8.99	0.00	4.88	0.00	0.00	0.00	0.00	0.00	13.87	100.00	2.92	15.69	4762	0	2198	0	0	0	0	0	6960	180.57	16.96	3.28	11.22	19.78	13.90	51.76	1.29	22.22	21.66
5/2/2022 10:45:19 AM	9.42	0.00	4.82	0.00	0.00	0.00	0.00	0.00	14.23	100.00	2.94	15.60	4991	0	2168	0	0	0	0	0	7158	180.85	17.03	3.54	12.04	19.86	14.47	52.81	1.29	22.21	21.65
5/2/2022 10:45:21 AM	9.34	0.00	4.41	0.00	0.00	0.00	0.00	0.00	13.76	100.00	2.95	15.58	4952	0	1986	0	0	0	0	0	6937	180.37	16.16	3.06	11.82	19.55	14.31	50.41	1.29	22.19	21.71
5/2/2022 10:45:24 AM	9.68	0.00	4.28	0.00	0.00	0.00	0.00	0.00	13.96	100.00	2.94	15.60	5128	0	1927	0	0	0	0	0	7055	180.82	15.93	3.53	11.34	19.86	14.26	51.09	1.29	22.18	21.68
5/2/2022 10:45:26 AM	9.33	0.00	4.64	0.00	0.00	0.00	0.00	0.00	13.97	100.00	2.95	15.67	4945	0	2089	0	0	0	0	0	7034	180.16	16.55	3.43	11.40	19.67	13.96	51.83	1.29	22.17	21.69
5/2/2022 10:45:29 AM	9.13	0.00	4.87	0.00	0.00	0.00	0.00	0.00	14.01	100.00	2.95	15.72	4840	0	2193	0	0	0	0	0	7034	180.74	17.09	2.82	11.20	20.25	13.75	52.18	1.29	22.17	21.63
5/2/2022 10:45:31 AM	9.76	0.00	4.63	0.00	0.00	0.00	0.00	0.00	14.39	100.00	2.97	15.68	5173	0	2083	0	0	0	0	0	7256	179.87	16.82	3.49	12.09	20.30	14.56	52.98	1.29	22.15	21.70
5/2/2022 10:45:33 AM	9.53	0.00	4.73	0.00	0.00	0.00	0.00	0.00	14.25	100.00	2.99	15.59	5051	0	2126	0	0	0	0	0	7177	181.13	16.90	4.10	12.29	20.21	14.36	52.55	1.29	22.14	21.70
5/2/2022 10:45:36 AM	9.71	0.00	4.50	0.00	0.00	0.00	0.00	0.00	14.22	100.00	3.04	15.62	5149	0	2026	0	0	0	0	0	7175	179.98	16.44	3.43	11.99	19.61	14.64	52.37	1.30	22.14	21.66
5/2/2022 10:45:38 AM	9.73	0.00	4.49	0.00	0.00	0.00	0.00	0.00	14.22	100.00	3.06	15.60	5159	0	2020	0	0	0	0	0	7179	180.46	16.50	3.11	11.40	20.46	13.89	52.36	1.30	22.12	21.68
5/2/2022 10:45:41 AM	9.11	0.00	4.75	0.00	0.00	0.00	0.00	0.00	13.86	100.00	3.08	15.56	4829	0	2138	0	0	0	0	0	6967	180.37	16.61	3.97	11.20	19.48	14.03	51.62	1.30	22.13	21.66
5/2/2022 10:45:43 AM	10.10	0.00	4.19	0.00	0.00	0.00	0.00	0.00	14.29	100.00	3.12	15.61	5354	0	1885	0	0	0	0	0	7239	180.35	15.92	3.76	11.63	20.19	14.17	52.18	1.31	22.11	21.66
5/2/2022 10:45:45 AM	9.97	0.00	4.03	0.00	0.00	0.00	0.00	0.01	14.01	100.00	3.16	15.63	5286	0	1814	0	0	0	0	0	7100	180.51	15.57	3.68	11.48	20.30	13.90	50.87	1.31	22.10	21.64
5/2/2022 10:45:48 AM	9.17	0.00	4.76	0.00	0.00	0.00	0.00	0.00	13.93	100.00	3.17	15.57	4861	0	2143	0	0	0	0	0	7003	180.61	16.75	3.49	11.82	19.45	13.72	51.88	1.31	22.08	21.68
5/2/2022 10:45:50 AM	9.65	0.00	4.19	0.00	0.00	0.00	0.00	0.00	13.84	100.00	3.20	15.55	5116	0	1886	0	0	0	0	0	7002	180.55	15.69	3.08	11.08	19.51	13.52	50.91	1.31	22.07	21.68
5/2/2022 10:45:52 AM	9.48	0.00	4.45	0.00	0.00	0.00	0.00	0.00	13.93	100.00	3.25	15.62	5024	0	2001	0	0	0	0	0	7025	179.99	16.21	3.53	11.52	19.77	13.84	51.30	1.32	22.06	21.64
5/2/2022 10:45:55 AM	9.41	0.00	4.55	0.00	0.00	0.00	0.00	0.00	13.95	100.00	3.28	15.68	4985	0	2045	0	0	0	0	0	7031	180.94	16.40	3.64	10.97	20.23	14.37	51.34	1.32	22.06	21.64
5/2/2022 10:45:57 AM	9.38	0.00	4.95	0.00	0.00	0.00	0.00	0.00	14.33	100.00	3.30	15.72	4971	0	2227	0	0	0	0	0	7199	179.91	17.38	2.82	11.71	20.17	14.71	53.34	1.32	22.06	21.61
5/2/2022 10:46:00 AM	9.68	0.00	4.70	0.00	0.00	0.00	0.00	0.00	14.38	100.00	3.35	15.76	5132	0	2113	0	0	0	0	0	7245	179.48	16.78	4.11	11.87	19.78	14.55	53.31	1.33	22.03	21.65
5/2/2022 10:46:02 AM	9.75	0.00	4.58	0.00	0.00	0.00	0.00	0.00	14.32	100.00	3.37	15.69	5167	0	2059	0	0	0	0	0	7226	179.99	16.51	3.61	11.48	19.49	14.60	53.15	1.33	22.03	21.60
5/2/2022 10:46:04 AM	9.71	0.00	4.60	0.00	0.00	0.00	0.00	0.00	14.31	100.00	3.40	15.68	5148	0	2069	0	0	0	0	0	7217	179.27	16.60	3.83	11.83	19.81	13.97	53.03	1.33	22.02	21.60
5/2/2022 10:46:07 AM	9.92	0.00	4.31	0.00	0.00	0.00	0.00	0.00	14.23	100.00	3.46	15.74	5259	0	1938	0	0	0	0	0	7197	180.23	16.09	3.49	11.17	20.25	14.11	52.22	1.34	22.01	21.61
5/2/2022 10:46:09 AM	9.95	0.00	4.31	0.00	0.00	0.00	0.00	0.00	14.26	100.00	3.50	15.69	5275	0	1938	0	0	0	0	0	7213	179.54	16.09	3.25	11.71	19.61	14.30	52.44	1.34	21.99	21.59
5/2/2022 10:46:11 AM	9.64	0.00	4.54	0.00	0.00	0.00	0.00	0.00	14.18	100.00	3.50	15.60	5109	0	2043	0	0	0	0	0	7152	180.04	16.63	3.35	12.16	20.31	14.41	51.95	1.34	21.99	21.63
5/2/2022 10:46:14 AM	9.57	0.00	4.71	0.00	0.00	0.00	0.00	0.01	14.28	100.00	3.51	15.58	5072	0	2118	0	0	0	0	0	7190	179.93	16.93	3.82	11.82	20.77	13.80	52.72	1.34	21.98	21.61
5/2/2022 10:46:16 AM	10.29	0.00	4.13	0.00	0.00	0.00	0.00	0.00	14.42	100.00	3.51	15.63	5454	0	1860	0	0	0	0	0	7314	180.20	15.88	3.67	11.89	20.01	14.70	52.56	1.34	21.97	21.61
5/2/2022 10:46:19 AM	9.92	0.00	4.70	0.00	0.00	0.00	0.00	0.00	14.62	100.00	3.51	15.66	5258	0	2115	0	0	0	0	0	7373	180.22	16.98	4.15	12.10	20.54	14.30	54.02	1.34	21.95	21.63
5/2/2022 10:46:21 AM	10.03	0.00	4.72	0.00	0.00	0.00	0.00	0.00	14.74	100.00	3.52	15.69	5314	0	2123	0	0	0	0	0	7437	179.55	17.18	3.76	12.54	20.84	14.07	54.39	1.34	21.95	21.60
5/2/2022 10:46:23 AM	9.66	0.00	4.73	0.00	0.00	0.00	0.00	0.00	14.39	100.00	3.52	15.73	5119	0	2131	0	0	0	0	0	7250	180.23	16.97	3.13	11.59	20.17	14.69	53.33	1.35	21.94	21.60
5/2/2022 10:46:26 AM	9.57	0.00	4.75	0.00	0.00	0.00	0.00	0.00	14.33	100.00	3.54	15.77	5074	0	2139	0	0	0	0	0	7213	180.66	17.01	3.76	12.29	20.31	13.99	52.96	1.35	21.93	21.59
5/2/2022 10:46:28 AM	9.76	0.00	4.54	0.00	0.00	0.00	0.00	0.00	14.30	100.00	3.57	15.79	5172	0	2042	0	0	0	0	0	7214	180.18	16.66	3.86	11.95	20.79	14.62	52.21	1.35	21.91	21.59
5/2/2022 10:46:31 AM	9.98	0.00	4.27	0.00	0.00	0.00	0.00	0.00	14.25	100.00	3.65	15.73	5289	0	1922	0	0	0	0	0	7211	180.13	16.08	4.12	12.21	20.20	14.25	51.92	1.36	21.91	21.57
5/2/2022 10:46:33 AM	9.36	0.00	4.70	0.00	0.00	0.00	0.00	0.00	14.06	100.00	3.72	15.65	4961	0	2113	0	0	0	0	0	7074	180.38	16.78	3.08	11.80	19.89	14.17	52.01	1.36	21.90	21.57
5/2/2022 10:46:35 AM	9.85	0.00	4.01	0.00	0.00	0.00	0.00	0.00	13.86	100.00	3.78	15.58	5220	0	1803	0	0	0	0	0	7023	179.90	15.35	3.55	11.77	19.19	13.88	50.53	1.37	21.90	21.59
5/2/2022 10:46:38 AM	9.61	0.00	4.04	0.00	0.00	0.00	0.00	0.00	13.66	100.00	3.81	15.50	5094	0	1819	0	0	0	0	0	6914	180.18	15.35	2.96	11.48	18.89	14.12	49.90	1.37	21.87	21.55
5/2/2022 10:46:40 AM	10.00	0.00	4.01	0.00	0.00	0.00	0.00	0.00	14.01	100.00	3.85	15.51	5297	0	1805	0	0	0	0	0	7102	180.62	15.55	3.25	11.81	19.92	14.13	50.78	1.38	21.87	21.54
5/2/2022 10:46:42 AM	9.48	0.00	4.45	0.00	0.00	0.00	0.00	0.00	13.93	100.00	3.92	15.54	5023	0	2005	0	0	0	0	0	7028	180.78	16.27	3.27	11.56	19.86	14.07	51.23	1.38	21.86	21.57
5/2/2022 10:46:45 AM	9.76	0.00	4.24	0.00	0.00	0.00	0.00	0.00	14.00	100.00	4.01	15.57	5175	0	1906	0	0	0	0	0	7081	180.12	15.89	3.22	11.79	19.41	15.27	51.04	1.39	21.85	21.57
5/2/2022 10:46:47 AM	9.63	0.00	4.65	0.00	0.00	0.00	0.00	0.00	14.28	100.00	4.06	15.28	5106	0	2092	0	0	0	0	0	7198	180.11	16.91	2.77	12.10	20.43	14.42	52.54	1.40	21.85	21.54
5/2/2022 10:46:50 AM	9.24	0.00	4.38	0.00	0.00	0.00	0.00	0.13	13.63	100.00	4.13	14.73	4898	0	1973	0	0	0	0	0	6871	180.09	16.38	3.68	11.60	21.30	14.16	50.80	1.41	21.83	21.54
5/2/2022 10:46:52 AM	10.45	0.00	4.71	0.00	0.00	0.00	0.00	0.00	15.16	100.00	4.19	14.53	5539	0	2118	0	0	0	0	0	7657	180.04	17.48	3.14	13.22	21.16	15.25	55.53	1.41	21.83	21.54
5/2/2022 10:46:54 AM	10.84	0.00	5.45	0.00	0.00	0.00	0.00	0.00	16.28	100.00	4.25	14.24	5744	0	2451	0	0	0	0	0	8195	179.92	19.41	3.97	13.67	23.25	16.09	60.16	1.42	21.82	21.54
5/2/2022 10:46:57 AM	14.87	0.00	7.31	0.00	0.00	0.00	0.00	0.00	22.17	100.00	4.32	13.83	7879	0	3288	0	0	0	0	0	11168	179.12	26.17	5.86	19.17	31.61	22.15	81.32	1.42	21.79	21.54
5/2/2022 10:46:59 AM	15.65	0.00	10.12	0.00	0.00	0.00	0.00	0.00	25.77	100.00	4.35	13.49	8294	0	4553	0	0	0	0	0	12847	178.04	33.38	7.12	22.71	37.33	27.04	96.02	1.43	21.79	21.54
5/2/2022 10:47:01 AM	14.77	0.00	9.22	0.00	0.00	0.00	0.00	0.00	23.99	100.00	4.35	13.34	7828	0	4147	0	0	0	0	0	11975	178.34	30.64	6.67	20.79	34.50	24.70	89.46	1.43	21.78	21.50
5/2/2022 10:47:04 AM	13.32	0.00	7.43	0.00	0.00	0.00	0.00	0.00	20.75	100.00	4.37	13.64	7060	0	3343	0	0	0	0	0	10403	178.38	25.46	5.50	17.66	29.19	21.20	77.14	1.43	21.75	21.55
5/2/2022 10:47:06 AM	12.57	0.00	6.77	0.00	0.00	0.00	0.00	0.00	19.35	100.00	4.38	13.67	6663	0	3048	0	0	0	0	0	9711	178.99	23.49	5.36	16.39	27.50	19.27	71.74	1.43	21.75	21.53
5/2/2022 10:47:09 AM	13.88	0.00	8.28	0.00	0.00	0.00	0.00	0.00	22.16	100.00	4.40	13.30	7354	0	3728	0	0	0	0	0	11082	178.29	27.97	6.15	19.42	32.12	22.55	82.25	1.43	21.74	21.55
5/2/2022 10:47:11 AM	14.99	0.00	9.12	0.00	0.00	0.00	0.00	0.00	24.11	100.00	4.44	13.29	7944	0	4103	0	0	0	0	0	12047	178.11	30.55	6.52	21.23	34.44	24.63	89.77	1.44	21.72	21.52
5/2/2022 10:47:13 AM	16.62	0.00	11.47	0.00	0.00	0.00	0.00	0.00	28.09	100.00	4.49	13.66	8809	0	5159	0	0	0	0	0	13968	176.67	37.10	7.78	24.84	40.58	28.78	105.45	1.44	21.71	21.50
5/2/2022 10:47:16 AM	20.23	0.00	12.96	0.09	0.00	0.00	0.00	0.00	33.28	100.00	4.51	13.33	10723	0	5833	3	0	0	0	0	16558	175.75	43.09	9.49	30.31	47.88	34.90	123.79	1.44	21.70	21.52
5/2/2022 10:47:18 AM	19.44	0.00	13.36	0.10	0.00	0.00	0.00	0.00	32.90	100.00	4.54	12.94	10303	0	6014	3	0	0	0	0	16320	175.82	43.71	9.32	30.11	47.95	34.74	122.81	1.45	21.68	21.48
5/2/2022 10:47:20 AM	22.15	0.00	14.15	1.07	0.00	0.00	0.00	0.00	37.37	100.00	4.58	12.55	11739	0	6366	32	0	0	0	0	18137	174.59	50.21	11.77	35.81	54.52	41.44	139.38	1.45	21.66	21.47
5/2/2022 10:47:23 AM	22.48	0.00	14.22	0.94	0.00	0.00	0.00	0.00	37.64	100.00	4.62	12.24	11912	0	6398	28	0	0	0	0	18338	174.26	50.17	11.48	36.11	54.53	41.24	140.28	1.45	21.66	21.54
5/2/2022 10:47:25 AM	22.33	0.00	14.73	1.00	0.00	0.00	0.00	0.00	38.06	100.00	4.68	12.17	11835	0	6630	30	0	0	0	0	18495	174.12	51.46	11.82	36.31	55.34	42.06	142.38	1.46	21.64	21.48
5/2/2022 10:47:28 AM	22.22	0.00	14.93	0.87	0.00	0.00	0.00	0.00	38.02	100.00	4.72	12.30	11776	0	6718	26	0	0	0	0	18520	174.03	51.55	11.28	35.83	55.79	41.95	142.10	1.46	21.62	21.50
5/2/2022 10:47:30 AM	22.48	0.00	14.94	0.89	0.00	0.00	0.00	0.00	38.31	100.00	4.76	12.71	11912	0	6725	27	0	0	0	0	18664	174.27	51.71	11.86	36.18	55.93	42.05	143.24	1.47	21.61	21.45
5/2/2022 10:47:32 AM	22.51	0.00	15.03	0.86	0.00	0.00	0.00	0.00	38.40	100.00	4.85	13.10	11930	0	6766	26	0	0	0	0	18721	174.38	51.79	11.95	36.12	55.86	42.07	143.71	1.48	21.59	21.47
5/2/2022 10:47:35 AM	22.50	0.00	15.06	1.09	0.00	0.00	0.00	0.00	38.65	100.00	4.92	13.16	11922	0	6776	33	0	0	0	0	18731	173.61	52.63	11.75	36.92	56.02	43.12	144.88	1.48	21.57	21.48
5/2/2022 10:47:37 AM	22.77	0.00	14.82	1.10	0.00	0.00	0.00	0.00	38.69	100.00	4.97	13.14	12069	0	6669	33	0	0	0	0	18770	173.77	52.28	11.83	37.11	56.37	42.92	144.53	1.49	21.55	21.48
5/2/2022 10:47:40 AM	23.29	0.00	14.28	1.15	0.00	0.00	0.00	0.00	38.73	100.00	5.02	13.27	12344	0	6428	35	0	0	0	0	18806	173.24	51.40	12.13	36.69	56.26	43.11	144.20	1.49	21.55	21.45
5/2/2022 10:47:42 AM	22.56	0.00	13.57	1.35	0.00	0.00	0.00	0.00	37.47	100.00	5.07	13.47	11955	0	6106	41	0	0	0	0	18101	173.00	50.08	11.53	36.58	54.93	42.23	139.13	1.50	21.52	21.43
5/2/2022 10:47:44 AM	21.59	0.00	12.79	1.31	0.00	0.00	0.00	0.00	35.69	100.00	5.14	13.64	11444	0	5754	39	0	0	0	0	17237	173.38	47.45	11.37	35.25	51.81	40.07	132.52	1.50	21.52	21.47
5/2/2022 10:47:47 AM	21.62	0.00	11.32	1.57	0.00	0.00	0.00	0.00	34.50	100.00	5.23	13.68	11459	0	5092	47	0	0	0	0	16598	173.29	44.88	11.05	34.41	50.63	39.48	126.88	1.51	21.50	21.49
5/2/2022 10:47:49 AM	21.66	0.00	11.03	1.55	0.00	0.00	0.00	0.00	34.25	100.00	5.30	13.58	11480	0	4965	47	0	0	0	0	16492	173.04	44.10	11.03	33.96	49.76	39.23	125.92	1.52	21.48	21.45
5/2/2022 10:47:51 AM	20.15	0.00	9.91	1.68	0.00	0.00	0.00	0.00	31.74	100.00	5.40	13.47	10681	0	4459	50	0	0	0	0	15191	172.51	41.14	9.78	32.13	46.81	37.29	116.17	1.53	21.47	21.43
5/2/2022 10:47:54 AM	20.32	0.00	9.69	1.70	0.00	0.00	0.00	0.00	31.71	100.00	5.50	13.27	10768	0	4359	51	0	0	0	0	15178	171.71	40.74	10.09	32.27	46.61	37.06	115.86	1.54	21.45	21.44
5/2/2022 10:47:56 AM	20.93	0.00	9.85	1.69	0.00	0.00	0.00	0.00	32.47	100.00	5.56	13.03	11092	0	4434	51	0	0	0	0	15577	172.03	41.45	10.25	33.00	47.54	37.69	118.60	1.54	21.44	21.43
5/2/2022 10:47:59 AM	20.50	0.17	9.66	1.46	0.00	0.00	0.00	0.00	31.79	100.00	5.65	13.10	10863	171	4348	44	0	0	0	0	15426	172.07	40.18	10.24	32.89	46.53	36.70	115.32	1.55	21.42	21.43
5/2/2022 10:48:01 AM	17.93	0.27	7.34	1.25	0.00	0.00	0.00	0.00	26.79	100.00	5.71	13.05	9504	271	3302	37	0	0	0	0	13115	170.21	32.63	8.45	28.04	39.63	31.74	95.47	1.56	21.40	21.39
5/2/2022 10:48:03 AM	17.09	0.43	6.79	1.09	0.00	0.00	0.00	0.00	25.40	100.00	5.77	12.91	9057	426	3058	33	0	0	0	0	12574	170.09	30.49	8.07	27.10	37.56	30.46	89.65	1.57	21.39	21.39
5/2/2022 10:48:06 AM	17.73	0.43	6.67	1.20	0.00	0.00	0.00	0.00	26.03	100.00	5.82	12.91	9398	429	2999	36	0	0	0	0	12862	169.56	30.88	8.40	27.86	38.31	31.21	91.67	1.57	21.36	21.40
5/2/2022 10:48:08 AM	17.34	0.39	6.59	1.21	0.00	0.00	0.00	0.00	25.53	100.00	5.89	12.97	9188	391	2966	36	0	0	0	0	12582	169.79	30.50	8.26	27.21	37.94	30.70	89.94	1.58	21.35	21.37
5/2/2022 10:48:10 AM	16.02	0.35	6.12	1.12	0.00	0.00	0.00	0.00	23.60	100.00	5.96	13.06	8489	345	2755	33	0	0	0	0	11623	169.47	28.23	7.55	25.24	34.68	28.57	83.39	1.58	21.32	21.33
5/2/2022 10:48:13 AM	16.70	0.47	6.33	1.02	0.00	0.00	0.00	0.00	24.52	100.00	6.03	12.97	8853	468	2848	31	0	0	0	0	12199	169.61	28.88	7.80	26.46	35.58	29.44	86.26	1.59	21.32	21.37
5/2/2022 10:48:15 AM	18.17	0.24	7.35	1.28	0.00	0.00	0.00	0.00	27.04	100.00	6.08	12.92	9630	237	3308	38	0	0	0	0	13213	170.14	32.79	8.57	28.31	39.47	31.86	96.64	1.60	21.29	21.34
5/2/2022 10:48:18 AM	14.92	0.55	5.60	0.82	0.00	0.00	0.00	0.00	21.89	100.00	6.17	12.80	7906	549	2522	25	0	0	0	0	11002	168.65	25.61	6.92	23.96	32.14	26.80	76.22	1.60	21.28	21.35
5/2/2022 10:48:20 AM	12.47	0.74	4.05	0.71	0.00	0.00	0.00	0.00	17.97	100.00	6.23	12.54	6610	742	1823	21	0	0	0	0	9196	167.40	20.23	6.02	21.00	25.94	23.33	61.08	1.61	21.25	21.30
5/2/2022 10:48:22 AM	13.77	0.78	4.58	0.70	0.00	0.00	0.00	0.00	19.84	100.00	6.27	12.51	7301	778	2062	21	0	0	0	0	10162	166.94	22.24	6.56	22.89	28.38	25.07	67.75	1.61	21.23	21.34
5/2/2022 10:48:25 AM	14.03	0.63	5.36	0.81	0.00	0.00	0.00	0.00	20.82	100.00	6.34	12.20	7433	626	2411	24	0	0	0	0	10495	167.65	24.43	6.85	23.49	29.77	25.95	72.56	1.62	21.21	21.33
5/2/2022 10:48:27 AM	15.74	0.46	6.49	1.00	0.00	0.00	0.00	0.00	23.69	100.00	6.40	11.30	8341	461	2919	30	0	0	0	0	11751	168.71	28.58	7.59	25.77	34.10	28.74	83.92	1.63	21.19	21.29
5/2/2022 10:48:30 AM	15.83	0.71	6.37	0.64	0.00	0.00	0.00	0.00	23.54	100.00	6.41	10.82	8387	709	2865	19	0	0	0	0	11981	168.40	27.44	7.31	25.95	33.83	28.28	82.04	1.63	21.17	21.32
5/2/2022 10:48:32 AM	15.70	0.66	5.93	0.73	0.00	0.00	0.00	0.00	23.02	100.00	6.41	10.85	8321	655	2668	22	0	0	0	0	11666	168.13	26.54	7.43	25.49	32.94	27.69	80.14	1.63	21.15	21.25
5/2/2022 10:48:34 AM	15.82	0.65	5.68	0.68	0.00	0.00	0.00	0.00	22.83	100.00	6.41	11.11	8384	650	2556	20	0	0	0	0	11611	167.91	25.80	7.11	25.23	32.17	27.35	79.36	1.63	21.12	21.22
5/2/2022 10:48:37 AM	15.99	0.63	5.78	0.70	0.00	0.00	0.00	0.00	23.09	100.00	6.41	11.40	8473	630	2601	21	0	0	0	0	11724	167.77	26.18	7.19	25.42	32.60	27.59	80.42	1.63	21.09	21.24
5/2/2022 10:48:39 AM	16.29	0.79	5.97	0.64	0.00	0.00	0.00	0.00	23.70	100.00	6.45	11.64	8635	794	2685	19	0	0	0	0	12133	167.96	26.79	7.49	26.47	33.59	28.47	81.95	1.63	21.08	21.25
5/2/2022 10:48:41 AM	15.46	0.84	5.53	0.62	0.00	0.00	0.00	0.00	22.45	100.00	6.49	11.65	8195	843	2486	19	0	0	0	0	11543	167.72	25.28	7.22	25.41	32.15	27.44	77.06	1.64	21.04	21.19
5/2/2022 10:48:44 AM	12.90	0.85	4.24	0.62	0.00	0.00	0.00	0.00	18.61	100.00	6.62	10.87	6838	853	1906	19	0	0	0	0	9616	167.15	20.74	6.27	21.88	26.82	23.95	62.92	1.65	21.02	21.20
5/2/2022 10:48:46 AM	11.27	0.88	2.99	0.48	0.00	0.00	0.00	0.00	15.62	100.00	6.71	10.17	5970	884	1347	14	0	0	0	0	8216	166.35	16.41	5.34	18.96	22.59	20.77	51.36	1.66	21.00	21.19
5/2/2022 10:48:49 AM	10.65	0.96	2.91	0.32	0.00	0.00	0.00	0.04	14.84	100.00	6.81	10.11	5645	961	1309	10	0	0	0	0	7924	166.36	15.51	5.13	18.38	21.75	19.85	48.64	1.67	20.97	21.14
5/2/2022 10:48:51 AM	9.93	1.10	2.50	0.20	0.00	0.00	0.00	0.06	13.73	100.00	6.94	9.97	5265	1103	1124	6	0	0	0	0	7498	166.24	13.91	4.79	17.73	20.20	18.95	44.27	1.68	20.95	21.19
5/2/2022 10:48:53 AM	9.61	1.11	1.98	0.21	0.00	0.00	0.00	0.06	12.90	100.00	7.03	9.73	5093	1109	890	6	0	0	0	0	7098	165.94	12.49	4.58	17.00	18.81	18.14	40.93	1.69	20.92	21.15
5/2/2022 10:48:56 AM	9.56	1.06	1.67	0.42	0.00	0.00	0.00	0.03	12.71	100.00	7.11	9.69	5067	1060	750	13	0	0	0	0	6890	166.32	12.27	4.65	16.89	18.28	18.39	40.11	1.70	20.89	21.14
5/2/2022 10:48:58 AM	10.04	1.24	2.02	0.31	0.00	0.00	0.00	0.01	13.62	100.00	7.16	9.76	5321	1242	911	9	0	0	0	0	7483	166.37	13.15	5.03	18.26	19.28	19.43	42.62	1.70	20.87	21.12
5/2/2022 10:49:00 AM	10.51	1.21	2.05	0.74	0.00	0.00	0.00	0.00	14.50	100.00	7.23	9.82	5568	1206	923	22	0	0	0	0	7719	166.13	14.79	5.66	19.51	20.62	21.40	46.04	1.71	20.84	21.10
5/2/2022 10:49:03 AM	11.53	1.26	1.69	1.58	0.00	0.00	0.00	0.00	16.07	100.00	7.36	9.80	6113	1262	759	48	0	0	0	0	8181	166.29	17.17	7.08	22.37	22.67	25.31	51.58	1.72	20.82	21.09
5/2/2022 10:49:05 AM	11.23	1.21	1.55	1.28	0.00	0.00	0.00	0.00	15.27	100.00	7.47	9.87	5952	1210	698	38	0	0	0	0	7898	167.05	15.69	6.51	20.99	21.62	23.50	48.58	1.73	20.77	21.10
5/2/2022 10:49:08 AM	11.43	1.39	1.70	0.96	0.00	0.00	0.00	0.00	15.48	100.00	7.58	9.85	6056	1388	764	29	0	0	0	0	8237	167.44	15.31	6.33	21.39	21.66	23.32	48.56	1.74	20.75	21.09
5/2/2022 10:49:10 AM	11.72	1.43	1.99	0.87	0.00	0.00	0.00	0.00	16.00	100.00	7.65	9.85	6211	1431	894	26	0	0	0	0	8562	167.07	15.91	6.40	21.87	22.55	23.69	50.31	1.75	20.73	21.07
5/2/2022 10:49:12 AM	12.24	1.50	2.19	0.81	0.00	0.00	0.00	0.00	16.74	100.00	7.68	9.96	6486	1496	985	24	0	0	0	0	8992	166.92	16.51	6.67	22.86	22.98	24.30	52.91	1.75	20.69	21.08
5/2/2022 10:49:15 AM	12.31	1.67	2.35	0.66	0.00	0.00	0.00	0.00	16.99	100.00	7.78	10.09	6525	1672	1058	20	0	0	0	0	9275	166.53	16.61	6.78	23.48	23.47	24.61	53.12	1.76	20.66	21.05
5/2/2022 10:49:17 AM	12.84	1.91	2.68	0.35	0.00	0.00	0.00	0.00	17.78	100.00	7.87	10.15	6805	1910	1206	11	0	0	0	0	9931	166.95	16.95	7.04	24.70	24.51	25.09	54.99	1.77	20.64	21.07
5/2/2022 10:49:20 AM	12.74	1.33	2.00	1.07	0.00	0.00	0.00	0.00	17.14	100.00	7.97	10.09	6750	1334	902	32	0	0	0	0	9018	166.54	17.11	6.68	22.77	24.21	24.99	54.55	1.78	20.61	21.03
5/2/2022 10:49:22 AM	12.14	1.24	1.89	1.03	0.00	0.00	0.00	0.00	16.30	100.00	8.10	9.87	6434	1242	850	31	0	0	0	0	8557	166.57	16.27	6.30	21.64	22.87	23.87	51.98	1.79	20.59	21.00
5/2/2022 10:49:24 AM	10.61	1.57	1.67	0.66	0.00	0.00	0.00	0.10	14.51	100.00	8.32	9.65	5626	1566	751	20	0	0	0	0	7963	168.83	14.24	5.76	20.70	21.22	22.35	45.24	1.82	20.55	21.00
5/2/2022 10:49:27 AM	10.34	1.72	1.56	0.60	0.00	0.00	0.00	0.18	14.23	100.00	8.45	9.57	5481	1722	704	18	0	0	0	0	7924	170.17	13.98	5.81	20.97	21.56	22.44	44.38	1.83	20.53	20.98
5/2/2022 10:49:29 AM	10.39	1.90	1.86	0.32	0.00	0.00	0.00	0.22	14.48	100.00	8.48	9.53	5506	1902	838	10	0	0	0	0	8256	170.26	14.10	5.71	21.49	22.15	22.51	44.98	1.83	20.49	20.93
5/2/2022 10:49:31 AM	10.42	2.08	1.95	0.20	0.00	0.00	0.00	0.16	14.66	100.00	8.49	9.60	5525	2084	880	6	0	0	0	0	8495	170.28	13.93	5.94	22.20	21.67	22.76	44.53	1.83	20.47	20.94
5/2/2022 10:49:34 AM	10.58	1.99	1.67	0.45	0.00	0.00	0.00	0.19	14.69	100.00	8.51	9.66	5606	1994	749	14	0	0	0	0	8363	170.38	14.14	5.94	22.16	22.11	23.30	45.09	1.83	20.43	20.92
5/2/2022 10:49:36 AM	10.27	1.93	1.73	0.40	0.00	0.00	0.00	0.21	14.33	100.00	8.63	9.61	5442	1934	779	12	0	0	0	0	8167	170.25	13.95	5.76	21.57	21.86	22.69	44.30	1.85	20.41	20.95
5/2/2022 10:49:39 AM	10.34	2.07	1.96	0.29	0.00	0.00	0.00	0.19	14.65	100.00	8.67	9.59	5479	2068	883	9	0	0	0	0	8439	169.88	14.26	5.93	22.23	22.08	23.05	44.96	1.85	20.37	20.92
5/2/2022 10:49:41 AM	10.39	1.93	1.70	0.48	0.00	0.00	0.00	0.21	14.50	100.00	8.76	9.69	5506	1933	765	14	0	0	0	0	8217	170.19	14.21	5.78	21.78	22.13	23.13	44.92	1.86	20.34	20.88
5/2/2022 10:49:43 AM	10.79	2.27	1.76	0.40	0.00	0.00	0.00	0.24	15.22	100.00	8.81	9.76	5718	2269	793	12	0	0	0	0	8792	170.62	14.69	6.19	23.56	23.22	24.57	46.47	1.86	20.31	20.89
5/2/2022 10:49:46 AM	10.93	2.35	1.86	0.34	0.00	0.00	0.00	0.23	15.48	100.00	8.87	9.83	5795	2353	835	10	0	0	0	0	8993	170.24	14.85	6.33	24.05	23.38	24.88	47.00	1.87	20.28	20.83
5/2/2022 10:49:48 AM	11.15	2.55	2.23	0.00	0.00	0.00	0.00	0.21	15.93	100.00	8.93	9.93	5907	2550	1002	0	0	0	0	0	9459	170.79	14.88	6.57	24.83	23.66	24.74	47.72	1.88	20.24	20.85
5/2/2022 10:49:50 AM	10.96	2.05	1.56	0.64	0.00	0.00	0.00	0.22	15.22	100.00	9.00	9.86	5810	2047	704	19	0	0	0	0	8580	170.43	14.84	6.29	23.08	23.11	24.51	46.94	1.88	20.22	20.83
5/2/2022 10:49:53 AM	10.96	2.54	1.99	0.14	0.00	0.00	0.00	0.22	15.63	100.00	9.08	9.75	5808	2537	897	4	0	0	0	0	9246	170.87	14.69	6.33	24.59	23.40	25.00	46.83	1.89	20.18	20.83
5/2/2022 10:49:55 AM	10.56	2.74	2.15	0.04	0.00	0.00	0.00	0.33	15.50	100.00	9.18	9.59	5597	2742	968	1	0	0	0	0	9308	171.23	14.98	6.52	25.20	24.19	25.33	46.75	1.90	20.14	20.77
5/2/2022 10:49:58 AM	10.64	2.57	1.78	0.28	0.00	0.00	0.00	0.35	15.27	100.00	9.29	9.50	5640	2566	800	8	0	0	0	0	9015	171.42	14.80	6.39	24.60	24.15	25.31	46.52	1.91	20.13	20.79
5/2/2022 10:50:00 AM	10.60	2.82	1.72	0.19	0.00	0.00	0.00	0.49	15.33	100.00	9.41	9.59	5618	2816	775	6	0	0	0	0	9215	172.11	14.94	6.42	25.46	25.47	26.05	46.96	1.92	20.09	20.73
5/2/2022 10:50:02 AM	10.69	2.67	1.63	0.34	0.00	0.00	0.00	0.60	15.33	100.00	9.52	9.58	5665	2668	735	10	0	0	0	0	9078	172.01	15.42	6.49	25.17	26.75	26.06	48.36	1.93	20.06	20.69
5/2/2022 10:50:05 AM	10.50	3.21	1.82	0.06	0.00	0.00	0.00	0.71	15.58	100.00	9.60	9.42	5562	3206	818	2	0	0	0	0	9588	172.59	15.58	6.72	27.02	27.79	27.31	48.35	1.94	20.02	20.69
5/2/2022 10:50:07 AM	10.79	3.17	1.91	0.00	0.00	0.00	0.00	0.64	15.87	100.00	9.70	9.48	5721	3168	860	0	0	0	0	0	9749	172.39	15.56	6.94	27.18	27.54	27.01	48.88	1.95	19.99	20.69
5/2/2022 10:50:10 AM	10.47	2.97	1.82	0.00	0.00	0.00	0.00	0.71	15.26	100.00	9.79	9.50	5549	2972	820	0	0	0	0	0	9340	172.45	15.20	6.48	25.89	27.52	25.97	47.96	1.96	19.95	20.67
5/2/2022 10:50:12 AM	12.10	3.79	2.00	0.00	0.00	0.00	0.00	0.60	17.89	100.00	9.85	9.34	6412	3787	900	0	0	0	0	0	11099	171.42	16.99	7.63	31.23	29.66	30.70	53.39	1.97	19.92	20.67
5/2/2022 10:50:14 AM	24.11	2.35	1.03	5.72	0.00	0.00	0.00	0.00	33.22	96.69	9.77	9.30	12781	2354	465	172	0	0	0	0	15772	146.74	37.12	12.97	45.82	47.51	57.68	107.66	1.96	19.89	20.66
