Date/Time	Green Algae	Bluegreen	Diatoms	Cryptophyta	#5	#6	#7	Yellow substances	Total conc.	Transmission	Depth	Temp. Sample	Green Algae	Bluegreen	Diatoms	Cryptophyta	#5	#6	#7	Yellow substances	Total cell count	Trans. 700 nm	LED 3 [525 nm]	LED 4 [570 nm]	LED 5 [610 nm]	LED 6 [370 nm]	LED 7 [590 nm]	LED 8 [470 nm]	Pressure	Temp. LEDs	Temp. Sensor
date	µg/l	µg/l	µg/l	µg/l	µg/l	µg/l	µg/l	r.u.	µg/l	%	m	°C	cells/ml	cells/ml	cells/ml	cells/ml	cells/ml	cells/ml	cells/ml	r.u.	cells/ml	digits	digits	digits	digits	digits	digits	digits	bar	°C	°C
7/31/2023 10:17:56 AM	5.27	1.30	0.23	0.58	0.00	0.00	0.00	0.22	7.37	100.00	0.12	27.61	2793	1297	102	17	0	0	0	0	4209	188.74	7.32	6.14	14.26	12.13	13.61	22.27	1.01	22.85	23.06
7/31/2023 10:17:58 AM	3.14	1.66	1.13	0.78	0.00	0.00	0.00	0.37	6.70	100.00	0.25	27.51	1662	1658	508	23	0	0	0	0	3850	190.83	9.75	3.21	14.08	12.73	17.33	21.59	1.02	22.92	23.07
7/31/2023 10:18:00 AM	2.07	1.58	1.68	0.55	0.00	0.00	0.00	0.74	5.88	100.00	0.36	27.24	1094	1581	755	17	0	0	0	0	3447	189.07	10.57	4.10	13.47	15.54	15.43	22.55	1.04	22.99	23.10
7/31/2023 10:18:03 AM	1.79	1.93	2.69	0.24	0.00	0.00	0.00	0.51	6.64	100.00	0.51	27.19	948	1926	1209	7	0	0	0	0	4090	190.25	11.51	4.39	15.00	14.18	16.30	22.97	1.05	23.06	23.10
7/31/2023 10:18:05 AM	3.23	1.88	2.36	0.00	0.00	0.00	0.00	0.29	7.48	100.00	0.61	27.35	1711	1883	1064	0	0	0	0	0	4658	192.31	10.41	2.76	15.62	12.98	15.49	23.34	1.06	23.12	23.12
7/31/2023 10:18:08 AM	2.53	1.99	2.34	0.00	0.00	0.00	0.00	0.36	6.86	100.00	0.70	27.26	1343	1992	1052	0	0	0	0	0	4387	190.36	10.11	3.45	15.28	12.74	15.53	21.58	1.07	23.17	23.17
7/31/2023 10:18:10 AM	2.52	1.40	2.05	0.81	0.00	0.00	0.00	0.38	6.77	100.00	0.78	27.02	1334	1395	921	24	0	0	0	0	3675	191.16	11.56	2.35	13.00	13.40	17.40	23.80	1.08	23.24	23.19
7/31/2023 10:18:12 AM	4.00	1.37	1.23	0.57	0.00	0.00	0.00	0.40	7.16	100.00	0.85	26.99	2119	1370	551	17	0	0	0	0	4057	190.14	9.66	3.07	13.23	13.86	16.00	24.01	1.08	23.31	23.20
7/31/2023 10:18:15 AM	3.86	1.83	1.87	0.00	0.00	0.00	0.00	0.43	7.57	100.00	0.95	27.30	2048	1835	843	0	0	0	0	0	4725	190.30	9.91	2.49	15.16	14.39	15.77	24.29	1.09	23.36	23.20
7/31/2023 10:18:17 AM	6.04	1.87	0.16	0.56	0.00	0.00	0.00	0.27	8.63	100.00	1.02	27.51	3204	1869	72	17	0	0	0	0	5162	189.16	8.39	2.96	15.89	13.96	18.77	24.97	1.10	23.41	23.25
7/31/2023 10:18:19 AM	2.47	2.18	3.13	0.00	0.00	0.00	0.00	0.37	7.78	100.00	1.10	27.45	1308	2180	1408	0	0	0	0	0	4896	189.65	12.24	3.56	17.31	14.30	16.73	25.03	1.11	23.47	23.25
7/31/2023 10:18:22 AM	4.72	1.30	0.63	0.95	0.00	0.00	0.00	0.35	7.61	100.00	1.20	27.42	2504	1300	285	29	0	0	0	0	4118	190.38	9.60	5.05	14.46	14.01	16.20	25.00	1.12	23.52	23.24
7/31/2023 10:18:24 AM	4.32	1.95	2.25	0.00	0.00	0.00	0.00	0.28	8.52	100.00	1.27	27.43	2288	1953	1012	0	0	0	0	0	5253	189.77	10.65	4.10	16.26	14.30	16.87	26.29	1.12	23.60	23.25
7/31/2023 10:18:27 AM	2.69	1.93	3.04	0.00	0.00	0.00	0.00	0.26	7.66	100.00	1.34	27.41	1427	1928	1369	0	0	0	0	0	4724	189.44	11.65	2.98	15.84	13.10	16.15	24.37	1.13	23.66	23.26
7/31/2023 10:18:29 AM	4.00	1.66	2.32	0.31	0.00	0.00	0.00	0.15	8.28	100.00	1.40	27.37	2121	1659	1042	9	0	0	0	0	4832	191.31	11.02	3.93	15.13	12.95	16.90	25.79	1.14	23.71	23.37
7/31/2023 10:18:31 AM	3.25	2.00	2.69	0.15	0.00	0.00	0.00	0.34	8.09	100.00	1.50	27.25	1720	1996	1212	5	0	0	0	0	4932	191.57	11.77	4.06	16.09	14.46	17.65	25.99	1.15	23.76	23.37
7/31/2023 10:18:34 AM	3.36	2.00	2.97	0.00	0.00	0.00	0.00	0.30	8.33	100.00	1.54	27.22	1781	2002	1336	0	0	0	0	0	5120	190.22	11.96	4.22	17.06	14.38	16.39	26.53	1.15	23.82	23.36
7/31/2023 10:18:36 AM	3.70	1.91	2.70	0.08	0.00	0.00	0.00	0.30	8.39	100.00	1.60	27.23	1963	1906	1217	2	0	0	0	0	5087	190.07	11.59	4.47	16.09	14.47	17.01	26.77	1.16	23.87	23.36
7/31/2023 10:18:39 AM	3.24	2.04	3.09	0.00	0.00	0.00	0.00	0.24	8.37	100.00	1.66	27.34	1715	2045	1389	0	0	0	0	0	5149	190.76	12.14	3.18	17.08	13.81	16.90	26.17	1.16	23.93	23.39
7/31/2023 10:18:41 AM	4.23	1.84	2.79	0.00	0.00	0.00	0.00	0.08	8.86	100.00	1.71	27.51	2242	1841	1256	0	0	0	0	0	5339	190.44	11.45	1.88	15.49	12.96	17.86	26.77	1.17	23.99	23.41
7/31/2023 10:18:43 AM	2.80	1.89	3.35	0.00	0.00	0.00	0.00	0.25	8.04	100.00	1.79	27.43	1482	1895	1507	0	0	0	0	0	4884	191.33	12.32	3.28	15.55	13.60	16.96	25.95	1.18	24.04	23.45
7/31/2023 10:18:46 AM	3.69	2.15	3.08	0.00	0.00	0.00	0.00	0.19	8.92	100.00	1.85	27.40	1956	2154	1385	0	0	0	0	0	5495	190.17	12.20	5.07	18.12	14.07	17.21	27.26	1.18	24.10	23.47
7/31/2023 10:18:48 AM	3.17	2.09	3.66	0.00	0.00	0.00	0.00	0.11	8.92	100.00	1.91	27.44	1683	2085	1647	0	0	0	0	0	5416	190.53	13.02	4.88	17.67	13.40	17.38	27.47	1.19	24.15	23.43
7/31/2023 10:18:50 AM	4.11	1.97	2.78	0.00	0.00	0.00	0.00	0.29	8.86	100.00	1.96	27.37	2179	1973	1249	0	0	0	0	0	5401	190.33	12.02	3.25	17.62	15.04	16.58	28.02	1.19	24.21	23.48
7/31/2023 10:18:53 AM	3.25	1.85	3.20	0.00	0.00	0.00	0.00	0.27	8.30	100.00	2.06	27.43	1722	1846	1442	0	0	0	0	0	5009	190.64	12.35	3.56	17.00	14.19	15.42	26.88	1.20	24.26	23.52
7/31/2023 10:18:55 AM	4.18	1.94	2.90	0.00	0.00	0.00	0.00	0.17	9.02	100.00	2.11	27.49	2213	1943	1307	0	0	0	0	0	5463	189.95	11.96	3.64	17.41	14.05	16.71	27.78	1.21	24.32	23.50
7/31/2023 10:18:58 AM	3.96	2.08	2.91	0.00	0.00	0.00	0.00	0.31	8.95	100.00	2.18	27.45	2100	2083	1308	0	0	0	0	0	5491	189.16	12.39	3.11	17.96	15.29	17.30	28.28	1.21	24.37	23.61
7/31/2023 10:19:00 AM	3.30	1.93	4.02	0.00	0.00	0.00	0.00	0.16	9.26	100.00	2.23	27.49	1750	1934	1809	0	0	0	0	0	5494	190.13	14.01	4.26	17.27	14.60	17.61	29.82	1.22	24.42	23.57
7/31/2023 10:19:02 AM	3.50	2.07	3.77	0.00	0.00	0.00	0.00	0.16	9.35	100.00	2.27	27.49	1856	2074	1697	0	0	0	0	0	5626	189.96	13.74	3.29	17.74	14.58	18.35	29.42	1.22	24.48	23.61
7/31/2023 10:19:05 AM	2.96	1.81	3.31	0.00	0.00	0.00	0.00	0.39	8.08	100.00	2.30	27.46	1566	1811	1491	0	0	0	0	0	4869	190.66	12.68	3.45	15.97	15.21	16.10	27.43	1.23	24.53	23.60
7/31/2023 10:19:07 AM	3.03	2.11	3.61	0.00	0.00	0.00	0.00	0.27	8.75	100.00	2.32	27.38	1607	2109	1623	0	0	0	0	0	5339	190.28	13.42	3.71	18.19	14.84	17.07	28.11	1.23	24.58	23.62
7/31/2023 10:19:09 AM	3.53	2.05	3.35	0.00	0.00	0.00	0.00	0.21	8.93	100.00	2.34	27.29	1873	2053	1505	0	0	0	0	0	5432	190.59	12.95	2.38	17.46	14.39	17.78	28.05	1.23	24.63	23.62
7/31/2023 10:19:12 AM	4.06	2.04	2.61	0.00	0.00	0.00	0.00	0.43	8.70	100.00	2.36	27.23	2150	2038	1175	0	0	0	0	0	5363	190.96	11.87	3.83	16.93	16.09	17.50	28.23	1.23	24.68	23.66
7/31/2023 10:19:14 AM	3.38	2.28	3.58	0.00	0.00	0.00	0.00	0.24	9.24	100.00	2.38	27.00	1792	2277	1612	0	0	0	0	0	5681	189.95	13.63	3.11	18.45	15.06	18.94	28.92	1.23	24.73	23.67
7/31/2023 10:19:17 AM	3.10	2.11	4.16	0.00	0.00	0.00	0.00	0.18	9.37	100.00	2.39	26.92	1645	2105	1872	0	0	0	0	0	5623	190.01	14.45	4.22	18.05	14.90	18.34	30.02	1.23	24.77	23.68
7/31/2023 10:19:19 AM	2.85	2.26	3.76	0.00	0.00	0.00	0.00	0.31	8.87	100.00	2.44	26.91	1512	2258	1691	0	0	0	0	0	5461	190.33	13.84	3.84	18.32	15.28	18.33	28.52	1.24	24.84	23.67
7/31/2023 10:19:21 AM	2.67	2.10	4.03	0.00	0.00	0.00	0.00	0.31	8.81	100.00	2.49	27.04	1417	2097	1815	0	0	0	0	0	5330	190.07	14.24	3.69	17.22	15.41	18.36	29.14	1.24	24.89	23.75
7/31/2023 10:19:24 AM	3.45	2.00	3.74	0.11	0.00	0.00	0.00	0.20	9.30	100.00	2.51	27.23	1828	2003	1682	3	0	0	0	0	5517	190.32	13.89	4.31	17.12	15.02	18.79	29.92	1.25	24.93	23.77
7/31/2023 10:19:26 AM	2.82	1.91	4.18	0.00	0.00	0.00	0.00	0.36	8.91	100.00	2.55	27.25	1495	1913	1879	0	0	0	0	0	5286	190.39	14.56	4.56	16.80	16.22	17.60	30.56	1.25	24.98	23.78
7/31/2023 10:19:28 AM	3.45	1.95	3.53	0.03	0.00	0.00	0.00	0.24	8.96	100.00	2.59	27.19	1827	1947	1588	1	0	0	0	0	5363	190.07	13.18	4.73	16.76	14.93	17.68	28.98	1.25	25.03	23.82
7/31/2023 10:19:31 AM	3.19	2.06	3.87	0.00	0.00	0.00	0.00	0.22	9.12	100.00	2.61	27.15	1692	2062	1740	0	0	0	0	0	5494	190.91	13.87	4.04	17.38	14.97	18.24	29.38	1.26	25.08	23.82
7/31/2023 10:19:33 AM	3.92	1.91	4.04	0.15	0.00	0.00	0.00	0.20	10.03	100.00	2.67	27.05	2076	1914	1819	5	0	0	0	0	5814	190.30	14.94	4.89	17.68	16.22	19.09	32.92	1.26	25.12	23.81
7/31/2023 10:19:36 AM	3.92	2.17	4.20	0.00	0.00	0.00	0.00	0.23	10.29	100.00	2.72	27.04	2078	2173	1889	0	0	0	0	0	6140	190.80	15.18	4.39	18.74	16.69	19.77	33.24	1.27	25.17	23.83
7/31/2023 10:19:38 AM	4.02	2.17	4.18	0.00	0.00	0.00	0.00	0.22	10.37	100.00	2.78	27.16	2132	2169	1880	0	0	0	0	0	6181	189.51	15.15	4.69	18.80	16.73	19.76	33.43	1.27	25.22	23.88
7/31/2023 10:19:40 AM	4.06	2.09	5.33	0.00	0.00	0.00	0.00	0.21	11.48	100.00	2.84	27.20	2150	2092	2400	0	0	0	0	0	6642	189.95	17.90	5.14	20.12	18.64	20.20	38.54	1.28	25.27	23.92
7/31/2023 10:19:43 AM	3.68	2.48	6.90	0.00	0.00	0.00	0.00	0.23	13.06	100.00	2.89	27.12	1952	2478	3103	0	0	0	0	0	7533	189.25	21.75	5.82	22.46	21.26	23.98	44.52	1.28	25.32	23.92
7/31/2023 10:19:45 AM	6.83	2.82	11.46	0.68	0.00	0.00	0.00	0.10	21.80	100.00	2.97	26.62	3622	2823	5158	21	0	0	0	0	11624	188.12	36.69	8.70	32.33	33.68	36.31	76.84	1.29	25.36	23.96
7/31/2023 10:19:48 AM	9.88	4.00	16.11	0.00	0.00	0.00	0.00	0.25	29.99	100.00	3.01	25.83	5237	3997	7249	0	0	0	0	0	16483	185.98	48.89	11.87	44.19	47.31	45.28	105.74	1.29	25.40	23.96
7/31/2023 10:19:50 AM	9.76	4.53	17.09	0.00	0.00	0.00	0.00	0.35	31.39	100.00	3.06	25.27	5174	4531	7691	0	0	0	0	0	17397	186.31	51.81	13.51	47.79	50.24	48.16	110.64	1.30	25.45	23.98
7/31/2023 10:19:52 AM	10.43	4.33	19.32	0.00	0.00	0.00	0.00	0.25	34.08	100.00	3.10	25.15	5530	4329	8694	0	0	0	0	0	18553	186.31	57.15	13.24	48.61	53.85	51.52	121.79	1.30	25.49	24.03
7/31/2023 10:19:55 AM	9.82	3.86	18.19	0.20	0.00	0.00	0.00	0.21	32.06	100.00	3.20	24.38	5204	3858	8186	6	0	0	0	0	17253	186.29	54.16	13.10	45.46	50.60	48.24	115.21	1.31	25.55	24.06
7/31/2023 10:19:57 AM	9.07	3.39	15.82	0.37	0.00	0.00	0.00	0.21	28.65	100.00	3.25	23.38	4808	3392	7121	11	0	0	0	0	15331	186.44	48.13	12.67	41.11	45.40	43.21	102.93	1.32	25.57	24.05
7/31/2023 10:19:59 AM	9.87	3.55	15.42	0.00	0.00	0.00	0.00	0.06	28.83	100.00	3.29	23.26	5230	3546	6939	0	0	0	0	0	15715	186.62	46.28	11.58	41.10	43.80	42.69	100.97	1.32	25.61	24.12
7/31/2023 10:20:02 AM	8.48	3.28	15.57	0.22	0.00	0.00	0.00	0.23	27.54	100.00	3.34	23.28	4492	3281	7006	7	0	0	0	0	14786	187.03	46.65	12.32	39.58	43.97	41.29	99.36	1.33	25.64	24.10
7/31/2023 10:20:04 AM	8.03	2.97	13.98	0.00	0.00	0.00	0.00	0.17	24.98	100.00	3.40	23.01	4256	2966	6292	0	0	0	0	0	13515	187.35	41.56	9.93	35.28	39.42	37.54	89.44	1.33	25.68	24.11
7/31/2023 10:20:07 AM	8.62	2.86	12.78	0.31	0.00	0.00	0.00	0.28	24.56	100.00	3.44	22.74	4567	2862	5749	9	0	0	0	0	13188	187.97	40.14	10.43	35.05	39.74	37.27	88.18	1.34	25.72	24.10
7/31/2023 10:20:09 AM	8.76	2.34	11.22	0.61	0.00	0.00	0.00	0.15	22.93	100.00	3.47	22.85	4644	2336	5051	18	0	0	0	0	12050	187.43	36.65	10.09	32.05	36.03	34.35	81.86	1.34	25.76	24.16
7/31/2023 10:20:11 AM	8.70	2.14	10.29	0.75	0.00	0.00	0.00	0.21	21.88	100.00	3.49	22.70	4609	2139	4629	23	0	0	0	0	11400	188.31	34.89	8.79	30.17	35.08	33.60	78.61	1.34	25.79	24.18
7/31/2023 10:20:14 AM	8.28	2.60	11.33	0.03	0.00	0.00	0.00	0.31	22.24	100.00	3.53	22.20	4388	2596	5101	1	0	0	0	0	12085	188.42	35.48	9.28	31.55	36.41	33.14	79.68	1.35	25.82	24.18
7/31/2023 10:20:16 AM	8.68	2.50	10.26	0.00	0.00	0.00	0.00	0.29	21.43	100.00	3.57	22.13	4598	2503	4615	0	0	0	0	0	11716	188.35	32.94	8.29	30.49	34.73	31.63	75.81	1.35	25.85	24.22
7/31/2023 10:20:19 AM	7.78	2.40	9.89	0.01	0.00	0.00	0.00	0.31	20.07	100.00	3.65	22.04	4123	2398	4451	0	0	0	0	0	10972	187.98	31.48	8.24	28.68	33.02	30.27	71.52	1.36	25.89	24.23
7/31/2023 10:20:21 AM	8.47	2.13	8.52	0.36	0.00	0.00	0.00	0.29	19.48	100.00	3.70	21.68	4488	2125	3836	11	0	0	0	0	10461	189.16	29.46	8.00	27.48	31.88	29.62	69.04	1.36	25.92	24.28
7/31/2023 10:20:23 AM	8.53	2.24	7.66	0.00	0.00	0.00	0.00	0.33	18.43	100.00	3.76	21.62	4519	2239	3447	0	0	0	0	0	10205	189.24	26.48	7.52	26.64	30.33	27.44	64.16	1.37	25.95	24.33
7/31/2023 10:20:26 AM	8.42	2.14	8.46	0.00	0.00	0.00	0.00	0.34	19.02	100.00	3.81	21.64	4464	2140	3806	0	0	0	0	0	10410	188.70	28.26	7.63	26.70	31.55	28.06	67.38	1.37	25.97	24.30
7/31/2023 10:20:28 AM	7.73	1.86	7.99	0.30	0.00	0.00	0.00	0.30	17.88	100.00	3.86	21.50	4098	1862	3595	9	0	0	0	0	9564	188.86	27.36	7.24	24.96	29.70	27.11	64.02	1.38	26.00	24.28
7/31/2023 10:20:30 AM	7.91	1.67	7.44	0.64	0.00	0.00	0.00	0.28	17.66	100.00	3.94	21.83	4191	1666	3350	19	0	0	0	0	9227	189.22	26.97	8.09	24.77	29.24	26.74	63.44	1.39	26.03	24.32
7/31/2023 10:20:33 AM	7.87	1.92	7.19	0.33	0.00	0.00	0.00	0.32	17.31	100.00	4.01	21.52	4170	1917	3234	10	0	0	0	0	9332	189.41	25.71	7.16	24.66	28.79	26.65	61.23	1.39	26.06	24.34
7/31/2023 10:20:35 AM	7.29	1.59	6.18	0.97	0.00	0.00	0.00	0.36	16.02	100.00	4.05	20.73	3864	1590	2779	29	0	0	0	0	8261	188.64	24.76	7.47	23.28	27.50	26.09	57.91	1.40	26.07	24.36
7/31/2023 10:20:38 AM	7.36	1.71	6.31	0.83	0.00	0.00	0.00	0.37	16.21	100.00	4.08	20.97	3899	1713	2842	25	0	0	0	0	8478	187.91	24.79	7.86	23.86	27.80	26.02	58.24	1.40	26.11	24.42
7/31/2023 10:20:40 AM	7.02	1.58	5.66	1.30	0.00	0.00	0.00	0.38	15.56	100.00	4.13	21.33	3718	1579	2548	39	0	0	0	0	7885	188.48	24.46	7.81	23.33	27.07	26.50	56.45	1.41	26.12	24.41
7/31/2023 10:20:42 AM	5.40	1.79	5.88	2.35	0.00	0.00	0.00	0.33	15.43	100.00	4.19	21.39	2864	1793	2646	70	0	0	0	0	7373	186.33	27.29	10.16	25.90	26.59	29.87	56.45	1.41	26.15	24.41
7/31/2023 10:20:45 AM	5.88	1.88	6.22	2.20	0.00	0.00	0.00	0.30	16.19	100.00	4.24	21.08	3117	1884	2800	66	0	0	0	0	7867	186.85	27.95	9.60	26.44	27.36	30.79	58.62	1.42	26.16	24.44
7/31/2023 10:20:47 AM	6.46	1.98	6.19	1.83	0.00	0.00	0.00	0.25	16.46	100.00	4.27	20.61	3424	1982	2784	55	0	0	0	0	8245	187.22	26.99	9.31	26.48	26.99	30.12	58.30	1.42	26.18	24.46
7/31/2023 10:20:49 AM	6.40	2.46	6.95	1.82	0.00	0.00	0.00	0.27	17.63	100.00	4.31	20.44	3392	2465	3128	55	0	0	0	0	9039	186.69	29.17	10.58	29.55	28.82	32.59	61.78	1.42	26.19	24.47
7/31/2023 10:20:52 AM	6.69	1.94	6.03	2.16	0.00	0.00	0.00	0.28	16.83	100.00	4.33	20.64	3548	1943	2715	65	0	0	0	0	8271	186.74	27.86	9.25	26.94	27.90	31.56	60.04	1.42	26.22	24.47
7/31/2023 10:20:54 AM	6.18	2.30	6.89	2.82	0.00	0.00	0.00	0.28	18.18	100.00	4.38	20.40	3275	2297	3099	85	0	0	0	0	8755	185.99	31.95	11.46	30.76	30.15	35.78	65.24	1.43	26.23	24.52
7/31/2023 10:20:57 AM	6.01	2.06	6.78	3.92	0.00	0.00	0.00	0.24	18.76	100.00	4.43	19.79	3188	2057	3049	118	0	0	0	0	8411	185.76	34.71	12.81	32.02	31.01	38.75	68.61	1.43	26.24	24.51
7/31/2023 10:20:59 AM	5.04	3.03	7.49	4.18	0.00	0.00	0.00	0.33	19.74	100.00	4.47	19.71	2670	3033	3372	125	0	0	0	0	9199	185.31	37.70	14.61	37.10	33.05	43.70	70.89	1.44	26.26	24.56
7/31/2023 10:21:01 AM	5.43	2.55	7.10	4.96	0.00	0.00	0.00	0.31	20.04	100.00	4.51	19.56	2879	2552	3195	149	0	0	0	0	8775	185.01	39.00	14.83	36.55	33.69	44.82	73.50	1.44	26.26	24.51
7/31/2023 10:21:04 AM	5.27	2.38	6.38	5.19	0.00	0.00	0.00	0.36	19.23	100.00	4.55	19.26	2793	2384	2872	156	0	0	0	0	8206	185.33	37.94	14.23	35.33	32.97	44.43	71.16	1.45	26.27	24.56
7/31/2023 10:21:06 AM	4.92	3.35	7.36	6.40	0.00	0.00	0.00	0.28	22.04	100.00	4.64	18.83	2609	3355	3312	192	0	0	0	0	9467	183.41	44.44	17.65	43.36	36.28	53.72	79.41	1.45	26.28	24.58
7/31/2023 10:21:08 AM	4.71	5.15	7.93	6.92	0.00	0.00	0.00	0.17	24.71	100.00	4.68	18.42	2498	5150	3569	208	0	0	0	0	11424	182.81	48.46	20.64	53.16	38.07	63.46	83.23	1.46	26.30	24.57
7/31/2023 10:21:11 AM	5.05	6.40	8.87	5.88	0.00	0.00	0.00	0.19	26.19	100.00	4.73	18.40	2674	6399	3990	176	0	0	0	0	13239	182.95	48.66	21.38	57.80	39.47	65.55	84.41	1.46	26.30	24.58
7/31/2023 10:21:13 AM	5.13	13.13	9.91	9.22	0.00	0.00	0.00	0.00	37.39	100.00	4.77	18.24	2718	13128	4459	277	0	0	0	0	20582	181.24	66.69	31.71	96.63	49.76	108.69	104.95	1.47	26.30	24.63
7/31/2023 10:21:16 AM	3.21	26.64	18.21	8.64	0.00	0.00	0.00	0.00	56.68	100.00	4.82	18.49	1699	26637	8192	259	0	0	0	0	36788	175.97	94.50	47.84	163.33	69.93	169.92	137.55	1.47	26.30	24.57
7/31/2023 10:21:18 AM	2.88	24.67	18.92	15.67	0.00	0.00	0.00	0.00	62.14	100.00	4.87	18.84	1526	24668	8514	470	0	0	0	0	35178	175.56	116.38	54.81	171.13	79.98	190.60	170.59	1.48	26.30	24.61
7/31/2023 10:21:20 AM	0.00	47.94	37.03	28.87	0.00	0.00	0.00	0.00	113.85	100.00	4.93	18.41	0	47941	16665	866	0	0	0	0	65472	167.57	218.35	108.09	324.54	148.59	354.57	306.77	1.48	26.30	24.62
7/31/2023 10:21:23 AM	2.58	63.02	46.14	39.52	0.00	0.00	0.00	0.00	151.26	100.00	5.00	17.55	1366	63024	20765	1186	0	0	0	0	86340	156.30	286.31	144.82	431.50	190.78	469.70	410.20	1.49	26.30	24.63
7/31/2023 10:21:25 AM	4.06	77.37	51.77	43.38	0.00	0.00	0.00	0.00	176.58	100.00	5.06	17.40	2152	77372	23295	1301	0	0	0	0	104121	153.98	324.48	169.74	512.99	221.80	550.68	460.87	1.50	26.30	24.63
7/31/2023 10:21:28 AM	2.21	76.37	46.74	18.02	0.00	0.00	0.00	0.00	143.33	100.00	5.16	16.91	1170	76368	21033	541	0	0	0	0	99112	161.98	230.75	129.99	442.69	163.99	439.61	321.40	1.51	26.30	24.72
7/31/2023 10:21:30 AM	3.14	59.77	26.09	16.43	0.00	0.00	0.00	0.00	105.44	100.00	5.25	15.91	1666	59774	11742	493	0	0	0	0	73674	167.39	164.77	92.95	338.73	120.89	348.53	218.06	1.51	26.30	24.67
7/31/2023 10:21:32 AM	4.46	64.05	30.82	8.60	0.00	0.00	0.00	0.00	107.92	100.00	5.32	15.53	2361	64052	13868	258	0	0	0	0	80539	170.94	155.23	94.21	348.23	119.21	338.20	210.61	1.52	26.28	24.72
7/31/2023 10:21:35 AM	6.73	53.54	20.51	11.57	0.00	0.00	0.00	0.00	92.36	100.00	5.42	15.66	3568	53543	9230	347	0	0	0	0	66688	172.44	133.13	79.21	297.03	103.28	299.66	181.46	1.53	26.27	24.69
7/31/2023 10:21:37 AM	6.74	47.92	19.00	7.21	0.00	0.00	0.00	0.00	80.88	100.00	5.48	15.09	3574	47917	8552	216	0	0	0	0	60260	175.04	111.33	66.28	259.61	89.09	257.72	153.66	1.54	26.26	24.71
7/31/2023 10:21:39 AM	6.44	46.43	17.83	5.71	0.00	0.00	0.00	0.00	76.41	100.00	5.55	14.91	3411	46433	8025	171	0	0	0	0	58041	175.90	102.51	62.65	247.95	83.84	243.82	140.00	1.54	26.26	24.69
7/31/2023 10:21:42 AM	6.06	40.39	14.62	6.11	0.00	0.00	0.00	0.18	67.18	100.00	5.65	15.15	3213	40388	6577	183	0	0	0	0	50362	176.30	91.59	54.54	217.34	76.72	217.33	125.34	1.55	26.25	24.73
7/31/2023 10:21:44 AM	7.17	39.78	14.22	5.88	0.00	0.00	0.00	0.41	67.05	100.00	5.69	15.14	3801	39776	6398	176	0	0	0	0	50152	176.28	90.62	55.03	215.21	79.23	213.74	127.85	1.56	26.22	24.73
7/31/2023 10:21:47 AM	8.56	40.90	15.79	3.86	0.00	0.00	0.00	0.43	69.11	100.00	5.74	15.67	4535	40897	7107	116	0	0	0	0	52655	175.62	89.85	53.66	218.10	81.34	213.63	130.84	1.56	26.22	24.71
7/31/2023 10:21:49 AM	9.18	38.55	13.63	4.80	0.00	0.00	0.00	0.74	66.16	100.00	5.81	16.28	4866	38552	6135	144	0	0	0	0	49697	174.76	86.94	51.32	207.95	81.61	206.29	129.19	1.57	26.19	24.72
7/31/2023 10:21:51 AM	9.94	36.13	13.75	3.94	0.00	0.00	0.00	0.75	63.76	100.00	5.87	16.17	5270	36127	6188	118	0	0	0	0	47704	175.41	82.98	48.73	196.07	79.69	193.07	127.65	1.58	26.19	24.74
7/31/2023 10:21:54 AM	10.12	32.41	10.74	6.38	0.00	0.00	0.00	1.08	59.66	100.00	5.94	15.50	5366	32412	4834	192	0	0	0	0	42803	174.48	81.52	45.38	181.49	79.59	185.48	127.12	1.58	26.17	24.72
7/31/2023 10:21:56 AM	11.66	23.34	6.97	4.98	0.00	0.00	0.00	1.70	46.95	100.00	5.99	15.01	6180	23340	3135	149	0	0	0	0	32804	174.37	63.20	33.72	135.16	72.35	139.42	111.19	1.59	26.16	24.74
7/31/2023 10:21:58 AM	10.19	21.34	7.75	0.00	0.00	0.00	0.00	1.61	39.28	100.00	6.09	13.79	5399	21342	3489	0	0	0	0	0	30230	175.35	46.77	25.93	115.86	60.45	108.84	86.59	1.60	26.14	24.73
7/31/2023 10:22:01 AM	10.06	20.85	7.09	0.00	0.00	0.00	0.00	1.68	38.00	100.00	6.16	13.05	5333	20849	3191	0	0	0	0	0	29373	175.35	44.94	24.58	112.59	59.53	106.44	83.72	1.60	26.12	24.73
7/31/2023 10:22:03 AM	10.15	20.74	6.83	0.00	0.00	0.00	0.00	1.68	37.72	100.00	6.21	13.33	5378	20741	3075	0	0	0	0	0	29194	175.33	44.22	24.69	111.76	59.08	105.88	82.78	1.61	26.10	24.77
7/31/2023 10:22:06 AM	10.05	21.11	6.72	0.00	0.00	0.00	0.00	1.67	37.88	100.00	6.26	13.99	5327	21109	3023	0	0	0	0	0	29459	175.14	44.21	24.47	113.24	58.89	107.27	81.99	1.61	26.08	24.73
7/31/2023 10:22:08 AM	9.91	19.56	6.08	0.00	0.00	0.00	0.00	1.66	35.56	100.00	6.33	14.08	5253	19562	2737	0	0	0	0	0	27553	175.94	41.30	22.96	105.60	56.35	99.82	78.16	1.62	26.04	24.74
7/31/2023 10:22:10 AM	9.47	18.25	5.74	0.00	0.00	0.00	0.00	1.75	33.46	100.00	6.39	13.75	5020	18253	2582	0	0	0	0	0	25855	175.49	39.31	21.59	98.22	55.09	94.49	75.54	1.63	26.02	24.73
7/31/2023 10:22:13 AM	8.98	17.63	5.71	0.00	0.00	0.00	0.00	1.76	32.32	100.00	6.45	13.80	4757	17632	2568	0	0	0	0	0	24957	174.72	38.53	20.92	95.95	53.91	90.40	73.62	1.63	25.99	24.74
7/31/2023 10:22:15 AM	10.00	17.38	4.47	0.00	0.00	0.00	0.00	1.80	31.84	100.00	6.51	14.14	5298	17378	2010	0	0	0	0	0	24686	173.75	36.13	19.82	94.45	53.49	88.95	71.70	1.64	25.95	24.72
7/31/2023 10:22:18 AM	9.24	15.86	4.31	0.00	0.00	0.00	0.00	1.77	29.40	100.00	6.56	14.31	4897	15858	1938	0	0	0	0	0	22693	173.04	33.84	18.78	85.87	50.69	82.61	67.85	1.64	25.94	24.74
7/31/2023 10:22:20 AM	10.08	16.97	4.13	0.00	0.00	0.00	0.00	1.80	31.17	100.00	6.61	14.40	5340	16966	1856	0	0	0	0	0	24163	172.89	34.98	19.70	92.34	52.68	86.82	70.29	1.65	25.91	24.77
7/31/2023 10:22:22 AM	9.38	16.62	4.50	0.40	0.00	0.00	0.00	1.78	30.90	100.00	6.66	14.35	4972	16620	2024	12	0	0	0	0	23629	173.17	36.23	20.36	90.17	52.61	88.10	71.25	1.65	25.87	24.73
7/31/2023 10:22:25 AM	9.70	17.18	4.60	0.00	0.00	0.00	0.00	1.66	31.48	100.00	6.73	14.22	5142	17178	2072	0	0	0	0	0	24391	173.94	35.78	19.80	94.07	51.69	87.15	70.12	1.66	25.84	24.73
7/31/2023 10:22:27 AM	6.57	11.47	3.54	0.00	0.00	0.00	0.00	1.46	21.58	100.00	6.81	13.03	3482	11470	1594	0	0	0	0	0	16546	165.90	26.01	13.55	62.58	39.04	61.34	51.91	1.67	25.81	24.73
7/31/2023 10:22:29 AM	7.61	14.31	3.57	0.00	0.00	0.00	0.00	1.53	25.50	100.00	6.89	12.83	4033	14315	1607	0	0	0	0	0	19956	164.60	29.29	16.13	76.99	43.42	73.59	56.87	1.68	25.79	24.72
7/31/2023 10:22:32 AM	6.37	12.28	3.50	0.11	0.00	0.00	0.00	1.50	22.26	100.00	6.96	13.21	3377	12282	1573	3	0	0	0	0	17235	163.43	26.91	14.28	66.06	39.94	65.30	52.20	1.68	25.75	24.71
7/31/2023 10:22:34 AM	6.74	12.78	3.42	0.18	0.00	0.00	0.00	1.45	23.12	100.00	7.04	13.00	3573	12781	1538	5	0	0	0	0	17897	161.78	27.42	14.96	68.72	40.30	67.80	53.10	1.69	25.71	24.72
7/31/2023 10:22:37 AM	7.32	13.71	3.47	0.00	0.00	0.00	0.00	1.38	24.49	100.00	7.11	12.92	3881	13706	1559	0	0	0	0	0	19146	162.31	27.97	15.83	74.12	40.91	70.21	54.12	1.70	25.68	24.71
7/31/2023 10:22:39 AM	6.12	12.09	3.49	0.00	0.00	0.00	0.00	1.29	21.70	100.00	7.19	12.75	3242	12093	1572	0	0	0	0	0	16907	160.32	25.77	14.19	65.84	37.09	62.36	49.10	1.70	25.63	24.71
7/31/2023 10:22:41 AM	5.80	12.70	2.85	0.00	0.00	0.00	0.00	1.25	21.35	100.00	7.24	12.57	3074	12699	1284	0	0	0	0	0	17057	157.96	24.36	14.30	66.97	35.49	64.63	45.09	1.71	25.59	24.68
7/31/2023 10:22:44 AM	6.26	13.50	2.74	0.00	0.00	0.00	0.00	1.32	22.50	100.00	7.29	12.80	3317	13499	1235	0	0	0	0	0	18052	157.75	25.38	14.86	72.54	37.31	66.60	46.89	1.71	25.56	24.68
7/31/2023 10:22:46 AM	6.14	13.92	2.90	0.00	0.00	0.00	0.00	1.29	22.96	100.00	7.36	12.53	3256	13923	1304	0	0	0	0	0	18483	157.26	25.87	15.49	73.89	37.40	69.03	47.09	1.72	25.52	24.67
7/31/2023 10:22:48 AM	5.93	13.69	2.43	0.00	0.00	0.00	0.00	1.18	22.05	100.00	7.47	11.87	3145	13694	1091	0	0	0	0	0	17931	155.23	24.25	14.74	72.83	35.09	66.64	43.44	1.73	25.48	24.71
7/31/2023 10:22:51 AM	5.34	14.50	2.36	0.00	0.00	0.00	0.00	1.17	22.20	100.00	7.55	11.76	2830	14497	1064	0	0	0	0	0	18391	153.07	24.31	15.20	75.12	34.54	70.26	41.40	1.74	25.44	24.66
7/31/2023 10:22:53 AM	5.37	14.59	2.40	0.00	0.00	0.00	0.00	1.18	22.35	100.00	7.63	11.80	2845	14588	1079	0	0	0	0	0	18512	152.87	24.51	15.30	75.54	34.84	70.77	41.77	1.75	25.40	24.64
7/31/2023 10:22:56 AM	5.56	14.54	2.04	0.00	0.00	0.00	0.00	1.11	22.14	100.00	7.69	11.96	2947	14538	919	0	0	0	0	0	18404	152.19	23.70	14.68	76.11	33.81	69.29	40.26	1.75	25.36	24.61
7/31/2023 10:22:58 AM	5.93	15.14	1.81	0.00	0.00	0.00	0.00	1.10	22.88	99.56	7.77	12.15	3141	15143	814	0	0	0	0	0	19098	151.09	23.79	15.94	79.40	34.29	71.22	40.52	1.76	25.31	24.62
7/31/2023 10:23:00 AM	5.49	14.61	1.81	0.00	0.00	0.00	0.00	1.13	21.90	99.98	7.83	11.52	2908	14609	814	0	0	0	0	0	18331	151.73	23.17	14.74	76.13	33.50	69.27	39.13	1.77	25.25	24.59
7/31/2023 10:23:03 AM	5.16	14.40	2.01	0.00	0.00	0.00	0.00	1.14	21.56	99.28	7.86	10.58	2733	14398	904	0	0	0	0	0	18035	150.67	23.19	14.82	73.92	33.34	69.56	39.01	1.77	25.21	24.62
7/31/2023 10:23:05 AM	4.90	13.97	1.87	0.00	0.00	0.00	0.00	1.16	20.74	99.26	7.90	11.02	2596	13975	840	0	0	0	0	0	17410	150.64	22.44	14.27	72.00	32.63	67.07	37.57	1.77	25.17	24.56
7/31/2023 10:23:07 AM	5.05	14.32	1.83	0.00	0.00	0.00	0.00	1.14	21.20	99.39	7.99	11.50	2678	14324	822	0	0	0	0	0	17825	150.84	22.66	14.31	73.22	32.82	69.11	37.85	1.78	25.13	24.59
7/31/2023 10:23:10 AM	4.81	14.07	2.01	0.00	0.00	0.00	0.00	1.16	20.89	99.24	8.06	11.35	2550	14066	905	0	0	0	0	0	17521	150.60	22.71	14.33	71.22	32.81	68.88	37.99	1.79	25.08	24.53
7/31/2023 10:23:12 AM	5.12	13.49	1.83	0.00	0.00	0.00	0.00	1.12	20.44	98.98	8.13	11.03	2714	13494	822	0	0	0	0	0	17031	150.22	22.00	13.96	70.40	32.09	64.68	37.61	1.80	25.02	24.54
7/31/2023 10:23:15 AM	5.12	13.23	1.62	0.00	0.00	0.00	0.00	1.09	19.97	98.92	8.17	11.12	2715	13231	728	0	0	0	0	0	16675	150.13	21.24	13.34	68.86	31.26	63.53	36.41	1.80	24.97	24.59
7/31/2023 10:23:17 AM	5.20	13.25	1.62	0.00	0.00	0.00	0.00	1.08	20.07	98.81	8.21	11.87	2755	13255	729	0	0	0	0	0	16739	149.96	21.19	13.51	68.38	31.23	64.33	36.55	1.80	24.93	24.52
7/31/2023 10:23:19 AM	5.65	13.89	1.34	0.00	0.00	0.00	0.00	1.11	20.87	98.76	8.25	11.76	2994	13886	601	0	0	0	0	0	17481	149.88	21.55	13.95	73.12	32.20	65.21	37.18	1.81	24.88	24.56
7/31/2023 10:23:22 AM	5.18	13.61	1.69	0.00	0.00	0.00	0.00	1.12	20.48	98.95	8.28	11.30	2746	13608	762	0	0	0	0	0	17116	150.18	21.92	13.80	71.72	32.08	64.16	37.27	1.81	24.82	24.56
7/31/2023 10:23:24 AM	4.98	13.26	1.61	0.00	0.00	0.00	0.00	1.17	19.84	98.70	8.31	11.70	2638	13256	725	0	0	0	0	0	16618	149.79	21.31	13.39	68.53	31.82	63.91	36.52	1.81	24.78	24.49
7/31/2023 10:23:27 AM	4.84	12.59	1.42	0.00	0.00	0.00	0.00	1.13	18.85	98.92	8.34	12.12	2567	12586	638	0	0	0	0	0	15792	150.13	20.15	13.12	65.95	30.44	59.87	34.71	1.82	24.73	24.49
7/31/2023 10:23:29 AM	4.76	12.96	1.63	0.00	0.00	0.00	0.00	1.13	19.35	98.79	8.37	12.15	2523	12960	733	0	0	0	0	0	16216	149.93	20.86	12.89	66.51	30.93	63.05	35.50	1.82	24.68	24.43
7/31/2023 10:23:31 AM	4.94	12.99	1.42	0.00	0.00	0.00	0.00	1.14	19.35	98.17	8.40	12.06	2618	12985	640	0	0	0	0	0	16243	148.99	20.66	12.92	68.20	30.99	61.35	35.25	1.82	24.63	24.47
7/31/2023 10:23:34 AM	4.94	13.19	1.09	0.00	0.00	0.00	0.00	1.18	19.23	98.56	8.48	11.14	2620	13195	489	0	0	0	0	0	16304	149.57	20.07	13.23	68.44	30.96	62.26	34.16	1.83	24.57	24.43
7/31/2023 10:23:36 AM	4.91	13.90	1.12	0.00	0.00	0.00	0.00	1.24	19.92	98.22	8.52	10.26	2601	13899	503	0	0	0	0	0	17002	149.06	20.91	13.61	71.90	32.10	65.03	34.88	1.84	24.53	24.37
7/31/2023 10:23:38 AM	4.78	13.73	1.32	0.00	0.00	0.00	0.00	1.17	19.83	97.92	8.61	10.45	2531	13731	594	0	0	0	0	0	16856	148.61	20.92	13.89	70.76	31.43	64.79	34.76	1.84	24.46	24.46
7/31/2023 10:23:41 AM	4.50	13.66	1.31	0.00	0.00	0.00	0.00	1.18	19.47	97.57	8.67	10.62	2385	13660	590	0	0	0	0	0	16635	148.07	20.64	13.71	69.58	31.01	64.93	33.86	1.85	24.42	24.41
7/31/2023 10:23:43 AM	4.73	13.56	0.93	0.00	0.00	0.00	0.00	1.17	19.22	97.56	8.72	10.90	2504	13564	420	0	0	0	0	0	16488	148.07	19.89	13.16	70.03	30.51	63.21	32.78	1.85	24.37	24.42
7/31/2023 10:23:46 AM	4.83	14.52	0.97	0.00	0.00	0.00	0.00	1.17	20.31	97.13	8.82	10.57	2557	14516	438	0	0	0	0	0	17511	147.40	20.81	14.35	74.56	31.46	67.17	33.60	1.86	24.32	24.31
7/31/2023 10:23:48 AM	4.87	14.99	0.92	0.00	0.00	0.00	0.00	1.17	20.77	96.59	8.86	10.36	2579	14985	413	0	0	0	0	0	17978	146.59	21.10	14.52	76.37	31.85	69.47	33.72	1.87	24.26	24.30
7/31/2023 10:23:50 AM	4.04	14.63	1.24	0.00	0.00	0.00	0.00	1.15	19.91	97.02	8.91	10.57	2139	14635	559	0	0	0	0	0	17333	147.25	20.95	14.18	73.32	30.72	68.78	32.20	1.87	24.22	24.27
7/31/2023 10:23:53 AM	4.44	15.52	0.99	0.00	0.00	0.00	0.00	1.11	20.95	96.89	8.96	10.63	2353	15522	447	0	0	0	0	0	18322	147.05	21.35	15.12	79.07	31.14	70.74	32.34	1.88	24.17	24.25
7/31/2023 10:23:55 AM	4.13	14.99	1.15	0.00	0.00	0.00	0.00	1.16	20.27	96.80	9.06	10.31	2187	14992	517	0	0	0	0	0	17695	146.91	21.05	14.61	74.67	31.00	70.50	32.24	1.89	24.11	24.28
7/31/2023 10:23:57 AM	4.64	16.30	0.76	0.00	0.00	0.00	0.00	1.15	21.69	96.07	9.14	9.73	2458	16295	342	0	0	0	0	0	19095	145.80	21.64	15.31	81.95	32.03	74.60	32.56	1.90	24.02	24.25
7/31/2023 10:24:00 AM	4.76	18.01	0.57	0.00	0.00	0.00	0.00	1.11	23.34	95.87	9.22	9.62	2522	18013	257	0	0	0	0	0	20792	145.49	22.58	16.99	90.13	32.71	81.06	32.31	1.90	24.00	24.20
7/31/2023 10:24:02 AM	4.70	19.23	0.47	0.00	0.00	0.00	0.00	1.12	24.40	95.31	9.31	9.88	2492	19229	212	0	0	0	0	0	21934	144.65	23.32	17.67	95.01	33.44	86.57	32.16	1.91	23.93	24.18
7/31/2023 10:24:05 AM	4.64	20.44	0.42	0.00	0.00	0.00	0.00	1.13	25.49	95.06	9.36	9.99	2457	20436	190	0	0	0	0	0	23083	144.26	24.25	18.38	100.48	34.36	91.46	32.28	1.92	23.86	24.26
7/31/2023 10:24:07 AM	4.57	21.38	0.86	0.00	0.00	0.00	0.00	1.12	26.81	94.72	9.48	9.75	2423	21383	385	0	0	0	0	0	24191	143.75	25.91	19.76	104.51	35.63	96.44	34.23	1.93	23.81	24.25
7/31/2023 10:24:09 AM	4.57	22.14	0.69	0.00	0.00	0.00	0.00	1.12	27.40	94.72	9.53	9.47	2420	22144	309	0	0	0	0	0	24873	143.74	26.24	20.16	108.91	35.90	98.28	33.70	1.93	23.76	24.07
7/31/2023 10:24:12 AM	4.81	22.28	0.64	0.00	0.00	0.00	0.00	1.07	27.73	94.31	9.59	9.44	2549	22279	287	0	0	0	0	0	25115	143.12	26.24	20.70	110.12	35.70	98.39	33.85	1.94	23.71	24.10
7/31/2023 10:24:14 AM	4.57	22.39	0.88	0.00	0.00	0.00	0.00	1.10	27.84	94.28	9.66	9.82	2421	22394	396	0	0	0	0	0	25211	143.08	26.87	20.68	110.67	36.21	99.01	34.45	1.95	23.63	24.16
7/31/2023 10:24:17 AM	5.50	23.06	0.00	0.00	0.00	0.00	0.00	1.05	28.55	94.22	9.73	10.13	2914	23056	0	0	0	0	0	0	25970	143.00	25.86	20.42	115.48	36.06	99.64	33.36	1.95	23.59	24.11
7/31/2023 10:24:19 AM	5.27	23.67	0.14	0.00	0.00	0.00	0.00	1.11	29.09	94.62	9.78	10.15	2795	23675	65	0	0	0	0	0	26534	143.60	26.74	20.99	117.05	37.03	103.51	33.98	1.96	23.52	24.13
7/31/2023 10:24:21 AM	4.75	23.87	0.64	0.00	0.00	0.00	0.00	1.13	29.26	93.95	9.83	10.26	2518	23871	287	0	0	0	0	0	26676	142.58	27.78	21.81	118.13	37.45	104.22	34.66	1.96	23.48	24.06
7/31/2023 10:24:24 AM	4.80	23.32	0.47	0.00	0.00	0.00	0.00	1.15	28.59	93.77	9.89	10.52	2547	23319	212	0	0	0	0	0	26077	142.31	26.99	21.02	115.10	37.00	102.26	34.07	1.97	23.43	23.98
7/31/2023 10:24:26 AM	4.92	23.96	0.57	0.00	0.00	0.00	0.00	1.15	29.46	93.51	9.88	10.72	2607	23964	259	0	0	0	0	0	26829	141.91	27.78	21.49	117.21	37.87	106.28	35.17	1.97	23.36	24.03
7/31/2023 10:24:28 AM	4.87	24.81	0.96	0.00	0.00	0.00	0.00	1.16	30.64	93.04	9.85	10.37	2582	24807	431	0	0	0	0	0	27820	141.20	29.42	22.24	121.55	39.23	110.04	37.09	1.97	23.31	24.00
