Date/Time	Green Algae	Bluegreen	Diatoms	Cryptophyta	#5	#6	#7	Yellow substances	Total conc.	Transmission	Depth	Temp. Sample	Green Algae	Bluegreen	Diatoms	Cryptophyta	#5	#6	#7	Yellow substances	Total cell count	Trans. 700 nm	LED 3 [525 nm]	LED 4 [570 nm]	LED 5 [610 nm]	LED 6 [370 nm]	LED 7 [590 nm]	LED 8 [470 nm]	Pressure	Temp. LEDs	Temp. Sensor
date	µg/l	µg/l	µg/l	µg/l	µg/l	µg/l	µg/l	r.u.	µg/l	%	m	°C	cells/ml	cells/ml	cells/ml	cells/ml	cells/ml	cells/ml	cells/ml	r.u.	cells/ml	digits	digits	digits	digits	digits	digits	digits	bar	°C	°C
10/24/2023 2:17:11 PM	12.86	1.90	13.48	0.00	0.00	0.00	0.00	1.22	28.24	100.00	0.00	14.48	6815	1903	6066	0	0	0	0	0	14784	173.83	45.08	10.98	35.54	55.40	36.03	110.79	1.00	15.94	15.82
10/24/2023 2:17:14 PM	13.47	1.92	14.12	0.00	0.00	0.00	0.00	1.07	29.51	100.00	0.09	14.48	7140	1922	6352	0	0	0	0	0	15414	173.42	46.69	10.55	36.84	55.85	37.21	114.37	1.01	15.98	15.83
10/24/2023 2:17:16 PM	12.70	1.64	13.21	0.00	0.00	0.00	0.00	1.13	27.55	100.00	0.10	14.48	6731	1639	5944	0	0	0	0	0	14314	173.89	43.91	9.94	33.54	53.57	34.92	108.27	1.01	16.01	15.86
10/24/2023 2:17:18 PM	12.82	1.89	14.48	0.00	0.00	0.00	0.00	1.28	29.19	100.00	0.20	14.49	6795	1889	6517	0	0	0	0	0	15202	174.35	47.63	10.69	35.91	57.65	37.81	115.56	1.02	16.04	15.84
10/24/2023 2:17:21 PM	13.14	1.75	14.86	0.00	0.00	0.00	0.00	1.20	29.76	100.00	0.24	14.51	6965	1752	6688	0	0	0	0	0	15406	173.85	48.48	10.87	36.60	57.92	37.11	117.62	1.02	16.08	15.86
10/24/2023 2:17:23 PM	12.92	1.82	14.55	0.00	0.00	0.00	0.00	1.23	29.29	100.00	0.28	14.59	6847	1820	6546	0	0	0	0	0	15213	173.57	47.67	11.05	36.32	57.35	36.93	115.73	1.03	16.11	15.83
10/24/2023 2:17:25 PM	13.53	1.76	14.42	0.00	0.00	0.00	0.00	1.13	29.71	100.00	0.33	14.61	7173	1759	6489	0	0	0	0	0	15421	173.78	47.45	10.59	36.13	56.99	37.34	116.37	1.03	16.15	15.89
10/24/2023 2:17:28 PM	12.13	1.61	13.70	0.00	0.00	0.00	0.00	1.11	27.44	100.00	0.35	14.73	6431	1606	6165	0	0	0	0	0	14202	174.13	44.66	10.04	33.32	53.34	34.90	108.42	1.03	16.17	15.84
10/24/2023 2:17:30 PM	12.78	1.74	12.48	0.00	0.00	0.00	0.00	1.09	27.00	100.00	0.40	14.80	6773	1737	5616	0	0	0	0	0	14126	173.37	42.22	9.85	33.73	52.11	34.10	105.01	1.04	16.22	15.92
10/24/2023 2:17:33 PM	12.58	1.81	12.34	0.00	0.00	0.00	0.00	1.01	26.73	100.00	0.42	14.74	6670	1808	5554	0	0	0	0	0	14032	173.83	41.59	9.62	33.27	50.80	34.53	103.16	1.04	16.21	16.12
10/24/2023 2:17:35 PM	12.12	1.71	11.95	0.00	0.00	0.00	0.00	1.02	25.78	100.00	0.45	14.66	6423	1712	5377	0	0	0	0	0	13513	174.03	40.36	9.40	32.41	49.55	32.92	100.02	1.04	16.28	15.87
10/24/2023 2:17:37 PM	11.65	1.52	11.69	0.12	0.00	0.00	0.00	0.97	24.99	100.00	0.49	14.68	6174	1523	5262	4	0	0	0	0	12962	174.24	39.46	9.66	30.58	47.98	32.44	97.45	1.05	16.30	15.98
10/24/2023 2:17:40 PM	12.03	1.65	13.47	0.00	0.00	0.00	0.00	1.03	27.15	100.00	0.49	14.74	6375	1651	6061	0	0	0	0	0	14086	174.60	43.86	10.11	33.13	52.06	34.71	106.47	1.05	16.33	15.91
10/24/2023 2:17:42 PM	14.53	1.99	16.09	0.00	0.00	0.00	0.00	1.29	32.61	100.00	0.54	14.70	7702	1987	7239	0	0	0	0	0	16928	173.72	52.72	11.24	40.07	63.08	40.80	128.28	1.05	16.37	16.01
10/24/2023 2:17:45 PM	14.96	2.20	17.24	0.00	0.00	0.00	0.00	1.45	34.39	100.00	0.58	14.61	7927	2200	7756	0	0	0	0	0	17883	173.37	56.29	12.22	42.57	67.45	43.43	136.05	1.06	16.40	15.99
10/24/2023 2:17:47 PM	14.89	2.13	17.50	0.00	0.00	0.00	0.00	1.44	34.52	100.00	0.67	14.56	7891	2132	7875	0	0	0	0	0	17898	173.48	56.81	12.29	42.68	67.61	43.14	136.86	1.07	16.43	16.01
10/24/2023 2:17:49 PM	15.43	2.22	18.16	0.00	0.00	0.00	0.00	1.49	35.82	100.00	0.70	14.58	8180	2225	8171	0	0	0	0	0	18575	173.22	59.00	12.28	44.60	70.10	44.43	141.93	1.07	16.46	15.97
10/24/2023 2:17:52 PM	15.60	2.21	18.06	0.00	0.00	0.00	0.00	1.59	35.86	100.00	0.69	14.40	8266	2210	8127	0	0	0	0	0	18602	173.53	59.08	12.67	44.62	71.22	44.40	142.85	1.07	16.48	16.03
10/24/2023 2:17:54 PM	14.79	2.11	17.19	0.00	0.00	0.00	0.00	1.42	34.10	100.00	0.80	14.06	7840	2115	7735	0	0	0	0	0	17689	173.27	55.98	12.07	42.42	66.77	42.41	135.04	1.08	16.51	16.04
10/24/2023 2:17:56 PM	14.65	2.09	16.33	0.00	0.00	0.00	0.00	1.39	33.08	100.00	0.84	13.97	7766	2095	7349	0	0	0	0	0	17209	173.60	53.70	11.75	41.08	64.72	41.50	130.53	1.08	16.52	16.08
10/24/2023 2:17:59 PM	14.61	2.03	16.65	0.00	0.00	0.00	0.00	1.34	33.29	100.00	0.90	14.06	7745	2031	7493	0	0	0	0	0	17269	173.22	54.24	12.15	41.15	64.69	41.36	131.42	1.09	16.57	16.07
10/24/2023 2:18:01 PM	15.11	2.09	16.05	0.00	0.00	0.00	0.00	1.35	33.26	100.00	0.91	14.11	8011	2088	7224	0	0	0	0	0	17323	173.45	53.21	11.76	41.38	64.48	41.27	130.46	1.09	16.57	16.07
10/24/2023 2:18:04 PM	14.96	2.06	15.60	0.00	0.00	0.00	0.00	1.28	32.62	100.00	0.97	14.10	7929	2057	7020	0	0	0	0	0	17006	173.00	51.80	11.41	40.25	62.77	40.87	127.42	1.10	16.61	16.09
10/24/2023 2:18:06 PM	15.39	2.08	16.03	0.00	0.00	0.00	0.00	1.22	33.50	100.00	1.01	14.08	8156	2075	7215	0	0	0	0	0	17446	173.70	52.93	11.92	41.08	63.54	41.72	130.25	1.10	16.62	16.18
10/24/2023 2:18:08 PM	14.98	2.07	16.56	0.00	0.00	0.00	0.00	1.36	33.61	100.00	1.04	14.05	7940	2067	7453	0	0	0	0	0	17460	173.13	54.33	12.02	41.52	65.25	41.79	132.34	1.10	16.64	16.12
10/24/2023 2:18:11 PM	15.24	2.05	16.45	0.00	0.00	0.00	0.00	1.34	33.74	100.00	1.09	14.04	8077	2051	7403	0	0	0	0	0	17530	173.30	54.15	12.02	41.27	65.29	42.10	132.59	1.11	16.67	16.12
10/24/2023 2:18:13 PM	15.06	1.96	16.43	0.00	0.00	0.00	0.00	1.33	33.45	100.00	1.11	14.04	7983	1960	7394	0	0	0	0	0	17337	173.21	53.91	11.57	40.62	64.79	41.66	131.79	1.11	16.69	16.14
10/24/2023 2:18:15 PM	15.55	2.18	16.96	0.00	0.00	0.00	0.00	1.44	34.68	100.00	1.15	14.07	8241	2177	7630	0	0	0	0	0	18049	173.83	55.93	12.48	43.05	67.69	43.08	136.62	1.11	16.70	16.16
10/24/2023 2:18:18 PM	15.89	2.21	17.67	0.00	0.00	0.00	0.00	1.46	35.77	100.00	1.20	14.12	8422	2211	7953	0	0	0	0	0	18586	173.40	57.92	13.06	44.19	69.66	44.30	141.07	1.12	16.73	16.17
10/24/2023 2:18:20 PM	16.35	2.10	17.33	0.00	0.00	0.00	0.00	1.37	35.78	100.00	1.22	14.13	8665	2098	7799	0	0	0	0	0	18562	173.51	57.08	12.31	43.62	68.68	43.93	140.25	1.12	16.75	16.18
10/24/2023 2:18:23 PM	15.67	2.17	17.56	0.00	0.00	0.00	0.00	1.36	35.41	100.00	1.25	14.11	8308	2171	7903	0	0	0	0	0	18382	173.32	57.27	12.37	43.67	68.06	43.85	139.03	1.12	16.77	16.20
10/24/2023 2:18:25 PM	15.81	2.19	17.65	0.00	0.00	0.00	0.00	1.39	35.65	100.00	1.30	14.04	8378	2187	7944	0	0	0	0	0	18509	173.35	57.62	12.78	43.84	68.73	44.22	140.12	1.13	16.78	16.17
10/24/2023 2:18:27 PM	15.91	2.04	17.26	0.00	0.00	0.00	0.00	1.35	35.21	100.00	1.32	13.98	8433	2040	7765	0	0	0	0	0	18238	173.64	56.50	12.41	42.63	67.72	43.48	138.36	1.13	16.80	16.18
10/24/2023 2:18:30 PM	15.43	2.13	17.31	0.00	0.00	0.00	0.00	1.44	34.87	100.00	1.34	14.02	8177	2133	7789	0	0	0	0	0	18099	173.59	56.67	12.47	43.06	68.08	43.23	137.77	1.13	16.83	16.18
10/24/2023 2:18:32 PM	16.61	2.06	17.09	0.00	0.00	0.00	0.00	1.34	35.75	100.00	1.38	14.08	8801	2062	7689	0	0	0	0	0	18552	173.27	56.54	12.26	43.49	68.31	43.64	139.75	1.14	16.84	16.20
10/24/2023 2:18:34 PM	15.79	2.03	16.74	0.00	0.00	0.00	0.00	1.41	34.56	100.00	1.43	14.12	8370	2033	7532	0	0	0	0	0	17935	173.38	55.38	11.88	42.30	67.20	42.56	136.13	1.14	16.85	16.20
10/24/2023 2:18:37 PM	14.96	2.15	16.77	0.00	0.00	0.00	0.00	1.46	33.89	100.00	1.50	14.10	7929	2154	7547	0	0	0	0	0	17630	173.76	55.20	11.93	42.20	66.73	42.44	134.08	1.15	16.88	16.23
10/24/2023 2:18:39 PM	14.88	2.13	16.65	0.00	0.00	0.00	0.00	1.42	33.67	100.00	1.53	14.04	7888	2134	7494	0	0	0	0	0	17516	173.86	54.77	11.68	42.00	65.97	42.06	132.96	1.15	16.88	16.27
10/24/2023 2:18:42 PM	14.88	2.09	17.01	0.00	0.00	0.00	0.00	1.48	33.97	100.00	1.57	14.05	7886	2089	7653	0	0	0	0	0	17628	173.24	55.74	11.72	41.92	67.20	42.58	135.01	1.15	16.91	16.29
10/24/2023 2:18:44 PM	15.66	1.99	16.66	0.00	0.00	0.00	0.00	1.38	34.31	100.00	1.64	14.06	8301	1993	7496	0	0	0	0	0	17790	173.38	55.10	11.43	42.37	66.63	41.76	135.15	1.16	16.93	16.27
10/24/2023 2:18:46 PM	15.25	2.16	15.94	0.00	0.00	0.00	0.00	1.41	33.34	100.00	1.71	13.94	8082	2155	7171	0	0	0	0	0	17408	173.22	53.26	11.63	41.82	65.21	41.49	130.92	1.17	16.94	16.24
10/24/2023 2:18:49 PM	14.31	1.89	15.42	0.00	0.00	0.00	0.00	1.35	31.63	100.00	1.81	13.88	7582	1895	6941	0	0	0	0	0	16418	173.51	51.08	10.79	38.79	62.18	39.60	125.09	1.18	16.96	16.29
10/24/2023 2:18:51 PM	14.31	2.06	15.39	0.00	0.00	0.00	0.00	1.34	31.76	100.00	1.87	13.87	7584	2064	6925	0	0	0	0	0	16573	173.92	51.14	10.81	39.92	62.07	39.84	124.85	1.18	16.96	16.28
10/24/2023 2:18:54 PM	14.38	1.98	14.68	0.00	0.00	0.00	0.00	1.33	31.04	100.00	1.96	13.91	7621	1982	6606	0	0	0	0	0	16209	173.88	49.36	10.77	38.72	60.87	38.92	121.91	1.19	16.97	16.32
10/24/2023 2:18:56 PM	13.69	2.04	14.12	0.00	0.00	0.00	0.00	1.34	29.85	100.00	2.05	13.91	7256	2039	6352	0	0	0	0	0	15647	173.89	47.71	10.42	38.17	59.05	37.62	117.29	1.20	17.00	16.30
10/24/2023 2:18:58 PM	13.68	1.99	13.71	0.00	0.00	0.00	0.00	1.29	29.38	100.00	2.14	13.89	7250	1988	6171	0	0	0	0	0	15408	173.55	46.56	10.06	37.41	57.78	37.04	115.05	1.21	17.00	16.34
10/24/2023 2:19:01 PM	13.40	1.86	13.54	0.00	0.00	0.00	0.00	1.29	28.80	100.00	2.23	13.85	7100	1861	6094	0	0	0	0	0	15055	173.68	45.89	9.85	36.60	56.98	35.89	113.34	1.22	17.03	16.34
10/24/2023 2:19:03 PM	13.32	1.71	13.55	0.00	0.00	0.00	0.00	1.18	28.57	100.00	2.30	13.80	7057	1706	6098	0	0	0	0	0	14862	174.21	45.45	9.57	35.62	55.66	35.31	112.21	1.23	17.04	16.32
10/24/2023 2:19:05 PM	13.41	1.56	12.88	0.00	0.00	0.00	0.00	1.20	27.85	100.00	2.35	13.80	7106	1562	5798	0	0	0	0	0	14466	173.97	43.78	9.33	34.03	54.67	34.41	109.63	1.23	17.05	16.35
10/24/2023 2:19:08 PM	13.57	1.82	12.81	0.00	0.00	0.00	0.00	1.20	28.20	100.00	2.42	13.81	7194	1816	5765	0	0	0	0	0	14775	173.94	43.96	9.36	35.66	54.96	35.12	109.90	1.24	17.05	16.37
10/24/2023 2:19:10 PM	13.69	1.90	13.34	0.00	0.00	0.00	0.00	1.28	28.92	100.00	2.47	13.84	7255	1896	6001	0	0	0	0	0	15152	174.01	45.54	9.85	36.50	56.96	36.36	113.30	1.24	17.06	16.32
10/24/2023 2:19:13 PM	13.49	1.90	12.82	0.00	0.00	0.00	0.00	1.20	28.21	100.00	2.53	13.90	7151	1900	5768	0	0	0	0	0	14818	173.68	44.00	9.34	35.94	54.93	35.47	109.71	1.25	17.08	16.34
10/24/2023 2:19:15 PM	14.28	1.71	12.84	0.00	0.00	0.00	0.00	1.15	28.83	100.00	2.61	13.93	7568	1712	5779	0	0	0	0	0	15060	174.07	44.26	9.51	35.95	55.50	35.11	111.92	1.26	17.09	16.32
10/24/2023 2:19:17 PM	13.35	1.78	13.11	0.00	0.00	0.00	0.00	1.23	28.24	100.00	2.66	13.89	7078	1776	5900	0	0	0	0	0	14753	173.81	44.56	9.52	35.33	55.44	35.40	110.75	1.26	17.10	16.38
10/24/2023 2:19:20 PM	13.78	1.87	13.31	0.00	0.00	0.00	0.00	1.20	28.96	100.00	2.73	13.91	7302	1867	5990	0	0	0	0	0	15159	173.61	45.34	9.76	36.84	56.18	35.76	112.79	1.27	17.11	16.37
10/24/2023 2:19:22 PM	13.61	1.59	12.67	0.00	0.00	0.00	0.00	1.16	27.86	100.00	2.78	13.92	7214	1586	5700	0	0	0	0	0	14500	173.91	43.35	9.08	34.54	54.21	33.96	109.01	1.27	17.12	16.37
10/24/2023 2:19:24 PM	13.29	1.52	12.87	0.00	0.00	0.00	0.00	1.16	27.67	100.00	2.84	13.83	7043	1516	5791	0	0	0	0	0	14350	173.96	43.57	9.04	33.88	54.05	33.91	108.86	1.28	17.12	16.40
10/24/2023 2:19:27 PM	13.32	1.44	12.60	0.00	0.00	0.00	0.00	1.13	27.36	100.00	2.88	13.79	7059	1438	5670	0	0	0	0	0	14167	173.85	42.79	8.95	33.29	53.26	33.26	107.49	1.28	17.15	16.40
10/24/2023 2:19:29 PM	12.98	1.50	13.04	0.00	0.00	0.00	0.00	1.18	27.51	100.00	2.92	13.81	6878	1496	5868	0	0	0	0	0	14242	174.21	43.80	9.46	33.78	54.10	33.62	108.76	1.29	17.15	16.38
10/24/2023 2:19:32 PM	13.28	1.48	12.80	0.00	0.00	0.00	0.00	1.16	27.56	100.00	2.98	13.83	7037	1479	5761	0	0	0	0	0	14277	172.87	43.38	9.02	33.78	53.89	33.51	108.51	1.29	17.16	16.39
10/24/2023 2:19:34 PM	13.27	1.39	12.87	0.00	0.00	0.00	0.00	1.12	27.53	100.00	3.06	13.82	7031	1393	5792	0	0	0	0	0	14217	173.91	43.37	8.93	33.40	53.54	33.25	108.45	1.30	17.16	16.44
10/24/2023 2:19:36 PM	13.00	1.51	12.38	0.00	0.00	0.00	0.00	1.12	26.89	100.00	3.11	13.81	6889	1515	5569	0	0	0	0	0	13973	173.79	42.12	8.72	33.18	52.39	33.04	105.43	1.30	17.18	16.44
10/24/2023 2:19:39 PM	12.66	1.43	12.43	0.00	0.00	0.00	0.00	1.13	26.52	100.00	3.13	13.77	6712	1429	5594	0	0	0	0	0	13734	173.94	42.01	8.57	32.53	52.03	32.51	104.64	1.31	17.18	16.42
10/24/2023 2:19:41 PM	13.07	1.58	12.48	0.00	0.00	0.00	0.00	1.11	27.14	100.00	3.19	13.75	6929	1584	5618	0	0	0	0	0	14131	173.93	42.48	8.62	33.62	52.67	33.59	106.12	1.31	17.20	16.43
10/24/2023 2:19:44 PM	13.09	1.47	12.65	0.00	0.00	0.00	0.00	1.14	27.20	100.00	3.21	13.74	6938	1467	5691	0	0	0	0	0	14096	174.13	42.83	8.96	33.45	53.15	33.06	107.06	1.31	17.20	16.44
10/24/2023 2:19:46 PM	12.51	1.54	11.84	0.00	0.00	0.00	0.00	1.13	25.90	100.00	3.31	13.72	6632	1541	5329	0	0	0	0	0	13502	173.70	40.59	8.53	32.49	50.85	32.00	101.57	1.32	17.20	16.47
10/24/2023 2:19:48 PM	12.71	1.45	11.93	0.00	0.00	0.00	0.00	1.09	26.09	100.00	3.30	13.72	6738	1447	5369	0	0	0	0	0	13554	174.19	40.73	8.56	32.06	50.87	32.10	102.30	1.32	17.21	16.48
10/24/2023 2:19:51 PM	12.47	1.67	11.95	0.00	0.00	0.00	0.00	1.09	26.09	100.00	3.38	13.73	6608	1665	5380	0	0	0	0	0	13652	173.85	40.85	8.73	33.24	50.71	32.43	101.66	1.33	17.22	16.47
10/24/2023 2:19:53 PM	12.97	1.44	11.90	0.00	0.00	0.00	0.00	1.10	26.31	100.00	3.43	13.72	6874	1443	5355	0	0	0	0	0	13672	174.24	40.85	8.48	32.51	51.23	31.99	103.02	1.34	17.23	16.48
10/24/2023 2:19:55 PM	12.07	1.48	12.33	0.00	0.00	0.00	0.00	1.12	25.87	100.00	3.50	13.73	6396	1479	5547	0	0	0	0	0	13422	174.26	41.39	8.70	31.94	50.99	32.29	102.25	1.34	17.23	16.50
10/24/2023 2:19:58 PM	13.70	1.57	11.96	0.00	0.00	0.00	0.00	1.08	27.23	100.00	3.56	13.73	7263	1571	5382	0	0	0	0	0	14216	173.68	41.55	8.75	34.38	52.31	32.55	105.54	1.35	17.25	16.49
10/24/2023 2:20:00 PM	12.91	1.40	12.08	0.00	0.00	0.00	0.00	1.11	26.38	100.00	3.60	13.74	6842	1397	5435	0	0	0	0	0	13674	174.13	41.20	8.65	32.07	51.56	32.33	103.72	1.35	17.25	16.48
10/24/2023 2:20:03 PM	12.25	1.45	12.03	0.00	0.00	0.00	0.00	1.14	25.74	100.00	3.69	13.77	6494	1453	5414	0	0	0	0	0	13360	173.54	40.86	8.33	31.99	50.88	31.73	101.64	1.36	17.26	16.49
10/24/2023 2:20:05 PM	13.03	1.38	11.67	0.00	0.00	0.00	0.00	1.05	26.08	100.00	3.74	13.79	6904	1382	5253	0	0	0	0	0	13540	174.43	40.19	8.24	32.03	50.45	31.54	101.85	1.37	17.26	16.52
10/24/2023 2:20:07 PM	12.52	1.46	11.10	0.00	0.00	0.00	0.00	1.04	25.08	100.00	3.81	13.77	6638	1461	4994	0	0	0	0	0	13093	174.34	38.50	8.20	31.09	48.69	31.07	97.64	1.37	17.26	16.49
10/24/2023 2:20:10 PM	11.90	1.53	11.19	0.00	0.00	0.00	0.00	1.06	24.62	100.00	3.89	13.76	6308	1532	5035	0	0	0	0	0	12875	174.09	38.46	7.98	30.86	48.16	31.12	96.19	1.38	17.28	16.50
10/24/2023 2:20:12 PM	11.66	1.40	10.83	0.00	0.00	0.00	0.00	1.05	23.89	100.00	3.97	13.77	6179	1404	4871	0	0	0	0	0	12455	174.73	37.31	7.92	29.95	47.00	29.69	93.68	1.39	17.27	16.53
10/24/2023 2:20:14 PM	12.01	1.45	11.06	0.00	0.00	0.00	0.00	1.04	24.52	100.00	4.05	13.75	6365	1451	4977	0	0	0	0	0	12793	174.15	38.12	8.02	30.85	47.87	30.27	95.80	1.40	17.28	16.53
10/24/2023 2:20:17 PM	11.98	1.35	10.81	0.00	0.00	0.00	0.00	1.01	24.14	100.00	4.16	13.72	6348	1350	4863	0	0	0	0	0	12562	174.29	37.32	7.80	30.04	46.95	29.59	94.26	1.41	17.30	16.52
10/24/2023 2:20:19 PM	11.37	1.40	10.11	0.00	0.00	0.00	0.00	1.04	22.88	100.00	4.27	13.70	6028	1396	4548	0	0	0	0	0	11972	174.32	35.37	7.72	28.93	45.25	28.62	89.51	1.42	17.30	16.52
10/24/2023 2:20:22 PM	11.36	1.31	10.64	0.00	0.00	0.00	0.00	1.06	23.30	100.00	4.38	13.68	6019	1307	4786	0	0	0	0	0	12112	174.13	36.60	7.69	28.96	46.23	28.94	91.88	1.43	17.30	16.54
10/24/2023 2:20:24 PM	11.01	1.45	10.04	0.00	0.00	0.00	0.00	1.04	22.50	100.00	4.47	13.68	5834	1449	4520	0	0	0	0	0	11802	174.30	35.05	7.44	28.62	44.63	28.68	88.06	1.44	17.31	16.50
10/24/2023 2:20:26 PM	11.00	1.43	10.09	0.00	0.00	0.00	0.00	1.03	22.52	100.00	4.55	13.67	5830	1427	4542	0	0	0	0	0	11799	174.22	35.14	7.55	28.80	44.65	28.36	88.21	1.45	17.31	16.57
10/24/2023 2:20:29 PM	10.64	1.43	9.40	0.00	0.00	0.00	0.00	1.04	21.47	100.00	4.63	13.65	5637	1434	4230	0	0	0	0	0	11301	174.10	33.27	7.32	27.80	43.02	27.35	84.04	1.45	17.32	16.60
10/24/2023 2:20:31 PM	10.78	1.39	9.10	0.00	0.00	0.00	0.00	1.03	21.27	100.00	4.71	13.66	5715	1387	4095	0	0	0	0	0	11197	174.45	32.57	7.15	27.35	42.54	27.00	83.07	1.46	17.33	16.60
10/24/2023 2:20:34 PM	10.45	1.60	9.14	0.00	0.00	0.00	0.00	1.03	21.19	100.00	4.78	13.69	5540	1596	4113	0	0	0	0	0	11249	174.27	32.63	7.43	28.00	42.36	27.68	82.30	1.47	17.32	16.57
10/24/2023 2:20:36 PM	10.86	1.40	9.26	0.00	0.00	0.00	0.00	0.98	21.52	100.00	4.86	13.70	5755	1404	4167	0	0	0	0	0	11326	174.53	32.87	7.39	27.72	42.45	27.15	83.64	1.48	17.33	16.58
10/24/2023 2:20:38 PM	11.42	1.40	9.21	0.00	0.00	0.00	0.00	0.96	22.03	100.00	4.91	13.64	6051	1400	4145	0	0	0	0	0	11596	174.23	33.06	7.44	28.34	42.99	27.31	85.08	1.48	17.34	16.59
10/24/2023 2:20:41 PM	11.50	1.41	8.96	0.00	0.00	0.00	0.00	0.97	21.88	100.00	4.97	13.61	6097	1408	4033	0	0	0	0	0	11539	174.45	32.56	7.42	28.25	42.82	27.10	84.36	1.49	17.35	16.64
10/24/2023 2:20:43 PM	11.39	1.41	8.73	0.00	0.00	0.00	0.00	0.95	21.53	100.00	5.03	13.62	6038	1406	3929	0	0	0	0	0	11372	174.50	31.84	7.15	27.60	41.96	27.06	82.76	1.49	17.36	16.64
10/24/2023 2:20:45 PM	10.90	1.32	8.29	0.00	0.00	0.00	0.00	0.95	20.51	100.00	5.10	13.63	5777	1317	3731	0	0	0	0	0	10826	174.53	30.40	6.96	26.29	40.43	25.82	79.21	1.50	17.36	16.55
10/24/2023 2:20:48 PM	10.39	1.40	7.87	0.00	0.00	0.00	0.00	0.97	19.65	100.00	5.18	13.65	5504	1399	3540	0	0	0	0	0	10443	174.67	29.21	6.69	25.72	39.27	25.39	75.89	1.51	17.36	16.60
10/24/2023 2:20:50 PM	10.15	1.27	7.42	0.00	0.00	0.00	0.00	0.93	18.84	100.00	5.22	13.64	5381	1268	3338	0	0	0	0	0	9987	174.29	27.76	6.28	24.18	37.64	24.43	72.80	1.51	17.36	16.58
10/24/2023 2:20:53 PM	9.35	1.36	6.60	0.00	0.00	0.00	0.00	0.91	17.31	100.00	5.24	13.66	4954	1359	2970	0	0	0	0	0	9283	174.25	25.33	6.00	23.04	34.98	23.26	66.49	1.51	17.35	16.60
10/24/2023 2:20:55 PM	9.67	1.30	6.52	0.00	0.00	0.00	0.00	0.89	17.48	100.00	5.29	13.67	5125	1295	2932	0	0	0	0	0	9352	174.53	25.23	5.93	22.94	35.06	23.16	67.00	1.52	17.36	16.57
10/24/2023 2:20:57 PM	9.48	1.23	6.28	0.00	0.00	0.00	0.00	0.86	17.00	100.00	5.35	13.67	5025	1234	2828	0	0	0	0	0	9087	174.11	24.41	5.72	22.08	34.03	22.66	65.11	1.52	17.36	16.60
10/24/2023 2:21:00 PM	8.51	1.29	4.95	0.00	0.00	0.00	0.00	0.86	14.76	100.00	5.38	13.67	4512	1290	2230	0	0	0	0	0	8032	174.45	20.68	5.06	20.13	30.36	20.68	56.12	1.53	17.38	16.64
10/24/2023 2:21:02 PM	8.84	1.43	5.36	0.00	0.00	0.00	0.00	0.88	15.63	100.00	5.42	13.64	4686	1433	2411	0	0	0	0	0	8530	174.27	22.05	5.57	22.08	31.85	21.34	59.15	1.53	17.39	16.60
10/24/2023 2:21:04 PM	9.12	1.53	5.15	0.00	0.00	0.00	0.00	0.90	15.80	100.00	5.47	13.54	4835	1528	2317	0	0	0	0	0	8680	174.09	21.88	5.54	22.64	32.22	21.66	59.36	1.54	17.37	16.59
10/24/2023 2:21:07 PM	8.83	1.49	5.15	0.00	0.00	0.00	0.00	0.89	15.48	100.00	5.53	13.51	4682	1495	2318	0	0	0	0	0	8494	173.99	21.60	5.80	21.98	31.68	21.50	58.35	1.54	17.37	16.68
10/24/2023 2:21:09 PM	8.99	1.48	5.16	0.00	0.00	0.00	0.00	0.88	15.63	100.00	5.60	13.52	4767	1477	2322	0	0	0	0	0	8566	174.16	21.67	5.74	22.07	31.74	21.53	58.77	1.55	17.41	16.67
10/24/2023 2:21:12 PM	8.35	1.53	4.89	0.00	0.00	0.00	0.00	0.86	14.77	100.00	5.65	13.55	4426	1532	2199	0	0	0	0	0	8157	173.96	20.68	5.33	21.58	30.26	20.87	55.41	1.55	17.39	16.60
10/24/2023 2:21:14 PM	8.82	1.47	4.53	0.00	0.00	0.00	0.00	0.85	14.82	100.00	5.71	13.55	4673	1469	2039	0	0	0	0	0	8180	173.80	20.02	5.23	21.30	30.17	20.62	55.24	1.56	17.37	16.60
10/24/2023 2:21:16 PM	8.30	1.47	4.38	0.00	0.00	0.00	0.00	0.86	14.15	100.00	5.78	13.54	4398	1469	1972	0	0	0	0	0	7839	173.26	19.35	5.18	20.68	29.23	20.05	52.97	1.57	17.39	16.70
10/24/2023 2:21:19 PM	7.66	1.35	4.45	0.00	0.00	0.00	0.00	0.83	13.46	100.00	5.86	13.50	4059	1350	2001	0	0	0	0	0	7411	172.63	18.92	5.04	19.27	28.05	19.47	50.94	1.57	17.39	16.74
10/24/2023 2:21:21 PM	7.66	1.53	4.57	0.00	0.00	0.00	0.00	0.82	13.76	100.00	5.92	13.45	4059	1532	2055	0	0	0	0	0	7646	171.30	19.35	5.20	20.63	28.23	19.91	51.39	1.58	17.38	16.64
10/24/2023 2:21:23 PM	7.21	1.41	4.79	0.00	0.00	0.00	0.00	0.73	13.41	100.00	5.96	13.37	3821	1406	2156	0	0	0	0	0	7384	169.88	19.28	4.97	19.66	26.96	19.43	50.18	1.58	17.39	16.74
10/24/2023 2:21:26 PM	6.77	1.41	4.53	0.00	0.00	0.00	0.00	0.72	12.71	100.00	6.02	13.23	3587	1413	2038	0	0	0	0	0	7038	169.08	18.37	4.79	19.03	25.80	18.81	47.54	1.59	17.40	16.67
10/24/2023 2:21:28 PM	5.77	1.50	4.31	0.00	0.00	0.00	0.00	0.69	11.58	100.00	6.07	13.13	3060	1504	1937	0	0	0	0	0	6501	164.42	17.25	4.67	18.46	23.80	17.98	43.17	1.59	17.39	16.67
10/24/2023 2:21:31 PM	5.09	1.50	4.19	0.00	0.00	0.00	0.00	0.62	10.78	100.00	6.12	13.08	2700	1500	1885	0	0	0	0	0	6086	163.37	16.34	4.53	17.49	21.85	17.46	39.87	1.60	17.41	16.75
10/24/2023 2:21:33 PM	3.75	1.49	3.62	0.00	0.00	0.00	0.00	0.63	8.85	100.00	6.19	13.03	1985	1487	1628	0	0	0	0	0	5100	159.97	14.21	3.95	15.69	19.08	15.71	33.13	1.61	17.39	16.69
10/24/2023 2:21:35 PM	3.05	1.58	3.73	0.00	0.00	0.00	0.00	0.58	8.37	100.00	6.24	13.05	1618	1581	1680	0	0	0	0	0	4879	157.33	14.02	3.96	15.70	17.85	15.53	31.04	1.61	17.41	16.67
10/24/2023 2:21:38 PM	2.90	1.60	3.38	0.00	0.00	0.00	0.00	0.55	7.88	100.00	6.32	13.07	1535	1600	1521	0	0	0	0	0	4657	156.41	13.01	3.81	15.23	16.71	15.14	28.74	1.62	17.40	16.74
10/24/2023 2:21:40 PM	2.31	1.58	3.17	0.00	0.00	0.00	0.00	0.53	7.06	100.00	6.40	12.98	1224	1583	1426	0	0	0	0	0	4233	154.71	12.09	3.54	14.36	15.29	14.41	25.75	1.63	17.41	16.73
10/24/2023 2:21:43 PM	2.31	1.66	3.21	0.00	0.00	0.00	0.00	0.52	7.18	100.00	6.47	12.86	1223	1664	1444	0	0	0	0	0	4330	154.49	12.24	3.73	14.91	15.38	14.61	25.91	1.63	17.41	16.70
10/24/2023 2:21:45 PM	2.35	1.63	3.14	0.00	0.00	0.00	0.00	0.53	7.11	100.00	6.56	12.84	1245	1629	1411	0	0	0	0	0	4285	154.09	12.09	3.67	14.74	15.36	14.41	25.78	1.64	17.39	16.75
10/24/2023 2:21:47 PM	1.97	1.63	3.31	0.00	0.00	0.00	0.00	0.54	6.91	100.00	6.64	12.88	1043	1631	1488	0	0	0	0	0	4163	153.78	12.30	3.58	14.55	15.19	14.37	25.37	1.65	17.41	16.69
10/24/2023 2:21:50 PM	1.95	1.61	3.22	0.00	0.00	0.00	0.00	0.53	6.78	100.00	6.73	12.89	1032	1613	1448	0	0	0	0	0	4094	153.47	12.04	3.50	14.32	14.94	14.21	24.86	1.66	17.41	16.75
10/24/2023 2:21:52 PM	2.05	1.63	3.16	0.00	0.00	0.00	0.00	0.55	6.84	100.00	6.77	12.87	1086	1631	1423	0	0	0	0	0	4140	153.35	11.99	3.65	14.40	15.12	14.34	25.04	1.66	17.41	16.74
10/24/2023 2:21:54 PM	1.93	1.63	3.15	0.00	0.00	0.00	0.00	0.54	6.71	100.00	6.87	12.86	1025	1628	1415	0	0	0	0	0	4069	153.27	11.87	3.55	14.28	14.84	14.21	24.53	1.67	17.40	16.72
10/24/2023 2:21:57 PM	1.93	1.64	3.10	0.00	0.00	0.00	0.00	0.54	6.67	100.00	6.96	12.86	1021	1642	1396	0	0	0	0	0	4060	152.90	11.78	3.55	14.31	14.76	14.19	24.32	1.68	17.41	16.73
10/24/2023 2:21:59 PM	1.93	1.67	3.15	0.00	0.00	0.00	0.00	0.52	6.75	100.00	7.01	12.85	1023	1675	1417	0	0	0	0	0	4114	152.88	11.88	3.56	14.52	14.72	14.35	24.43	1.69	17.40	16.73
10/24/2023 2:22:02 PM	1.96	1.61	3.12	0.00	0.00	0.00	0.00	0.51	6.70	100.00	7.10	12.84	1040	1611	1406	0	0	0	0	0	4057	152.99	11.75	3.54	14.16	14.58	14.15	24.32	1.70	17.39	16.74
10/24/2023 2:22:04 PM	1.99	1.62	3.02	0.00	0.00	0.00	0.00	0.52	6.63	100.00	7.19	12.83	1054	1622	1360	0	0	0	0	0	4035	152.83	11.58	3.52	14.30	14.56	13.93	24.04	1.70	17.40	16.74
10/24/2023 2:22:06 PM	1.85	1.71	3.22	0.00	0.00	0.00	0.00	0.54	6.78	100.00	7.27	12.82	979	1711	1449	0	0	0	0	0	4139	152.51	12.07	3.78	14.80	14.94	14.39	24.63	1.71	17.39	16.69
10/24/2023 2:22:09 PM	1.85	1.69	3.20	0.00	0.00	0.00	0.00	0.53	6.74	100.00	7.34	12.83	982	1688	1439	0	0	0	0	0	4109	152.74	11.99	3.54	14.56	14.80	14.43	24.47	1.72	17.40	16.75
10/24/2023 2:22:11 PM	1.97	1.71	3.26	0.00	0.00	0.00	0.00	0.54	6.93	100.00	7.42	12.83	1043	1709	1466	0	0	0	0	0	4218	152.29	12.25	3.69	14.86	15.19	14.62	25.20	1.73	17.40	16.75
10/24/2023 2:22:13 PM	1.91	1.76	3.36	0.00	0.00	0.00	0.00	0.55	7.02	100.00	7.53	12.84	1010	1757	1511	0	0	0	0	0	4278	152.81	12.51	3.75	15.19	15.36	14.81	25.49	1.74	17.39	16.74
10/24/2023 2:22:16 PM	1.96	1.69	3.29	0.00	0.00	0.00	0.00	0.52	6.94	100.00	7.63	12.84	1041	1689	1478	0	0	0	0	0	4209	152.53	12.26	3.60	14.83	15.03	14.52	25.15	1.75	17.39	16.75
10/24/2023 2:22:18 PM	1.91	1.69	3.34	0.00	0.00	0.00	0.00	0.54	6.93	100.00	7.76	12.80	1010	1687	1501	0	0	0	0	0	4199	152.61	12.38	3.58	14.81	15.19	14.56	25.31	1.76	17.39	16.75
10/24/2023 2:22:21 PM	1.93	1.73	3.21	0.00	0.00	0.00	0.00	0.55	6.88	100.00	7.76	12.79	1026	1734	1447	0	0	0	0	0	4206	152.50	12.16	3.69	14.92	15.17	14.64	24.97	1.76	17.39	16.75
10/24/2023 2:22:23 PM	1.89	1.73	3.30	0.00	0.00	0.00	0.00	0.53	6.92	100.00	7.78	12.80	999	1731	1485	0	0	0	0	0	4215	151.86	12.29	3.70	14.97	15.04	14.64	25.03	1.76	17.39	16.74
10/24/2023 2:22:25 PM	1.85	1.71	3.23	0.00	0.00	0.00	0.00	0.55	6.79	100.00	7.86	12.82	978	1715	1452	0	0	0	0	0	4144	152.18	12.13	3.65	14.78	15.07	14.49	24.75	1.77	17.39	16.75
10/24/2023 2:22:28 PM	1.98	1.79	3.43	0.00	0.00	0.00	0.00	0.56	7.20	100.00	7.93	12.82	1051	1787	1543	0	0	0	0	0	4381	152.53	12.80	3.76	15.53	15.78	15.05	26.19	1.78	17.39	16.78
10/24/2023 2:22:30 PM	1.93	1.74	3.46	0.00	0.00	0.00	0.00	0.54	7.13	100.00	7.99	12.82	1024	1736	1557	0	0	0	0	0	4317	151.87	12.74	3.79	15.31	15.51	14.76	25.98	1.78	17.38	16.79
10/24/2023 2:22:33 PM	2.14	1.72	3.29	0.00	0.00	0.00	0.00	0.53	7.15	100.00	8.03	12.82	1136	1724	1479	0	0	0	0	0	4338	152.23	12.39	3.84	15.05	15.42	14.89	25.83	1.79	17.38	16.75
10/24/2023 2:22:35 PM	1.84	1.71	3.42	0.00	0.00	0.00	0.00	0.55	6.97	100.00	8.06	12.83	978	1706	1538	0	0	0	0	0	4222	152.50	12.58	3.71	14.91	15.36	14.69	25.57	1.79	17.38	16.77
10/24/2023 2:22:37 PM	1.95	1.73	3.33	0.00	0.00	0.00	0.00	0.55	7.01	100.00	8.14	12.84	1034	1729	1499	0	0	0	0	0	4261	152.04	12.44	3.76	14.93	15.39	14.86	25.54	1.80	17.38	16.79
10/24/2023 2:22:40 PM	1.89	1.75	3.41	0.00	0.00	0.00	0.00	0.55	7.04	100.00	8.28	12.82	1000	1750	1534	0	0	0	0	0	4284	152.07	12.60	3.82	15.16	15.40	14.85	25.64	1.81	17.37	16.79
10/24/2023 2:22:42 PM	2.05	1.75	3.43	0.00	0.00	0.00	0.00	0.55	7.24	100.00	8.36	12.81	1089	1750	1546	0	0	0	0	0	4384	152.04	12.77	3.87	15.39	15.72	14.95	26.32	1.82	17.37	16.80
10/24/2023 2:22:44 PM	2.05	1.76	3.40	0.00	0.00	0.00	0.00	0.55	7.21	100.00	8.47	12.79	1088	1762	1529	0	0	0	0	0	4380	152.17	12.73	3.79	15.50	15.72	14.89	26.21	1.83	17.37	16.77
10/24/2023 2:22:47 PM	1.94	1.74	3.39	0.00	0.00	0.00	0.00	0.54	7.07	100.00	8.58	12.78	1028	1741	1525	0	0	0	0	0	4295	151.98	12.57	3.81	15.10	15.42	14.89	25.71	1.84	17.36	16.79
10/24/2023 2:22:49 PM	1.97	1.72	3.42	0.00	0.00	0.00	0.00	0.53	7.11	100.00	8.70	12.78	1046	1722	1538	0	0	0	0	0	4306	151.78	12.63	3.72	15.10	15.41	14.83	25.87	1.85	17.36	16.80
10/24/2023 2:22:52 PM	2.09	1.80	3.50	0.00	0.00	0.00	0.00	0.56	7.39	99.87	8.76	12.78	1108	1802	1575	0	0	0	0	0	4485	151.57	13.03	3.94	15.71	16.04	15.30	26.84	1.86	17.36	16.79
10/24/2023 2:22:54 PM	1.93	1.77	3.50	0.00	0.00	0.00	0.00	0.57	7.20	100.00	8.80	12.79	1025	1767	1573	0	0	0	0	0	4365	152.11	12.92	3.80	15.39	15.88	15.08	26.38	1.86	17.36	16.83
10/24/2023 2:22:56 PM	2.08	1.72	3.47	0.00	0.00	0.00	0.00	0.54	7.27	100.00	8.85	12.80	1102	1721	1563	0	0	0	0	0	4385	152.42	12.85	3.77	15.25	15.75	14.98	26.52	1.87	17.35	16.83
10/24/2023 2:22:59 PM	2.07	1.75	3.49	0.00	0.00	0.00	0.00	0.55	7.31	100.00	8.92	12.80	1097	1750	1572	0	0	0	0	0	4419	151.94	12.92	3.84	15.42	15.83	15.08	26.62	1.87	17.35	16.75
10/24/2023 2:23:01 PM	2.02	1.83	3.49	0.00	0.00	0.00	0.00	0.53	7.33	100.00	9.00	12.79	1069	1826	1569	0	0	0	0	0	4465	151.94	12.91	4.00	15.87	15.67	15.16	26.35	1.88	17.34	16.79
10/24/2023 2:23:03 PM	2.02	1.77	3.55	0.00	0.00	0.00	0.00	0.54	7.33	100.00	9.10	12.80	1068	1774	1596	0	0	0	0	0	4437	152.00	13.03	3.76	15.51	15.80	15.23	26.64	1.89	17.34	16.79
10/24/2023 2:23:06 PM	2.01	1.78	3.41	0.00	0.00	0.00	0.00	0.56	7.20	100.00	9.16	12.81	1064	1779	1534	0	0	0	0	0	4378	152.07	12.74	3.83	15.47	15.72	15.02	26.14	1.90	17.33	16.79
10/24/2023 2:23:08 PM	1.96	1.76	3.58	0.00	0.00	0.00	0.00	0.56	7.31	100.00	9.19	12.81	1041	1764	1611	0	0	0	0	0	4416	152.32	13.11	3.80	15.53	15.92	15.12	26.74	1.90	17.34	16.83
10/24/2023 2:23:11 PM	1.97	1.70	3.49	0.00	0.00	0.00	0.00	0.54	7.16	99.98	9.32	12.79	1046	1703	1569	0	0	0	0	0	4318	151.73	12.80	3.78	15.06	15.61	14.85	26.24	1.91	17.33	16.83
10/24/2023 2:23:13 PM	1.80	1.81	3.46	0.00	0.00	0.00	0.00	0.57	7.07	100.00	9.40	12.79	956	1808	1558	0	0	0	0	0	4322	151.77	12.81	3.82	15.51	15.69	15.02	25.84	1.92	17.33	16.83
10/24/2023 2:23:15 PM	1.97	1.81	3.56	0.00	0.00	0.00	0.00	0.56	7.34	100.00	9.49	12.79	1042	1809	1602	0	0	0	0	0	4453	151.96	13.12	3.85	15.77	15.98	15.23	26.71	1.93	17.33	16.82
10/24/2023 2:23:18 PM	2.00	1.76	3.50	0.00	0.00	0.00	0.00	0.56	7.26	99.81	9.54	12.77	1061	1759	1577	0	0	0	0	0	4396	151.47	12.95	3.79	15.51	15.85	14.99	26.52	1.93	17.32	16.84
10/24/2023 2:23:20 PM	2.10	1.80	3.43	0.00	0.00	0.00	0.00	0.54	7.33	100.00	9.61	12.77	1111	1797	1545	0	0	0	0	0	4454	151.82	12.85	3.78	15.75	15.77	15.09	26.43	1.94	17.31	16.84
10/24/2023 2:23:23 PM	2.11	1.72	3.41	0.00	0.00	0.00	0.00	0.55	7.23	100.00	9.63	12.79	1116	1721	1533	0	0	0	0	0	4370	152.04	12.72	3.72	15.25	15.70	14.90	26.34	1.94	17.32	16.83
