Date/Time	Green Algae	Bluegreen	Diatoms	Cryptophyta	#5	#6	#7	Yellow substances	Total conc.	Transmission	Depth	Temp. Sample	Green Algae	Bluegreen	Diatoms	Cryptophyta	#5	#6	#7	Yellow substances	Total cell count	Trans. 700 nm	LED 3 [525 nm]	LED 4 [570 nm]	LED 5 [610 nm]	LED 6 [370 nm]	LED 7 [590 nm]	LED 8 [470 nm]	Pressure	Temp. LEDs	Temp. Sensor
date	µg/l	µg/l	µg/l	µg/l	µg/l	µg/l	µg/l	r.u.	µg/l	%	m	°C	cells/ml	cells/ml	cells/ml	cells/ml	cells/ml	cells/ml	cells/ml	r.u.	cells/ml	digits	digits	digits	digits	digits	digits	digits	bar	°C	°C
5/30/2023 2:08:25 PM	12.98	11.48	9.37	0.00	0.00	0.00	0.00	0.00	33.83	100.00	0.00	19.80	6878	11481	4215	0	0	0	0	0	22575	170.14	39.51	15.31	74.00	38.83	72.29	88.24	1.00	25.29	25.24
5/30/2023 2:08:27 PM	13.74	12.44	9.03	0.00	0.00	0.00	0.00	0.00	35.21	100.00	0.06	20.00	7285	12443	4061	0	0	0	0	0	23789	170.44	39.89	16.88	79.19	39.88	75.93	89.60	1.01	25.31	25.24
5/30/2023 2:08:30 PM	13.27	12.22	9.61	0.00	0.00	0.00	0.00	0.00	35.10	100.00	0.12	20.00	7036	12220	4324	0	0	0	0	0	23579	170.59	40.89	16.61	79.01	39.92	74.63	90.63	1.01	25.32	25.24
5/30/2023 2:08:32 PM	13.69	12.69	8.97	0.00	0.00	0.00	0.00	0.00	35.36	100.00	0.15	19.83	7257	12691	4037	0	0	0	0	0	23986	170.97	39.94	16.50	79.61	39.95	77.59	89.25	1.01	25.35	25.25
5/30/2023 2:08:35 PM	13.12	12.94	9.76	0.00	0.00	0.00	0.00	0.00	35.81	100.00	0.21	19.86	6952	12941	4390	0	0	0	0	0	24283	170.12	41.65	17.20	81.85	40.09	78.22	91.19	1.02	25.36	25.29
5/30/2023 2:08:37 PM	13.98	13.04	9.27	0.00	0.00	0.00	0.00	0.00	36.30	100.00	0.23	20.02	7410	13043	4172	0	0	0	0	0	24625	170.53	41.12	16.63	82.70	40.29	78.83	91.98	1.02	25.38	25.32
5/30/2023 2:08:39 PM	13.28	13.03	9.94	0.00	0.00	0.00	0.00	0.00	36.25	100.00	0.28	20.07	7039	13026	4474	0	0	0	0	0	24539	170.28	42.30	17.37	82.76	40.83	78.69	92.51	1.03	25.40	25.28
5/30/2023 2:08:42 PM	13.83	13.08	9.70	0.00	0.00	0.00	0.00	0.00	36.60	100.00	0.31	20.13	7329	13075	4364	0	0	0	0	0	24769	170.53	42.08	16.98	83.49	40.70	78.93	93.44	1.03	25.40	25.32
5/30/2023 2:08:44 PM	13.68	12.65	9.74	0.09	0.00	0.00	0.00	0.00	36.16	100.00	0.32	20.21	7248	12652	4385	3	0	0	0	0	24287	170.88	41.87	16.95	80.19	40.41	78.98	93.40	1.03	25.43	25.34
5/30/2023 2:08:47 PM	13.73	12.84	9.95	0.00	0.00	0.00	0.00	0.00	36.53	100.00	0.35	20.25	7279	12840	4480	0	0	0	0	0	24598	171.54	42.31	16.92	81.35	40.76	79.48	94.22	1.03	25.43	25.33
5/30/2023 2:08:49 PM	13.94	13.40	9.53	0.00	0.00	0.00	0.00	0.00	36.86	100.00	0.39	20.35	7386	13401	4287	0	0	0	0	0	25075	171.18	42.02	17.40	84.43	41.35	80.56	92.91	1.04	25.45	25.33
5/30/2023 2:08:51 PM	13.88	13.34	9.52	0.00	0.00	0.00	0.00	0.00	36.74	100.00	0.42	20.33	7354	13344	4283	0	0	0	0	0	24981	170.46	42.03	17.79	84.82	41.91	79.32	92.35	1.04	25.47	25.33
5/30/2023 2:08:54 PM	13.65	13.03	9.42	0.00	0.00	0.00	0.00	0.00	36.10	100.00	0.47	20.20	7234	13032	4238	0	0	0	0	0	24505	170.61	41.35	16.59	82.78	40.46	78.33	91.38	1.05	25.47	25.32
5/30/2023 2:08:56 PM	13.43	12.55	9.50	0.00	0.00	0.00	0.00	0.00	35.48	100.00	0.48	20.12	7119	12546	4275	0	0	0	0	0	23940	170.66	41.02	16.41	80.59	40.07	76.03	90.82	1.05	25.48	25.33
5/30/2023 2:08:58 PM	13.23	12.22	9.65	0.00	0.00	0.00	0.00	0.00	35.10	100.00	0.55	20.07	7013	12215	4345	0	0	0	0	0	23573	170.74	40.86	15.73	78.25	39.01	75.71	91.09	1.05	25.48	25.32
5/30/2023 2:09:01 PM	12.46	11.50	9.80	0.00	0.00	0.00	0.00	0.00	33.76	100.00	0.58	19.74	6605	11499	4408	0	0	0	0	0	22513	171.60	40.25	15.87	74.38	38.97	71.99	88.43	1.06	25.51	25.35
5/30/2023 2:09:03 PM	12.80	12.79	9.86	0.00	0.00	0.00	0.00	0.00	35.45	100.00	0.62	19.60	6784	12794	4436	0	0	0	0	0	24014	170.91	41.57	16.61	80.28	39.75	78.30	90.55	1.06	25.50	25.33
5/30/2023 2:09:06 PM	13.87	12.90	9.18	0.00	0.00	0.00	0.00	0.00	35.95	100.00	0.67	19.75	7349	12901	4133	0	0	0	0	0	24383	169.87	40.67	17.29	81.27	40.41	78.45	90.96	1.07	25.51	25.39
5/30/2023 2:09:08 PM	13.17	13.31	9.14	0.00	0.00	0.00	0.00	0.00	35.62	100.00	0.68	19.79	6979	13305	4114	0	0	0	0	0	24399	170.04	40.54	17.38	82.89	39.66	79.09	88.66	1.07	25.51	25.33
5/30/2023 2:09:10 PM	13.76	13.84	9.10	0.00	0.00	0.00	0.00	0.00	36.70	100.00	0.73	19.95	7294	13841	4093	0	0	0	0	0	25228	170.09	41.29	17.34	86.00	40.73	81.65	90.58	1.07	25.51	25.38
5/30/2023 2:09:13 PM	13.16	12.48	9.48	0.03	0.00	0.00	0.00	0.00	35.15	100.00	0.76	19.93	6977	12477	4267	1	0	0	0	0	23722	171.26	40.71	16.72	78.45	39.90	77.23	89.90	1.07	25.52	25.35
5/30/2023 2:09:15 PM	13.33	11.89	9.04	0.00	0.00	0.00	0.00	0.00	34.26	100.00	0.77	19.88	7066	11892	4066	0	0	0	0	0	23024	171.50	39.27	15.89	76.91	38.60	72.83	88.26	1.08	25.53	25.38
5/30/2023 2:09:17 PM	12.81	12.19	9.48	0.00	0.00	0.00	0.00	0.00	34.47	100.00	0.82	20.06	6788	12185	4266	0	0	0	0	0	23239	171.32	40.19	16.02	77.54	38.61	74.92	88.73	1.08	25.54	25.34
5/30/2023 2:09:20 PM	13.23	12.54	9.35	0.00	0.00	0.00	0.00	0.00	35.13	100.00	0.84	20.10	7012	12542	4209	0	0	0	0	0	23764	171.23	40.60	15.88	79.82	39.81	76.16	89.41	1.08	25.53	25.35
5/30/2023 2:09:22 PM	13.32	13.47	9.24	0.00	0.00	0.00	0.00	0.00	36.03	100.00	0.87	20.00	7057	13473	4159	0	0	0	0	0	24688	170.67	41.02	17.19	83.97	39.99	80.01	89.69	1.09	25.54	25.39
5/30/2023 2:09:25 PM	12.85	13.24	9.45	0.00	0.00	0.00	0.00	0.00	35.53	100.00	0.89	19.90	6811	13236	4251	0	0	0	0	0	24298	169.83	41.01	17.34	82.69	39.52	78.82	89.03	1.09	25.53	25.35
5/30/2023 2:09:27 PM	13.67	13.45	9.01	0.00	0.00	0.00	0.00	0.00	36.12	100.00	0.93	19.86	7244	13446	4054	0	0	0	0	0	24744	170.93	40.71	16.79	84.16	40.10	79.73	89.78	1.09	25.55	25.38
5/30/2023 2:09:29 PM	13.51	13.89	8.89	0.00	0.00	0.00	0.00	0.00	36.29	100.00	0.94	19.85	7160	13891	4000	0	0	0	0	0	25051	170.53	40.79	16.72	86.18	40.22	81.08	88.79	1.09	25.54	25.35
5/30/2023 2:09:32 PM	13.97	13.67	8.63	0.00	0.00	0.00	0.00	0.00	36.27	100.00	0.98	19.77	7405	13669	3882	0	0	0	0	0	24956	171.11	40.25	17.00	85.91	40.19	79.55	89.08	1.10	25.55	25.42
5/30/2023 2:09:34 PM	13.94	13.55	8.86	0.00	0.00	0.00	0.00	0.00	36.34	100.00	1.00	19.71	7389	13545	3986	0	0	0	0	0	24920	170.80	40.63	17.25	84.78	40.79	79.97	89.82	1.10	25.54	25.39
5/30/2023 2:09:37 PM	13.60	13.26	9.23	0.00	0.00	0.00	0.00	0.00	36.09	100.00	1.03	19.71	7208	13256	4155	0	0	0	0	0	24619	171.24	41.05	16.81	83.49	40.27	79.08	90.48	1.10	25.54	25.34
5/30/2023 2:09:39 PM	13.02	12.80	9.54	0.00	0.00	0.00	0.00	0.00	35.37	100.00	1.06	19.70	6902	12804	4294	0	0	0	0	0	24000	171.74	41.03	16.34	80.87	39.50	77.50	89.89	1.10	25.53	25.37
5/30/2023 2:09:41 PM	13.26	13.23	9.32	0.00	0.00	0.00	0.00	0.00	35.82	100.00	1.11	19.72	7030	13230	4195	0	0	0	0	0	24456	170.97	41.01	16.98	83.14	39.84	78.82	89.82	1.11	25.54	25.38
5/30/2023 2:09:44 PM	13.82	12.96	9.04	0.00	0.00	0.00	0.00	0.00	35.83	100.00	1.15	19.64	7326	12962	4068	0	0	0	0	0	24356	170.52	40.56	16.18	82.13	40.40	77.85	90.08	1.11	25.54	25.38
5/30/2023 2:09:46 PM	13.19	12.58	9.76	0.00	0.00	0.00	0.00	0.00	35.53	100.00	1.20	19.52	6989	12585	4392	0	0	0	0	0	23966	171.52	41.48	16.25	79.83	40.25	77.34	91.18	1.12	25.54	25.37
5/30/2023 2:09:48 PM	14.35	13.53	9.47	0.00	0.00	0.00	0.00	0.00	37.35	100.00	1.24	19.45	7605	13531	4262	0	0	0	0	0	25397	170.40	42.26	17.38	85.19	42.05	81.52	93.97	1.12	25.53	25.40
5/30/2023 2:09:51 PM	14.11	13.40	10.40	0.10	0.00	0.00	0.00	0.00	38.00	100.00	1.29	19.41	7476	13396	4681	3	0	0	0	0	25556	170.39	44.39	18.01	84.50	43.12	83.25	97.81	1.13	25.51	25.35
5/30/2023 2:09:53 PM	14.26	13.81	10.63	0.00	0.00	0.00	0.00	0.00	38.70	100.00	1.31	19.24	7558	13809	4784	0	0	0	0	0	26151	170.37	45.20	17.92	87.49	43.92	84.00	98.99	1.13	25.52	25.37
5/30/2023 2:09:56 PM	14.74	13.57	10.68	0.00	0.00	0.00	0.00	0.00	38.99	100.00	1.37	19.27	7812	13571	4804	0	0	0	0	0	26187	170.27	45.40	17.82	87.24	44.32	83.09	100.72	1.13	25.51	25.42
5/30/2023 2:09:58 PM	13.54	13.83	10.44	0.00	0.00	0.00	0.00	0.00	37.80	100.00	1.42	19.24	7176	13829	4696	0	0	0	0	0	25701	170.38	44.36	17.62	85.95	43.26	84.04	95.54	1.14	25.51	25.38
5/30/2023 2:10:00 PM	12.62	14.35	11.16	0.00	0.00	0.00	0.00	0.00	38.13	100.00	1.44	19.15	6689	14347	5023	0	0	0	0	0	26059	170.40	46.10	18.44	88.50	44.41	85.79	95.61	1.14	25.51	25.38
5/30/2023 2:10:03 PM	13.32	14.56	10.76	0.00	0.00	0.00	0.00	0.00	38.65	100.00	1.51	19.30	7061	14560	4843	0	0	0	0	0	26464	169.84	45.66	18.49	89.81	44.25	86.79	96.44	1.15	25.50	25.38
5/30/2023 2:10:05 PM	12.11	14.61	10.32	0.00	0.00	0.00	0.00	0.00	37.04	100.00	1.54	19.01	6420	14610	4642	0	0	0	0	0	25672	170.52	44.11	18.26	88.64	43.18	85.16	90.02	1.15	25.50	25.33
5/30/2023 2:10:07 PM	12.82	14.61	10.24	0.00	0.00	0.00	0.00	0.00	37.66	100.00	1.58	18.98	6794	14605	4607	0	0	0	0	0	26007	170.62	44.35	18.36	89.39	43.95	85.40	91.98	1.16	25.49	25.38
5/30/2023 2:10:10 PM	12.27	13.30	9.96	0.00	0.00	0.00	0.00	0.00	35.53	100.00	1.64	18.99	6505	13299	4480	0	0	0	0	0	24284	171.94	42.43	16.88	82.06	43.12	79.65	87.95	1.16	25.48	25.35
5/30/2023 2:10:12 PM	11.08	12.99	9.96	0.00	0.00	0.00	0.00	0.10	34.03	100.00	1.65	18.84	5874	12990	4482	0	0	0	0	0	23347	172.59	42.06	15.95	80.24	43.70	76.71	84.27	1.16	25.48	25.35
5/30/2023 2:10:15 PM	12.61	13.49	10.21	0.00	0.00	0.00	0.00	0.00	36.31	100.00	1.70	19.05	6684	13489	4595	0	0	0	0	0	24767	171.80	43.61	17.12	84.23	45.10	80.05	89.82	1.17	25.48	25.38
5/30/2023 2:10:17 PM	11.42	13.09	10.53	0.00	0.00	0.00	0.00	0.02	35.04	100.00	1.77	18.71	6053	13087	4740	0	0	0	0	0	23880	171.88	43.41	16.47	80.89	44.31	78.59	87.21	1.17	25.47	25.37
5/30/2023 2:10:19 PM	9.10	12.56	9.78	0.00	0.00	0.00	0.00	0.55	31.44	100.00	1.80	18.48	4821	12561	4403	0	0	0	0	0	21784	172.73	41.19	16.00	76.32	44.86	73.59	80.59	1.18	25.46	25.35
5/30/2023 2:10:22 PM	9.10	12.90	9.77	0.00	0.00	0.00	0.00	0.53	31.77	100.00	1.85	18.63	4822	12903	4395	0	0	0	0	0	22121	173.25	41.43	15.98	78.18	44.87	74.69	80.46	1.18	25.45	25.35
5/30/2023 2:10:24 PM	10.44	13.56	10.16	0.00	0.00	0.00	0.00	0.40	34.16	100.00	1.88	18.61	5532	13556	4573	0	0	0	0	0	23661	172.53	43.35	16.95	82.48	46.60	79.02	85.66	1.18	25.44	25.34
5/30/2023 2:10:26 PM	9.70	13.34	10.22	0.00	0.00	0.00	0.00	0.50	33.26	100.00	1.89	18.65	5139	13339	4601	0	0	0	0	0	23079	172.21	43.14	16.97	81.28	46.52	77.25	84.28	1.19	25.44	25.33
5/30/2023 2:10:29 PM	9.68	13.30	10.12	0.00	0.00	0.00	0.00	0.54	33.10	100.00	1.92	18.74	5131	13296	4554	0	0	0	0	0	22981	171.93	42.99	16.48	80.90	46.67	77.13	84.07	1.19	25.43	25.34
5/30/2023 2:10:31 PM	9.41	12.90	10.01	0.00	0.00	0.00	0.00	0.57	32.32	100.00	1.95	18.86	4989	12898	4506	0	0	0	0	0	22393	172.58	42.22	16.69	78.38	46.10	75.46	82.84	1.19	25.40	25.34
5/30/2023 2:10:34 PM	9.04	13.19	10.03	0.00	0.00	0.00	0.00	0.65	32.26	100.00	1.97	18.84	4789	13193	4514	0	0	0	0	0	22496	172.34	42.52	16.58	79.28	46.67	76.68	82.48	1.19	25.40	25.35
5/30/2023 2:10:36 PM	8.35	12.94	10.01	0.00	0.00	0.00	0.00	0.76	31.30	100.00	2.00	18.67	4425	12935	4506	0	0	0	0	0	21866	173.00	42.15	16.48	77.96	46.56	74.63	80.96	1.20	25.40	25.34
5/30/2023 2:10:38 PM	8.09	12.45	9.87	0.00	0.00	0.00	0.00	0.82	30.41	100.00	2.03	18.47	4287	12454	4441	0	0	0	0	0	21182	173.72	41.46	15.80	75.57	46.28	72.18	79.87	1.20	25.39	25.35
5/30/2023 2:10:41 PM	6.42	11.08	9.74	0.00	0.00	0.00	0.00	1.11	27.24	100.00	2.07	18.26	3402	11082	4382	0	0	0	0	0	18866	174.43	39.62	15.07	67.01	45.57	65.96	75.79	1.20	25.38	25.32
5/30/2023 2:10:43 PM	6.20	11.30	9.75	0.00	0.00	0.00	0.00	1.14	27.25	100.00	2.10	17.61	3289	11299	4386	0	0	0	0	0	18973	175.59	39.81	15.50	68.56	45.77	65.91	75.45	1.21	25.36	25.33
5/30/2023 2:10:46 PM	3.04	9.75	8.92	1.72	0.00	0.00	0.00	1.27	23.43	100.00	2.18	16.62	1613	9747	4012	52	0	0	0	0	15424	178.52	40.28	16.38	61.13	43.05	63.69	69.78	1.21	25.36	25.35
5/30/2023 2:10:48 PM	3.28	9.03	7.81	2.45	0.00	0.00	0.00	1.29	22.58	100.00	2.26	16.17	1740	9032	3516	74	0	0	0	0	14362	179.02	39.51	16.45	58.77	42.38	62.48	68.76	1.22	25.33	25.33
5/30/2023 2:10:50 PM	2.85	8.70	7.83	2.24	0.00	0.00	0.00	1.27	21.61	100.00	2.33	16.03	1510	8695	3525	67	0	0	0	0	13797	180.18	38.30	15.71	56.37	40.99	59.89	66.26	1.23	25.32	25.33
5/30/2023 2:10:53 PM	2.87	7.63	6.54	2.71	0.00	0.00	0.00	1.26	19.75	100.00	2.40	16.28	1522	7626	2944	81	0	0	0	0	12173	180.91	35.82	14.92	51.42	38.78	55.82	62.33	1.24	25.31	25.35
5/30/2023 2:10:55 PM	3.04	7.79	6.62	2.41	0.00	0.00	0.00	1.24	19.86	100.00	2.41	16.31	1613	7791	2979	72	0	0	0	0	12456	180.36	35.19	15.02	51.79	38.45	55.33	61.70	1.24	25.29	25.33
5/30/2023 2:10:57 PM	2.81	7.47	6.61	2.15	0.00	0.00	0.00	1.25	19.04	100.00	2.42	16.22	1488	7473	2976	64	0	0	0	0	12001	181.29	33.97	14.53	49.64	37.52	52.64	59.75	1.24	25.28	25.32
5/30/2023 2:11:00 PM	3.01	7.59	7.01	2.19	0.00	0.00	0.00	1.18	19.79	100.00	2.42	16.43	1594	7588	3153	66	0	0	0	0	12400	181.28	35.11	14.72	50.73	38.00	53.95	61.85	1.24	25.27	25.32
5/30/2023 2:11:02 PM	2.91	6.90	5.88	2.46	0.00	0.00	0.00	1.23	18.14	100.00	2.43	16.64	1540	6897	2647	74	0	0	0	0	11157	181.83	32.77	13.66	46.93	36.32	51.01	57.88	1.24	25.24	25.34
5/30/2023 2:11:05 PM	2.55	6.93	5.92	2.06	0.00	0.00	0.00	1.23	17.47	100.00	2.47	16.71	1353	6933	2666	62	0	0	0	0	11014	181.58	31.43	13.27	45.97	35.25	49.22	55.20	1.24	25.23	25.30
5/30/2023 2:11:07 PM	2.17	6.18	5.28	1.86	0.00	0.00	0.00	1.24	15.50	100.00	2.50	16.56	1151	6185	2377	56	0	0	0	0	9769	182.50	28.45	12.01	41.20	32.79	44.25	50.10	1.24	25.22	25.30
5/30/2023 2:11:09 PM	1.87	5.89	5.12	1.62	0.00	0.00	0.00	1.24	14.50	100.00	2.53	16.44	989	5891	2306	49	0	0	0	0	9234	182.84	26.90	11.07	38.82	31.39	41.76	47.23	1.25	25.20	25.29
5/30/2023 2:11:12 PM	1.28	4.43	3.67	1.97	0.00	0.00	0.00	1.23	11.35	100.00	2.56	16.47	680	4431	1652	59	0	0	0	0	6823	184.22	23.00	8.74	30.81	27.50	35.35	39.95	1.25	25.19	25.29
5/30/2023 2:11:14 PM	2.11	4.77	3.97	0.87	0.00	0.00	0.00	1.17	11.72	100.00	2.61	16.43	1116	4774	1788	26	0	0	0	0	7704	184.34	20.83	8.50	31.05	26.93	32.99	38.72	1.26	25.16	25.29
5/30/2023 2:11:16 PM	1.92	3.66	2.64	1.27	0.00	0.00	0.00	1.17	9.48	100.00	2.64	16.27	1016	3658	1190	38	0	0	0	0	5901	185.50	17.89	7.10	25.34	24.20	28.45	33.62	1.26	25.15	25.29
5/30/2023 2:11:19 PM	2.09	3.63	2.88	0.97	0.00	0.00	0.00	1.05	9.57	100.00	2.69	16.30	1107	3627	1296	29	0	0	0	0	6058	184.67	17.31	6.78	24.86	23.12	27.48	32.98	1.26	25.13	25.25
5/30/2023 2:11:21 PM	2.35	3.34	2.86	0.16	0.00	0.00	0.00	0.95	8.72	100.00	2.75	15.98	1245	3342	1287	5	0	0	0	0	5879	185.71	14.36	5.52	21.90	20.75	23.14	29.23	1.27	25.11	25.24
5/30/2023 2:11:24 PM	2.90	2.18	1.35	0.45	0.00	0.00	0.00	0.89	6.89	100.00	2.77	15.70	1538	2183	609	14	0	0	0	0	4343	186.61	10.88	4.28	16.28	17.98	18.18	24.77	1.27	25.09	25.27
5/30/2023 2:11:26 PM	2.70	2.81	2.09	0.11	0.00	0.00	0.00	0.94	7.71	100.00	2.81	15.97	1429	2808	942	3	0	0	0	0	5183	186.28	12.09	5.01	19.03	19.34	19.95	26.49	1.28	25.08	25.27
5/30/2023 2:11:28 PM	2.85	3.03	2.23	0.29	0.00	0.00	0.00	0.90	8.38	100.00	2.84	16.20	1509	3026	1001	9	0	0	0	0	5545	186.03	13.13	5.40	20.60	19.88	21.86	28.10	1.28	25.05	25.23
5/30/2023 2:11:31 PM	3.17	2.25	1.88	0.00	0.00	0.00	0.00	0.80	7.30	100.00	2.87	16.21	1678	2252	846	0	0	0	0	0	4776	186.68	10.71	3.96	16.28	17.62	17.38	25.28	1.28	25.04	25.22
5/30/2023 2:11:33 PM	3.12	2.32	1.76	0.00	0.00	0.00	0.00	0.87	7.20	100.00	2.91	16.01	1652	2324	793	0	0	0	0	0	4770	186.83	10.61	4.23	16.58	18.08	17.41	25.15	1.29	25.02	25.25
5/30/2023 2:11:36 PM	2.91	2.12	1.71	0.17	0.00	0.00	0.00	0.86	6.92	100.00	2.94	15.93	1545	2119	770	5	0	0	0	0	4440	186.72	10.70	4.22	15.79	17.71	17.02	24.85	1.29	25.00	25.24
5/30/2023 2:11:38 PM	3.16	2.01	1.49	0.00	0.00	0.00	0.00	0.80	6.67	100.00	2.96	15.81	1676	2011	672	0	0	0	0	0	4360	187.03	9.59	3.68	15.00	16.76	15.72	23.47	1.29	24.98	25.23
5/30/2023 2:11:40 PM	3.53	1.96	1.42	0.00	0.00	0.00	0.00	0.78	6.91	100.00	3.00	15.82	1869	1960	639	0	0	0	0	0	4469	187.57	9.51	3.80	14.98	16.87	15.70	24.11	1.29	24.95	25.22
5/30/2023 2:11:43 PM	3.16	2.22	1.59	0.00	0.00	0.00	0.00	0.83	6.96	100.00	3.03	15.89	1673	2215	714	0	0	0	0	0	4602	186.49	10.05	3.98	16.19	17.32	16.49	24.12	1.30	24.93	25.20
5/30/2023 2:11:45 PM	3.16	1.82	1.40	0.00	0.00	0.00	0.00	0.79	6.38	100.00	3.07	15.77	1674	1823	631	0	0	0	0	0	4129	187.14	9.19	3.45	14.14	16.32	14.73	22.88	1.30	24.90	25.23
5/30/2023 2:11:47 PM	3.27	1.71	1.21	0.00	0.00	0.00	0.00	0.73	6.19	100.00	3.09	15.59	1733	1710	542	0	0	0	0	0	3985	187.06	8.52	3.29	13.40	15.47	14.19	21.87	1.30	24.88	25.22
5/30/2023 2:11:50 PM	3.11	1.56	1.16	0.00	0.00	0.00	0.00	0.73	5.84	100.00	3.12	15.56	1649	1561	524	0	0	0	0	0	3734	187.78	8.18	3.23	12.53	14.99	13.39	21.08	1.31	24.86	25.17
5/30/2023 2:11:52 PM	3.31	1.64	1.17	0.04	0.00	0.00	0.00	0.74	6.16	100.00	3.15	15.61	1756	1637	527	1	0	0	0	0	3920	187.44	8.54	3.28	13.01	15.59	14.21	22.09	1.31	24.85	25.19
5/30/2023 2:11:55 PM	3.15	1.56	1.08	0.06	0.00	0.00	0.00	0.73	5.86	100.00	3.19	15.48	1668	1565	488	2	0	0	0	0	3723	187.16	8.22	3.28	12.55	15.06	13.70	21.16	1.31	24.81	25.16
5/30/2023 2:11:57 PM	3.04	1.62	1.16	0.00	0.00	0.00	0.00	0.76	5.81	100.00	3.21	15.48	1610	1616	522	0	0	0	0	0	3748	187.91	8.28	3.27	12.87	15.30	13.43	21.14	1.31	24.79	25.17
5/30/2023 2:11:59 PM	3.48	1.39	0.76	0.16	0.00	0.00	0.00	0.70	5.80	100.00	3.25	15.55	1846	1391	343	5	0	0	0	0	3584	188.00	7.74	3.10	11.92	14.73	13.32	20.97	1.32	24.77	25.16
5/30/2023 2:12:02 PM	3.23	1.40	0.85	0.20	0.00	0.00	0.00	0.72	5.68	100.00	3.28	15.44	1714	1399	383	6	0	0	0	0	3501	187.71	7.96	3.24	11.96	14.77	13.34	20.84	1.32	24.74	25.14
5/30/2023 2:12:04 PM	3.07	1.44	1.04	0.02	0.00	0.00	0.00	0.74	5.57	100.00	3.28	15.44	1625	1443	468	0	0	0	0	0	3537	187.31	7.83	3.08	11.79	14.75	12.88	20.50	1.32	24.72	25.14
5/30/2023 2:12:06 PM	3.06	1.44	1.06	0.00	0.00	0.00	0.00	0.74	5.56	100.00	3.31	15.50	1620	1444	476	0	0	0	0	0	3540	187.71	7.87	2.87	11.87	14.83	12.77	20.55	1.32	24.70	25.09
5/30/2023 2:12:09 PM	3.01	1.40	1.05	0.00	0.00	0.00	0.00	0.73	5.46	100.00	3.31	15.46	1594	1396	474	0	0	0	0	0	3464	187.66	7.73	2.92	11.62	14.54	12.47	20.21	1.32	24.67	25.08
5/30/2023 2:12:11 PM	3.13	1.59	1.04	0.00	0.00	0.00	0.00	0.73	5.76	100.00	3.33	15.37	1659	1586	467	0	0	0	0	0	3713	187.85	7.92	3.16	12.59	14.82	13.32	20.60	1.33	24.65	25.11
5/30/2023 2:12:14 PM	3.09	1.46	1.05	0.00	0.00	0.00	0.00	0.72	5.60	100.00	3.37	15.27	1638	1459	471	0	0	0	0	0	3568	188.16	7.79	3.03	11.91	14.62	12.83	20.41	1.33	24.62	25.06
5/30/2023 2:12:16 PM	3.13	1.39	0.83	0.00	0.00	0.00	0.00	0.70	5.35	100.00	3.40	14.98	1659	1387	373	0	0	0	0	0	3419	187.94	7.18	2.98	11.57	14.04	12.11	19.39	1.33	24.58	25.06
5/30/2023 2:12:18 PM	2.73	1.33	1.02	0.00	0.00	0.00	0.00	0.72	5.08	100.00	3.41	14.88	1446	1332	460	0	0	0	0	0	3238	187.71	7.43	2.83	11.20	13.98	11.77	19.11	1.33	24.58	25.06
5/30/2023 2:12:21 PM	2.65	1.08	0.60	0.00	0.00	0.00	0.00	0.68	4.33	100.00	3.52	14.18	1402	1084	270	0	0	0	0	0	2757	188.13	6.04	2.49	9.34	12.55	10.42	16.59	1.34	24.54	25.08
5/30/2023 2:12:23 PM	2.51	1.18	0.71	0.00	0.00	0.00	0.00	0.68	4.40	100.00	3.58	13.28	1331	1183	319	0	0	0	0	0	2833	188.26	6.28	2.50	9.73	12.54	10.90	16.61	1.35	24.51	25.04
5/30/2023 2:12:26 PM	2.58	1.16	0.79	0.00	0.00	0.00	0.00	0.66	4.52	100.00	3.64	13.20	1368	1155	354	0	0	0	0	0	2877	188.37	6.47	2.55	9.88	12.63	10.75	17.06	1.36	24.49	25.04
5/30/2023 2:12:28 PM	2.68	1.13	0.70	0.00	0.00	0.00	0.00	0.67	4.51	100.00	3.71	13.43	1422	1135	313	0	0	0	0	0	2870	188.34	6.28	2.78	9.78	12.68	10.62	17.04	1.36	24.45	25.02
5/30/2023 2:12:30 PM	2.29	1.03	0.62	0.00	0.00	0.00	0.00	0.65	3.95	100.00	3.78	13.42	1216	1034	279	0	0	0	0	0	2529	188.75	5.80	2.09	8.88	11.76	9.90	15.31	1.37	24.42	25.02
5/30/2023 2:12:33 PM	2.35	1.00	0.51	0.00	0.00	0.00	0.00	0.66	3.85	100.00	3.82	13.33	1244	997	229	0	0	0	0	0	2469	188.29	5.54	2.10	8.61	11.71	9.70	15.05	1.37	24.38	24.99
5/30/2023 2:12:35 PM	2.46	0.99	0.44	0.00	0.00	0.00	0.00	0.65	3.89	100.00	3.87	13.57	1303	987	199	0	0	0	0	0	2488	188.37	5.38	2.27	8.59	11.59	9.63	14.98	1.38	24.36	24.99
5/30/2023 2:12:37 PM	2.31	1.03	0.49	0.00	0.00	0.00	0.00	0.66	3.82	100.00	3.93	13.74	1222	1025	219	0	0	0	0	0	2466	188.08	5.47	2.30	8.84	11.60	9.56	14.79	1.38	24.33	24.94
5/30/2023 2:12:40 PM	2.05	0.93	0.55	0.00	0.00	0.00	0.00	0.66	3.54	100.00	3.99	13.87	1086	931	249	0	0	0	0	0	2267	188.11	5.40	2.21	8.16	11.28	9.13	14.24	1.39	24.30	24.94
5/30/2023 2:12:42 PM	1.94	0.88	0.42	0.00	0.00	0.00	0.00	0.63	3.24	100.00	4.07	13.83	1031	881	189	0	0	0	0	0	2100	188.36	4.91	1.95	7.69	10.58	8.69	13.07	1.40	24.26	24.96
5/30/2023 2:12:45 PM	1.75	0.82	0.25	0.00	0.00	0.00	0.00	0.61	2.81	100.00	4.14	13.27	927	816	111	0	0	0	0	0	1854	188.31	4.26	1.88	7.02	9.74	8.07	11.49	1.41	24.23	24.96
5/30/2023 2:12:47 PM	1.11	0.70	0.31	0.00	0.00	0.00	0.00	0.61	2.12	100.00	4.23	12.82	591	696	140	0	0	0	0	0	1427	188.28	3.92	1.79	5.99	8.84	7.10	9.68	1.41	24.20	24.93
5/30/2023 2:12:49 PM	0.94	0.67	0.15	0.00	0.00	0.00	0.00	0.64	1.76	100.00	4.32	12.28	498	666	68	0	0	0	0	0	1232	188.14	3.50	1.61	5.70	8.56	6.53	8.61	1.42	24.18	24.89
5/30/2023 2:12:52 PM	0.69	0.63	0.23	0.00	0.00	0.00	0.00	0.62	1.55	100.00	4.41	11.60	366	630	103	0	0	0	0	0	1099	188.57	3.44	1.58	5.24	8.10	6.41	7.98	1.43	24.15	24.92
5/30/2023 2:12:54 PM	0.59	0.59	0.14	0.00	0.00	0.00	0.00	0.62	1.32	100.00	4.49	11.58	311	586	64	0	0	0	0	0	962	188.57	3.15	1.34	4.95	7.77	5.99	7.25	1.44	24.09	24.91
5/30/2023 2:12:56 PM	0.54	0.59	0.16	0.00	0.00	0.00	0.00	0.60	1.29	100.00	4.59	11.80	284	594	73	0	0	0	0	0	951	188.35	3.14	1.44	4.97	7.62	5.95	7.08	1.45	24.07	24.84
5/30/2023 2:12:59 PM	0.50	0.53	0.00	0.06	0.00	0.00	0.00	0.61	1.09	100.00	4.65	11.98	265	533	0	2	0	0	0	0	800	188.37	2.83	1.49	4.54	7.37	5.80	6.51	1.46	24.03	24.86
5/30/2023 2:13:01 PM	0.35	0.54	0.03	0.06	0.00	0.00	0.00	0.63	0.97	100.00	4.75	11.85	183	537	15	2	0	0	0	0	738	188.35	2.91	1.39	4.45	7.44	5.79	6.34	1.47	23.99	24.88
5/30/2023 2:13:04 PM	0.43	0.53	0.06	0.00	0.00	0.00	0.00	0.61	1.02	100.00	4.84	11.91	227	531	26	0	0	0	0	0	784	188.60	2.80	1.29	4.52	7.34	5.47	6.33	1.47	23.95	24.86
5/30/2023 2:13:06 PM	0.12	0.56	0.15	0.00	0.00	0.00	0.00	0.65	0.84	100.00	4.97	11.46	64	564	69	0	0	0	0	0	698	188.48	2.95	1.35	4.40	7.43	5.61	6.05	1.49	23.91	24.79
5/30/2023 2:13:08 PM	0.29	0.54	0.08	0.00	0.00	0.00	0.00	0.62	0.91	100.00	5.08	10.64	154	540	35	0	0	0	0	0	728	188.48	2.78	1.38	4.37	7.27	5.50	6.05	1.50	23.87	24.77
5/30/2023 2:13:11 PM	0.30	0.53	0.09	0.00	0.00	0.00	0.00	0.62	0.91	100.00	5.17	10.43	157	532	39	0	0	0	0	0	728	188.33	2.81	1.28	4.36	7.26	5.49	6.09	1.51	23.84	24.78
5/30/2023 2:13:13 PM	0.39	0.49	0.05	0.00	0.00	0.00	0.00	0.60	0.93	100.00	5.29	10.77	206	492	22	0	0	0	0	0	720	188.48	2.68	1.26	4.23	7.08	5.32	6.03	1.52	23.80	24.76
5/30/2023 2:13:15 PM	0.25	0.47	0.05	0.00	0.00	0.00	0.00	0.62	0.78	100.00	5.40	10.65	133	470	24	0	0	0	0	0	628	188.19	2.64	1.25	4.04	7.05	5.10	5.74	1.53	23.76	24.73
5/30/2023 2:13:18 PM	0.41	0.46	0.03	0.00	0.00	0.00	0.00	0.59	0.90	100.00	5.51	10.50	217	465	13	0	0	0	0	0	695	187.93	2.60	1.21	4.06	6.97	5.24	5.94	1.54	23.74	24.73
5/30/2023 2:13:20 PM	0.23	0.47	0.06	0.00	0.00	0.00	0.00	0.61	0.76	100.00	5.64	10.71	121	470	28	0	0	0	0	0	619	187.95	2.64	1.23	4.04	7.01	5.09	5.69	1.55	23.68	24.71
5/30/2023 2:13:23 PM	0.24	0.49	0.00	0.00	0.00	0.00	0.00	0.62	0.73	100.00	5.76	10.57	128	486	2	0	0	0	0	0	616	187.88	2.55	1.24	4.08	7.05	5.09	5.56	1.56	23.65	24.69
5/30/2023 2:13:25 PM	0.24	0.46	0.08	0.00	0.00	0.00	0.00	0.60	0.77	100.00	5.88	10.58	125	459	34	0	0	0	0	0	618	187.55	2.64	1.24	4.00	6.92	5.06	5.68	1.58	23.60	24.67
5/30/2023 2:13:27 PM	0.29	0.46	0.06	0.00	0.00	0.00	0.00	0.60	0.81	100.00	6.00	10.66	152	457	29	0	0	0	0	0	638	187.69	2.64	1.24	3.98	6.99	5.13	5.81	1.59	23.57	24.63
5/30/2023 2:13:30 PM	0.24	0.46	0.00	0.00	0.00	0.00	0.00	0.62	0.70	100.00	6.16	10.57	125	464	0	0	0	0	0	0	590	187.70	2.49	1.20	3.98	7.03	5.00	5.52	1.60	23.51	24.62
5/30/2023 2:13:32 PM	0.29	0.48	0.00	0.00	0.00	0.00	0.00	0.61	0.77	100.00	6.27	10.34	153	478	0	0	0	0	0	0	631	187.68	2.51	1.23	4.09	6.93	5.07	5.55	1.61	23.48	24.59
5/30/2023 2:13:35 PM	0.19	0.45	0.03	0.00	0.00	0.00	0.00	0.61	0.67	100.00	6.41	10.28	100	446	14	0	0	0	0	0	560	187.71	2.52	1.16	3.88	6.86	4.91	5.40	1.63	23.44	24.57
5/30/2023 2:13:37 PM	0.15	0.45	0.04	0.00	0.00	0.00	0.00	0.62	0.64	100.00	6.51	10.28	81	447	18	0	0	0	0	0	546	187.77	2.53	1.29	3.85	6.93	4.89	5.41	1.64	23.40	24.59
5/30/2023 2:13:39 PM	0.24	0.50	0.00	0.00	0.00	0.00	0.00	0.62	0.73	100.00	6.59	10.36	125	498	0	0	0	0	0	0	623	187.63	2.44	1.25	4.10	7.02	5.17	5.51	1.65	23.35	24.56
5/30/2023 2:13:42 PM	0.18	0.44	0.03	0.00	0.00	0.00	0.00	0.62	0.65	100.00	6.73	10.20	96	436	13	0	0	0	0	0	545	187.60	2.51	1.10	3.79	6.88	4.91	5.39	1.66	23.32	24.56
5/30/2023 2:13:44 PM	0.21	0.43	0.00	0.00	0.00	0.00	0.00	0.61	0.64	100.00	6.85	10.17	111	434	0	0	0	0	0	0	545	187.70	2.42	1.18	3.80	6.87	4.86	5.35	1.67	23.27	24.53
5/30/2023 2:13:46 PM	0.31	0.49	0.00	0.00	0.00	0.00	0.00	0.61	0.80	100.00	6.97	10.18	165	487	2	0	0	0	0	0	654	187.42	2.54	1.21	4.11	6.96	5.18	5.64	1.68	23.23	24.53
5/30/2023 2:13:49 PM	0.25	0.44	0.01	0.00	0.00	0.00	0.00	0.62	0.69	100.00	7.12	10.08	132	436	3	0	0	0	0	0	571	187.16	2.50	1.21	3.85	6.94	4.90	5.52	1.70	23.19	24.49
5/30/2023 2:13:51 PM	0.17	0.49	0.02	0.00	0.00	0.00	0.00	0.63	0.67	100.00	7.26	10.28	88	485	9	0	0	0	0	0	583	187.36	2.57	1.22	4.02	7.06	5.07	5.46	1.71	23.14	24.44
5/30/2023 2:13:54 PM	0.27	0.47	0.01	0.00	0.00	0.00	0.00	0.61	0.74	100.00	7.42	10.36	141	470	3	0	0	0	0	0	614	187.37	2.52	1.22	4.03	6.93	5.03	5.54	1.73	23.09	24.46
5/30/2023 2:13:56 PM	0.17	0.47	0.04	0.00	0.00	0.00	0.00	0.61	0.68	100.00	7.56	10.17	89	470	17	0	0	0	0	0	577	187.12	2.55	1.28	3.98	6.90	4.99	5.40	1.74	23.05	24.42
5/30/2023 2:13:58 PM	0.20	0.43	0.04	0.00	0.00	0.00	0.00	0.61	0.68	100.00	7.72	10.07	108	433	17	0	0	0	0	0	559	187.19	2.53	1.17	3.84	6.87	4.87	5.46	1.76	23.00	24.36
5/30/2023 2:14:01 PM	0.24	0.46	0.00	0.00	0.00	0.00	0.00	0.62	0.70	100.00	7.88	10.13	130	457	0	0	0	0	0	0	586	186.93	2.44	1.17	3.87	6.96	5.06	5.49	1.77	22.97	24.37
5/30/2023 2:14:03 PM	0.19	0.48	0.00	0.00	0.00	0.00	0.00	0.62	0.67	100.00	8.02	10.09	100	485	0	0	0	0	0	0	584	186.70	2.48	1.19	4.01	6.98	5.07	5.38	1.79	22.92	24.34
5/30/2023 2:14:05 PM	0.17	0.50	0.00	0.00	0.00	0.00	0.00	0.63	0.67	100.00	8.12	10.11	92	495	0	0	0	0	0	0	588	186.87	2.40	1.16	4.06	7.07	5.12	5.41	1.80	22.87	24.33
5/30/2023 2:14:08 PM	0.22	0.50	0.01	0.00	0.00	0.00	0.00	0.63	0.73	100.00	8.23	10.37	117	499	5	0	0	0	0	0	621	186.42	2.58	1.23	4.10	7.10	5.18	5.58	1.81	22.81	24.30
5/30/2023 2:14:10 PM	0.24	0.49	0.03	0.00	0.00	0.00	0.00	0.61	0.75	100.00	8.33	10.45	126	486	13	0	0	0	0	0	625	186.55	2.57	1.20	4.04	6.96	5.18	5.56	1.82	22.77	24.28
5/30/2023 2:14:13 PM	0.25	0.47	0.00	0.00	0.00	0.00	0.00	0.62	0.72	100.00	8.47	10.34	133	469	1	0	0	0	0	0	603	186.11	2.52	1.20	3.97	6.99	5.08	5.54	1.83	22.73	24.26
5/30/2023 2:14:15 PM	0.17	0.50	0.00	0.00	0.00	0.00	0.00	0.63	0.68	100.00	8.60	10.32	92	503	0	0	0	0	0	0	596	185.84	2.51	1.21	4.03	6.99	5.19	5.36	1.84	22.68	24.22
5/30/2023 2:14:17 PM	0.19	0.49	0.00	0.00	0.00	0.00	0.00	0.62	0.68	100.00	8.70	10.31	101	488	0	0	0	0	0	0	589	185.90	2.47	1.23	4.02	6.97	5.09	5.38	1.85	22.65	24.23
5/30/2023 2:14:20 PM	0.11	0.53	0.00	0.00	0.00	0.00	0.00	0.64	0.64	100.00	8.82	10.37	60	530	0	0	0	0	0	0	591	186.16	2.54	1.26	4.17	7.11	5.20	5.32	1.86	22.59	24.20
5/30/2023 2:14:22 PM	0.03	0.56	0.07	0.00	0.00	0.00	0.00	0.65	0.66	100.00	8.93	10.31	16	564	30	0	0	0	0	0	610	185.85	2.69	1.31	4.28	7.13	5.38	5.36	1.87	22.54	24.17
5/30/2023 2:14:25 PM	0.11	0.56	0.03	0.00	0.00	0.00	0.00	0.64	0.70	100.00	9.04	10.24	56	561	15	0	0	0	0	0	632	185.93	2.63	1.33	4.38	7.09	5.29	5.38	1.89	22.50	24.13
5/30/2023 2:14:27 PM	0.09	0.58	0.00	0.00	0.00	0.00	0.00	0.64	0.67	100.00	9.16	10.18	49	581	0	0	0	0	0	0	629	185.30	2.49	1.24	4.40	7.12	5.38	5.26	1.90	22.47	24.12
5/30/2023 2:14:29 PM	0.00	0.74	0.01	0.00	0.00	0.00	0.00	0.67	0.74	100.00	9.27	10.11	0	738	3	0	0	0	0	0	741	184.16	2.77	1.41	5.13	7.38	5.89	5.24	1.91	22.41	24.08
5/30/2023 2:14:32 PM	0.00	0.76	0.00	0.00	0.00	0.00	0.00	0.66	0.76	100.00	9.40	10.05	0	758	0	0	0	0	0	0	758	183.67	2.66	1.39	5.18	7.42	6.01	5.06	1.92	22.36	24.08
5/30/2023 2:14:34 PM	0.00	0.83	0.00	0.00	0.00	0.00	0.00	0.67	0.83	100.00	9.56	9.93	0	828	0	0	0	0	0	0	828	183.24	2.75	1.43	5.56	7.53	6.24	5.10	1.94	22.32	24.03
5/30/2023 2:14:36 PM	0.00	0.98	0.00	0.00	0.00	0.00	0.00	0.69	0.98	100.00	9.71	9.83	0	979	0	0	0	0	0	0	979	181.80	2.94	1.58	6.25	7.91	6.89	5.27	1.95	22.27	24.02
5/30/2023 2:14:39 PM	0.00	1.14	0.00	0.00	0.00	0.00	0.00	0.69	1.14	100.00	9.88	9.81	0	1140	0	0	0	0	0	0	1140	180.81	3.08	1.70	7.09	8.07	7.44	5.24	1.97	22.22	24.00
