Date/Time	Green Algae	Bluegreen	Diatoms	Cryptophyta	#5	#6	#7	Yellow substances	Total conc.	Transmission	Depth	Temp. Sample	Green Algae	Bluegreen	Diatoms	Cryptophyta	#5	#6	#7	Yellow substances	Total cell count	Trans. 700 nm	LED 3 [525 nm]	LED 4 [570 nm]	LED 5 [610 nm]	LED 6 [370 nm]	LED 7 [590 nm]	LED 8 [470 nm]	Pressure	Temp. LEDs	Temp. Sensor
date	µg/l	µg/l	µg/l	µg/l	µg/l	µg/l	µg/l	r.u.	µg/l	%	m	°C	cells/ml	cells/ml	cells/ml	cells/ml	cells/ml	cells/ml	cells/ml	r.u.	cells/ml	digits	digits	digits	digits	digits	digits	digits	bar	°C	°C
7/31/2023 12:25:04 PM	31.67	1.27	1.50	0.00	0.00	0.00	0.00	0.14	34.43	100.00	0.02	27.32	16786	1267	673	0	0	0	0	0	18725	180.91	24.26	7.02	36.12	49.99	35.43	109.44	1.00	24.61	23.48
7/31/2023 12:25:07 PM	31.54	1.09	1.74	0.00	0.00	0.00	0.00	0.10	34.37	100.00	0.05	27.19	16717	1092	783	0	0	0	0	0	18592	179.71	24.58	7.33	36.35	49.74	33.81	109.75	1.00	24.64	23.51
7/31/2023 12:25:09 PM	32.39	1.06	1.29	0.00	0.00	0.00	0.00	0.08	34.73	100.00	0.03	27.14	17165	1055	580	0	0	0	0	0	18800	180.99	23.88	6.24	35.20	49.84	35.32	110.26	1.00	24.70	23.56
7/31/2023 12:25:11 PM	33.32	0.94	0.36	0.00	0.00	0.00	0.00	0.23	34.62	100.00	0.07	27.10	17658	943	163	0	0	0	0	0	18764	180.72	22.39	7.56	34.86	51.11	34.20	110.38	1.01	24.73	23.55
7/31/2023 12:25:14 PM	33.40	0.78	1.22	0.00	0.00	0.00	0.00	0.00	35.40	100.00	0.06	27.23	17699	779	551	0	0	0	0	0	19029	180.22	23.79	6.72	34.59	49.96	34.94	112.58	1.01	24.78	23.57
7/31/2023 12:25:16 PM	32.12	0.90	0.81	0.00	0.00	0.00	0.00	0.15	33.84	100.00	0.07	27.35	17025	904	365	0	0	0	0	0	18294	179.40	22.49	7.03	33.57	49.22	34.09	107.80	1.01	24.82	23.55
7/31/2023 12:25:19 PM	32.87	0.98	0.32	0.00	0.00	0.00	0.00	0.26	34.17	100.00	0.09	27.35	17423	976	143	0	0	0	0	0	18541	180.27	22.13	7.37	34.66	50.66	33.89	108.96	1.01	24.84	23.66
7/31/2023 12:25:21 PM	31.33	1.08	2.20	0.00	0.00	0.00	0.00	0.13	34.61	100.00	0.09	27.36	16607	1078	988	0	0	0	0	0	18673	179.99	25.66	5.94	35.48	50.46	35.52	111.31	1.01	24.90	23.60
7/31/2023 12:25:23 PM	33.23	1.19	0.68	0.00	0.00	0.00	0.00	0.13	35.10	100.00	0.09	27.33	17611	1192	307	0	0	0	0	0	19110	180.57	23.13	6.69	35.94	50.65	35.91	110.76	1.01	24.98	23.62
7/31/2023 12:25:26 PM	32.89	0.90	1.02	0.00	0.00	0.00	0.00	0.06	34.81	100.00	0.10	27.26	17430	903	458	0	0	0	0	0	18791	179.18	23.51	6.40	36.63	49.85	32.66	110.48	1.01	24.99	23.62
7/31/2023 12:25:28 PM	32.22	0.89	1.16	0.00	0.00	0.00	0.00	0.13	34.26	100.00	0.12	27.20	17074	889	520	0	0	0	0	0	18483	181.68	23.45	6.81	34.84	49.82	33.57	109.51	1.01	25.02	23.68
7/31/2023 12:25:31 PM	31.84	1.04	1.93	0.00	0.00	0.00	0.00	0.00	34.81	100.00	0.13	27.20	16875	1041	869	0	0	0	0	0	18785	179.47	24.68	7.64	35.61	48.63	35.03	111.02	1.01	25.08	23.70
7/31/2023 12:25:33 PM	32.60	1.14	0.99	0.00	0.00	0.00	0.00	0.10	34.72	100.00	0.16	27.31	17277	1136	444	0	0	0	0	0	18857	180.01	23.39	6.84	35.98	49.89	34.85	109.79	1.02	25.09	23.75
7/31/2023 12:25:35 PM	32.52	0.82	1.34	0.00	0.00	0.00	0.00	0.00	34.68	100.00	0.18	27.39	17238	819	603	0	0	0	0	0	18659	180.44	23.60	6.74	34.75	48.74	33.89	110.39	1.02	25.16	23.68
7/31/2023 12:25:38 PM	32.37	1.08	1.50	0.00	0.00	0.00	0.00	0.03	34.95	100.00	0.20	27.47	17154	1080	677	0	0	0	0	0	18910	180.71	24.25	7.01	36.05	49.67	34.90	110.72	1.02	25.19	23.83
7/31/2023 12:25:40 PM	33.10	0.86	0.91	0.00	0.00	0.00	0.00	0.00	34.87	100.00	0.21	27.50	17545	865	407	0	0	0	0	0	18817	180.01	22.92	7.29	35.37	48.88	33.62	110.34	1.02	25.23	23.92
7/31/2023 12:25:42 PM	32.74	1.21	0.62	0.00	0.00	0.00	0.00	0.08	34.56	100.00	0.23	27.49	17352	1209	277	0	0	0	0	0	18837	182.06	22.50	7.93	36.20	49.36	34.51	108.50	1.02	25.28	23.77
7/31/2023 12:25:45 PM	31.96	0.94	1.30	0.00	0.00	0.00	0.00	0.09	34.20	100.00	0.25	27.56	16941	943	584	0	0	0	0	0	18467	180.27	23.53	6.42	34.04	49.28	34.79	109.00	1.02	25.31	23.91
7/31/2023 12:25:47 PM	31.34	0.83	1.83	0.00	0.00	0.00	0.00	0.14	34.00	100.00	0.27	27.63	16612	827	824	0	0	0	0	0	18263	180.58	24.41	7.84	34.27	49.79	33.41	109.74	1.03	25.35	23.85
7/31/2023 12:25:50 PM	31.08	0.97	1.78	0.00	0.00	0.00	0.00	0.26	33.84	100.00	0.31	27.52	16475	966	803	0	0	0	0	0	18244	180.83	24.60	7.21	34.09	50.69	34.55	109.74	1.03	25.39	23.92
7/31/2023 12:25:52 PM	32.09	0.96	1.25	0.00	0.00	0.00	0.00	0.00	34.31	100.00	0.33	27.51	17009	962	563	0	0	0	0	0	18534	179.99	23.23	7.07	34.95	48.15	33.96	108.64	1.03	25.44	23.88
7/31/2023 12:25:54 PM	33.60	0.70	0.41	0.00	0.00	0.00	0.00	0.01	34.71	100.00	0.33	27.44	17809	702	185	0	0	0	0	0	18696	181.94	22.08	6.67	35.21	49.14	32.13	109.62	1.03	25.48	23.85
7/31/2023 12:25:57 PM	31.38	0.84	2.05	0.02	0.00	0.00	0.00	0.00	34.29	100.00	0.35	27.40	16629	842	924	1	0	0	0	0	18395	181.73	24.52	7.80	34.02	48.02	34.47	110.12	1.03	25.50	23.92
7/31/2023 12:25:59 PM	32.23	0.67	1.54	0.00	0.00	0.00	0.00	0.07	34.44	100.00	0.35	27.32	17081	669	695	0	0	0	0	0	18445	180.32	24.03	6.62	33.91	49.71	33.39	110.69	1.03	25.59	23.92
7/31/2023 12:26:01 PM	32.23	1.13	1.31	0.00	0.00	0.00	0.00	0.00	34.67	100.00	0.35	27.27	17082	1129	588	0	0	0	0	0	18799	182.14	23.66	6.43	35.62	48.66	35.23	109.33	1.03	25.58	24.01
7/31/2023 12:26:04 PM	32.85	0.92	0.99	0.00	0.00	0.00	0.00	0.00	34.76	100.00	0.36	27.19	17410	923	447	0	0	0	0	0	18780	180.69	23.04	7.41	35.84	48.65	33.38	109.96	1.04	25.63	24.12
7/31/2023 12:26:06 PM	32.18	1.03	1.25	0.00	0.00	0.00	0.00	0.00	34.45	100.00	0.39	27.08	17053	1026	561	0	0	0	0	0	18640	180.51	23.27	7.52	35.11	48.34	34.42	108.89	1.04	25.66	24.02
7/31/2023 12:26:09 PM	31.56	0.88	1.44	0.00	0.00	0.00	0.00	0.13	33.88	100.00	0.45	27.03	16726	883	648	0	0	0	0	0	18257	182.35	23.63	7.66	34.44	49.32	33.26	108.61	1.04	25.70	24.16
7/31/2023 12:26:11 PM	31.87	1.02	0.80	0.00	0.00	0.00	0.00	0.32	33.69	100.00	0.49	27.14	16891	1019	362	0	0	0	0	0	18272	180.22	23.01	6.83	34.99	50.77	33.43	108.41	1.05	25.74	24.05
7/31/2023 12:26:13 PM	31.19	1.20	1.81	0.00	0.00	0.00	0.00	0.11	34.19	100.00	0.49	27.18	16529	1198	814	0	0	0	0	0	18541	180.95	24.60	6.99	35.79	49.48	34.96	109.01	1.05	25.78	24.05
7/31/2023 12:26:16 PM	31.74	1.11	1.99	0.00	0.00	0.00	0.00	0.08	34.84	100.00	0.50	27.13	16823	1105	897	0	0	0	0	0	18825	181.36	25.07	7.99	35.43	50.18	35.67	111.32	1.05	25.80	24.11
7/31/2023 12:26:18 PM	32.27	1.43	1.65	0.00	0.00	0.00	0.00	0.13	35.35	100.00	0.52	27.08	17105	1427	740	0	0	0	0	0	19272	180.74	25.07	8.01	37.98	51.18	36.13	112.04	1.05	25.83	24.16
7/31/2023 12:26:20 PM	32.62	0.93	1.20	0.28	0.00	0.00	0.00	0.08	35.04	100.00	0.54	27.08	17291	926	542	9	0	0	0	0	18767	179.85	24.36	9.27	35.54	50.50	35.40	111.90	1.05	25.88	24.12
7/31/2023 12:26:23 PM	33.69	0.87	0.29	0.42	0.00	0.00	0.00	0.11	35.26	100.00	0.56	27.08	17853	867	132	13	0	0	0	0	18865	179.67	23.29	8.50	35.31	50.87	36.01	112.06	1.06	25.93	24.20
7/31/2023 12:26:25 PM	31.08	1.36	2.33	0.00	0.00	0.00	0.00	0.18	34.77	100.00	0.59	27.00	16473	1360	1050	0	0	0	0	0	18882	181.37	26.14	7.27	37.34	51.03	35.81	111.56	1.06	25.94	24.20
7/31/2023 12:26:28 PM	33.04	1.23	0.83	0.00	0.00	0.00	0.00	0.09	35.10	100.00	0.61	26.95	17510	1231	374	0	0	0	0	0	19116	179.73	23.32	7.36	36.85	50.30	35.15	110.52	1.06	25.99	24.17
7/31/2023 12:26:30 PM	32.33	0.99	1.29	0.00	0.00	0.00	0.00	0.11	34.60	100.00	0.63	26.92	17133	990	579	0	0	0	0	0	18702	180.66	23.85	7.47	35.98	50.09	33.63	110.30	1.06	26.03	24.18
7/31/2023 12:26:32 PM	33.73	1.22	0.86	0.00	0.00	0.00	0.00	0.00	35.81	100.00	0.64	26.92	17876	1217	388	0	0	0	0	0	19480	181.24	23.27	8.05	36.78	49.26	36.33	112.58	1.06	26.06	24.21
7/31/2023 12:26:35 PM	31.94	1.42	1.36	0.00	0.00	0.00	0.00	0.18	34.72	100.00	0.65	26.91	16929	1416	611	0	0	0	0	0	18956	179.71	24.17	8.95	37.29	50.64	35.44	110.05	1.06	26.09	24.26
7/31/2023 12:26:37 PM	33.38	1.21	0.91	0.00	0.00	0.00	0.00	0.00	35.50	100.00	0.65	26.87	17694	1213	408	0	0	0	0	0	19315	180.23	23.37	7.49	37.42	49.29	35.13	111.47	1.06	26.12	24.28
7/31/2023 12:26:40 PM	31.94	1.10	2.18	0.00	0.00	0.00	0.00	0.01	35.22	100.00	0.67	26.83	16926	1104	979	0	0	0	0	0	19009	180.10	25.50	7.77	35.98	50.11	35.78	112.22	1.07	26.16	24.26
7/31/2023 12:26:42 PM	34.55	1.05	0.30	0.00	0.00	0.00	0.00	0.02	35.90	100.00	0.68	26.81	18311	1051	135	0	0	0	0	0	19497	180.69	22.53	7.26	36.01	50.64	35.79	112.39	1.07	26.19	24.32
7/31/2023 12:26:44 PM	33.18	1.29	1.17	0.00	0.00	0.00	0.00	0.00	35.64	100.00	0.68	26.79	17587	1290	526	0	0	0	0	0	19404	180.44	23.85	8.64	37.23	49.91	36.01	111.85	1.07	26.22	24.36
7/31/2023 12:26:47 PM	30.99	1.22	2.69	0.00	0.00	0.00	0.00	0.08	34.90	100.00	0.70	26.75	16425	1220	1210	0	0	0	0	0	18854	180.49	26.44	7.77	36.02	50.44	36.36	112.05	1.07	26.26	24.37
7/31/2023 12:26:49 PM	34.41	1.09	0.50	0.00	0.00	0.00	0.00	0.00	36.00	100.00	0.71	26.72	18236	1093	224	0	0	0	0	0	19553	180.47	23.08	6.32	37.43	50.39	35.04	112.71	1.07	26.29	24.33
7/31/2023 12:26:51 PM	33.03	1.31	1.50	0.00	0.00	0.00	0.00	0.00	35.84	100.00	0.73	26.70	17507	1308	677	0	0	0	0	0	19492	181.64	24.50	8.95	37.25	50.02	36.62	112.97	1.07	26.32	24.39
7/31/2023 12:26:54 PM	32.36	1.43	1.81	0.00	0.00	0.00	0.00	0.17	35.60	100.00	0.76	26.68	17149	1430	816	0	0	0	0	0	19395	180.90	25.53	8.33	37.51	51.96	37.17	113.36	1.07	26.34	24.44
7/31/2023 12:26:56 PM	31.98	1.53	2.01	0.00	0.00	0.00	0.00	0.16	35.53	100.00	0.80	26.65	16950	1535	907	0	0	0	0	0	19392	181.03	25.90	8.21	38.09	51.76	37.31	113.01	1.08	26.38	24.47
7/31/2023 12:26:59 PM	31.76	1.54	2.03	0.00	0.00	0.00	0.00	0.20	35.33	100.00	0.85	26.64	16835	1545	912	0	0	0	0	0	19291	180.20	25.94	8.35	38.54	51.88	36.59	112.66	1.08	26.41	24.46
7/31/2023 12:27:01 PM	32.97	1.52	1.54	0.00	0.00	0.00	0.00	0.19	36.04	100.00	0.89	26.63	17476	1517	695	0	0	0	0	0	19688	180.83	25.51	7.54	38.63	52.64	37.43	114.34	1.09	26.44	24.47
7/31/2023 12:27:03 PM	32.16	1.58	2.38	0.00	0.00	0.00	0.00	0.11	36.12	100.00	0.93	26.63	17043	1584	1071	0	0	0	0	0	19698	181.61	26.88	7.37	38.69	52.13	38.33	114.78	1.09	26.46	24.49
7/31/2023 12:27:06 PM	33.93	1.51	1.58	0.00	0.00	0.00	0.00	0.09	37.02	100.00	0.97	26.63	17984	1511	709	0	0	0	0	0	20204	179.31	25.89	7.61	39.37	53.05	38.22	116.76	1.10	26.49	24.48
7/31/2023 12:27:08 PM	33.79	1.35	1.97	0.00	0.00	0.00	0.00	0.04	37.11	100.00	1.00	26.61	17908	1352	887	0	0	0	0	0	20146	180.03	26.47	7.83	38.88	52.89	37.81	117.58	1.10	26.53	24.53
7/31/2023 12:27:10 PM	34.54	1.54	1.80	0.33	0.00	0.00	0.00	0.07	38.20	100.00	1.02	26.59	18304	1542	810	10	0	0	0	0	20666	180.27	27.58	9.54	40.25	54.65	40.95	120.96	1.10	26.56	24.57
7/31/2023 12:27:13 PM	33.20	1.65	2.64	0.00	0.00	0.00	0.00	0.03	37.49	100.00	1.06	26.56	17598	1649	1187	0	0	0	0	0	20434	179.95	27.91	8.49	40.31	53.33	39.34	118.68	1.10	26.59	24.58
7/31/2023 12:27:15 PM	33.88	1.69	1.96	0.30	0.00	0.00	0.00	0.09	37.84	100.00	1.09	26.55	17958	1688	884	9	0	0	0	0	20539	181.65	27.68	9.65	40.49	54.26	41.08	119.68	1.11	26.61	24.58
7/31/2023 12:27:18 PM	34.21	1.96	2.11	0.00	0.00	0.00	0.00	0.00	38.27	100.00	1.13	26.53	18130	1962	947	0	0	0	0	0	21040	179.70	27.31	9.47	41.93	53.73	40.86	119.39	1.11	26.65	24.63
7/31/2023 12:27:20 PM	33.98	1.88	2.29	0.16	0.00	0.00	0.00	0.11	38.30	100.00	1.17	26.48	18008	1877	1031	5	0	0	0	0	20920	180.46	28.28	9.71	41.38	55.10	41.80	121.04	1.11	26.66	24.67
7/31/2023 12:27:22 PM	35.22	1.64	2.34	0.82	0.00	0.00	0.00	0.09	40.02	100.00	1.19	26.43	18668	1641	1052	25	0	0	0	0	21386	178.96	30.94	11.22	43.20	57.72	44.19	127.92	1.12	26.69	24.66
7/31/2023 12:27:25 PM	35.44	2.12	2.55	0.00	0.00	0.00	0.00	0.24	40.11	100.00	1.23	26.30	18783	2120	1147	0	0	0	0	0	22050	180.24	29.88	9.56	43.96	58.80	43.58	127.26	1.12	26.73	24.73
7/31/2023 12:27:27 PM	42.49	1.94	2.15	0.55	0.00	0.00	0.00	0.00	47.13	100.00	1.26	26.04	22522	1939	966	16	0	0	0	0	25443	178.50	33.83	11.85	49.88	65.55	50.33	149.01	1.12	26.73	24.72
7/31/2023 12:27:30 PM	46.77	2.45	4.56	0.00	0.00	0.00	0.00	0.00	53.78	100.00	1.29	25.74	24786	2455	2053	0	0	0	0	0	29294	178.76	41.00	13.07	57.50	75.70	55.95	170.94	1.13	26.78	24.72
7/31/2023 12:27:32 PM	45.30	2.52	4.78	0.02	0.00	0.00	0.00	0.00	52.62	100.00	1.33	25.56	24007	2521	2152	1	0	0	0	0	28680	177.16	40.72	13.30	56.14	74.34	55.92	167.18	1.13	26.79	24.73
7/31/2023 12:27:34 PM	46.21	2.05	3.71	0.67	0.00	0.00	0.00	0.00	52.63	100.00	1.36	25.41	24492	2045	1669	20	0	0	0	0	28227	178.14	40.33	13.50	55.23	74.57	56.05	168.08	1.13	26.83	24.79
7/31/2023 12:27:37 PM	44.15	2.52	4.61	0.40	0.00	0.00	0.00	0.04	51.68	100.00	1.41	25.20	23399	2525	2074	12	0	0	0	0	28009	176.92	41.00	12.76	55.54	73.73	56.80	164.63	1.14	26.85	24.81
7/31/2023 12:27:39 PM	45.05	2.57	4.71	0.00	0.00	0.00	0.00	0.02	52.33	100.00	1.46	24.93	23875	2573	2118	0	0	0	0	0	28566	177.16	40.52	12.70	56.00	74.34	55.91	166.08	1.14	26.87	24.83
7/31/2023 12:27:41 PM	42.84	2.26	5.19	0.57	0.00	0.00	0.00	0.07	50.86	100.00	1.49	24.67	22705	2262	2335	17	0	0	0	0	27320	178.19	41.94	13.87	54.68	73.23	55.31	163.86	1.15	26.89	24.82
7/31/2023 12:27:44 PM	42.86	2.68	5.07	0.00	0.00	0.00	0.00	0.11	50.61	100.00	1.52	24.40	22716	2683	2280	0	0	0	0	0	27680	177.82	40.36	13.21	55.10	72.85	54.83	161.39	1.15	26.91	24.82
7/31/2023 12:27:46 PM	40.17	1.96	4.93	0.73	0.00	0.00	0.00	0.31	47.78	100.00	1.54	24.33	21288	1957	2218	22	0	0	0	0	25486	178.34	40.68	12.68	51.01	71.53	52.68	156.70	1.15	26.94	24.88
7/31/2023 12:27:49 PM	40.85	2.83	4.99	0.00	0.00	0.00	0.00	0.28	48.66	100.00	1.57	24.39	21650	2825	2244	0	0	0	0	0	26719	177.10	39.50	13.50	54.30	71.64	53.41	155.94	1.15	26.96	24.87
7/31/2023 12:27:51 PM	38.71	2.12	5.36	0.64	0.00	0.00	0.00	0.17	46.83	100.00	1.58	23.99	20517	2115	2412	19	0	0	0	0	25063	179.36	40.31	12.77	50.72	68.70	52.06	152.44	1.16	26.97	24.88
7/31/2023 12:27:53 PM	34.82	1.73	4.97	1.70	0.00	0.00	0.00	0.26	43.23	100.00	1.61	23.69	18455	1734	2238	51	0	0	0	0	22478	180.26	40.34	12.76	47.69	64.97	51.20	143.47	1.16	26.99	24.97
7/31/2023 12:27:56 PM	33.30	1.64	4.66	2.59	0.00	0.00	0.00	0.27	42.18	100.00	1.64	23.45	17647	1636	2095	78	0	0	0	0	21455	179.73	41.36	14.63	48.16	63.91	52.06	141.18	1.16	27.02	24.96
7/31/2023 12:27:58 PM	31.70	2.16	6.42	1.68	0.00	0.00	0.00	0.34	41.97	100.00	1.68	23.21	16803	2156	2891	51	0	0	0	0	21900	179.46	42.46	13.85	48.65	64.22	51.61	140.63	1.16	27.03	24.96
7/31/2023 12:28:00 PM	30.45	1.81	4.92	3.08	0.00	0.00	0.00	0.33	40.27	100.00	1.73	23.31	16137	1809	2216	92	0	0	0	0	20255	180.80	42.16	15.18	47.99	61.93	52.66	135.92	1.17	27.05	24.97
7/31/2023 12:28:03 PM	28.98	1.87	5.30	2.49	0.00	0.00	0.00	0.47	38.63	100.00	1.79	23.21	15357	1870	2384	75	0	0	0	0	19685	180.51	40.73	14.14	45.98	60.89	49.94	131.34	1.18	27.06	25.03
7/31/2023 12:28:05 PM	27.29	1.65	5.03	2.06	0.00	0.00	0.00	0.37	36.03	100.00	1.84	22.58	14465	1652	2264	62	0	0	0	0	18443	181.13	37.38	11.65	41.76	56.06	46.30	121.99	1.18	27.08	24.98
7/31/2023 12:28:08 PM	25.12	1.61	5.15	2.33	0.00	0.00	0.00	0.49	34.21	100.00	1.89	22.25	13314	1609	2319	70	0	0	0	0	17312	182.16	37.46	12.93	41.03	54.88	44.90	117.71	1.19	27.09	25.08
7/31/2023 12:28:10 PM	22.80	1.84	5.17	2.64	0.00	0.00	0.00	0.62	32.45	100.00	1.95	21.89	12085	1838	2328	79	0	0	0	0	16329	182.47	37.69	12.52	40.62	53.73	45.67	112.90	1.19	27.11	25.03
7/31/2023 12:28:12 PM	22.96	1.91	5.44	3.00	0.00	0.00	0.00	0.56	33.31	100.00	1.97	21.44	12168	1905	2449	90	0	0	0	0	16613	181.42	39.39	14.23	42.54	54.46	47.17	115.69	1.19	27.13	25.02
7/31/2023 12:28:15 PM	24.13	2.09	5.54	2.21	0.00	0.00	0.00	0.61	33.97	100.00	2.03	21.39	12791	2089	2491	66	0	0	0	0	17438	181.60	38.16	13.03	42.44	55.60	46.26	116.91	1.20	27.12	25.06
7/31/2023 12:28:17 PM	22.20	1.88	5.40	3.45	0.00	0.00	0.00	0.54	32.93	100.00	2.06	21.06	11764	1878	2432	104	0	0	0	0	16177	182.13	40.23	13.98	42.50	53.84	48.55	114.86	1.20	27.14	25.06
7/31/2023 12:28:20 PM	22.01	1.95	5.78	3.05	0.00	0.00	0.00	0.58	32.80	100.00	2.08	20.85	11666	1952	2602	92	0	0	0	0	16311	182.33	39.92	13.82	42.21	53.99	47.45	114.52	1.20	27.16	25.08
7/31/2023 12:28:22 PM	21.49	2.25	6.11	3.38	0.00	0.00	0.00	0.61	33.24	100.00	2.12	21.07	11389	2253	2751	101	0	0	0	0	16495	182.48	41.73	15.42	44.56	55.00	49.51	116.14	1.21	27.16	25.12
7/31/2023 12:28:24 PM	21.81	1.85	5.10	3.97	0.00	0.00	0.00	0.53	32.73	100.00	2.14	20.92	11561	1850	2293	119	0	0	0	0	15823	182.13	40.81	14.67	43.01	53.52	49.70	114.43	1.21	27.16	25.08
7/31/2023 12:28:27 PM	20.70	1.89	5.63	4.11	0.00	0.00	0.00	0.53	32.34	100.00	2.17	20.37	10970	1895	2535	123	0	0	0	0	15523	181.25	41.91	15.41	43.32	53.18	49.85	113.89	1.21	27.16	25.16
7/31/2023 12:28:29 PM	20.95	2.20	5.95	4.05	0.00	0.00	0.00	0.46	33.15	100.00	2.21	20.34	11103	2202	2678	122	0	0	0	0	16105	182.02	42.70	15.53	44.97	53.48	51.53	115.37	1.22	27.21	25.16
7/31/2023 12:28:31 PM	20.39	2.95	6.08	9.18	0.00	0.00	0.00	0.45	38.61	100.00	2.27	19.93	10808	2952	2738	275	0	0	0	0	16773	181.42	59.29	24.88	60.54	62.40	73.74	136.89	1.22	27.16	25.17
7/31/2023 12:28:34 PM	17.58	3.71	7.94	14.84	0.00	0.00	0.00	0.33	44.07	100.00	2.32	19.21	9317	3711	3573	445	0	0	0	0	17046	179.74	80.14	34.31	76.78	70.92	98.59	160.26	1.23	27.19	25.14
7/31/2023 12:28:36 PM	17.03	3.67	7.41	12.44	0.00	0.00	0.00	0.40	40.55	100.00	2.33	19.07	9025	3670	3337	373	0	0	0	0	16404	179.26	71.14	30.80	70.11	65.70	87.82	146.15	1.23	27.21	25.18
7/31/2023 12:28:39 PM	16.08	3.44	7.55	11.60	0.00	0.00	0.00	0.47	38.67	100.00	2.35	18.90	8521	3442	3398	348	0	0	0	0	15710	180.34	68.30	28.84	66.31	63.61	83.25	140.48	1.23	27.16	25.23
7/31/2023 12:28:41 PM	16.13	3.67	8.85	10.48	0.00	0.00	0.00	0.41	39.14	100.00	2.35	18.91	8551	3672	3984	314	0	0	0	0	16522	179.97	68.01	27.16	65.71	63.52	81.72	141.07	1.23	27.16	25.22
7/31/2023 12:28:43 PM	15.33	3.79	8.43	12.47	0.00	0.00	0.00	0.32	40.02	100.00	2.37	19.19	8125	3788	3796	374	0	0	0	0	16082	179.91	72.62	30.11	69.88	64.33	88.65	144.72	1.23	27.21	25.20
7/31/2023 12:28:46 PM	14.33	3.73	8.94	10.86	0.00	0.00	0.00	0.30	37.86	100.00	2.38	19.25	7596	3735	4022	326	0	0	0	0	15678	180.16	68.14	26.80	65.13	60.64	82.39	136.43	1.23	27.17	25.24
7/31/2023 12:28:48 PM	13.79	3.63	8.53	11.25	0.00	0.00	0.00	0.37	37.20	100.00	2.39	19.36	7306	3630	3840	338	0	0	0	0	15113	179.98	68.12	28.06	65.16	60.53	82.03	135.17	1.23	27.20	25.27
7/31/2023 12:28:50 PM	13.38	4.38	9.47	10.06	0.00	0.00	0.00	0.30	37.29	100.00	2.41	19.48	7089	4376	4261	302	0	0	0	0	16029	178.43	66.81	27.64	66.40	59.37	80.97	132.48	1.24	27.17	25.30
7/31/2023 12:28:53 PM	10.27	4.02	9.60	9.78	0.00	0.00	0.00	0.35	33.68	100.00	2.44	19.49	5444	4025	4321	293	0	0	0	0	14083	179.74	64.24	26.16	61.57	54.87	76.12	122.09	1.24	27.16	25.38
7/31/2023 12:28:55 PM	9.80	3.76	9.44	11.69	0.00	0.00	0.00	0.29	34.68	100.00	2.46	19.11	5191	3757	4247	351	0	0	0	0	13546	180.84	69.21	28.25	64.15	56.45	82.04	127.68	1.24	27.15	25.29
7/31/2023 12:28:58 PM	7.97	4.45	11.35	12.83	0.00	0.00	0.00	0.38	36.60	100.00	2.48	18.56	4225	4448	5108	385	0	0	0	0	14167	178.83	77.12	30.54	70.15	60.55	90.35	136.20	1.24	27.17	25.29
7/31/2023 12:29:00 PM	6.13	5.56	13.54	13.91	0.00	0.00	0.00	0.37	39.13	100.00	2.54	18.31	3248	5557	6092	417	0	0	0	0	15314	179.34	85.53	33.94	78.37	64.37	99.97	145.00	1.25	27.16	25.24
7/31/2023 12:29:02 PM	6.97	4.98	11.27	14.97	0.00	0.00	0.00	0.51	38.18	100.00	2.56	17.81	3693	4976	5072	449	0	0	0	0	14189	178.78	83.78	34.44	76.85	64.51	99.82	143.26	1.25	27.12	25.42
7/31/2023 12:29:05 PM	7.03	6.30	12.98	15.90	0.00	0.00	0.00	0.42	42.21	100.00	2.58	17.22	3725	6301	5841	477	0	0	0	0	16344	177.58	91.67	38.35	86.99	69.30	110.57	154.86	1.25	27.16	25.32
7/31/2023 12:29:07 PM	7.07	7.66	15.22	16.13	0.00	0.00	0.00	0.38	46.08	100.00	2.61	17.30	3746	7662	6850	484	0	0	0	0	18742	178.18	98.68	42.52	96.55	74.24	118.68	165.99	1.26	27.11	25.39
7/31/2023 12:29:09 PM	5.84	6.11	14.53	18.17	0.00	0.00	0.00	0.44	44.65	100.00	2.63	17.62	3094	6106	6539	545	0	0	0	0	16284	178.17	101.68	42.25	92.13	74.30	119.19	167.95	1.26	27.10	25.33
7/31/2023 12:29:12 PM	6.17	7.30	14.30	17.91	0.00	0.00	0.00	0.60	45.68	100.00	2.65	17.74	3273	7298	6435	537	0	0	0	0	17542	177.62	101.86	43.52	97.21	76.46	122.99	168.53	1.26	27.08	25.34
7/31/2023 12:29:14 PM	6.24	7.42	13.39	18.47	0.00	0.00	0.00	0.69	45.51	100.00	2.73	17.46	3309	7417	6025	554	0	0	0	0	17305	177.07	101.68	45.71	98.88	76.99	123.83	167.92	1.27	27.08	25.30
7/31/2023 12:29:17 PM	2.15	5.51	11.65	12.60	0.00	0.00	0.00	0.77	31.91	100.00	2.83	15.87	1139	5511	5241	378	0	0	0	0	12269	179.06	75.56	30.63	70.00	57.27	89.53	121.36	1.28	27.06	25.34
7/31/2023 12:29:19 PM	2.73	5.28	10.69	11.80	0.00	0.00	0.00	0.76	30.50	100.00	2.97	14.93	1449	5276	4809	354	0	0	0	0	11887	179.61	70.82	29.67	66.88	54.74	84.41	115.30	1.29	27.04	25.39
7/31/2023 12:29:21 PM	3.21	5.10	10.50	8.38	0.00	0.00	0.00	0.67	27.20	100.00	2.94	14.72	1702	5104	4725	252	0	0	0	0	11782	179.53	59.57	24.32	58.17	48.04	70.53	100.19	1.29	27.02	25.39
7/31/2023 12:29:24 PM	3.59	5.00	9.71	8.02	0.00	0.00	0.00	0.70	26.32	100.00	2.97	15.36	1902	4995	4372	241	0	0	0	0	11509	180.88	56.70	24.02	56.60	46.79	67.76	96.51	1.29	26.99	25.43
7/31/2023 12:29:26 PM	3.08	5.30	10.83	7.40	0.00	0.00	0.00	0.63	26.61	100.00	2.99	16.20	1630	5301	4874	222	0	0	0	0	12027	179.76	57.22	23.44	57.04	46.39	67.56	96.60	1.29	26.96	25.37
7/31/2023 12:29:29 PM	3.53	4.76	9.50	7.94	0.00	0.00	0.00	0.64	25.74	100.00	3.01	16.31	1871	4761	4276	238	0	0	0	0	11147	180.36	55.62	23.00	54.85	45.44	66.51	94.52	1.29	26.93	25.44
7/31/2023 12:29:31 PM	3.94	4.47	8.56	8.06	0.00	0.00	0.00	0.68	25.03	100.00	3.04	16.16	2089	4468	3851	242	0	0	0	0	10650	180.15	53.83	22.70	53.28	44.79	65.02	92.42	1.30	26.92	25.32
7/31/2023 12:29:33 PM	2.95	4.81	9.22	6.52	0.00	0.00	0.00	0.68	23.50	100.00	3.10	16.00	1564	4809	4149	195	0	0	0	0	10718	180.20	50.22	21.34	51.19	42.05	60.01	85.45	1.30	26.91	25.37
7/31/2023 12:29:36 PM	3.39	4.41	8.46	6.29	0.00	0.00	0.00	0.65	22.56	100.00	3.13	15.64	1796	4415	3807	189	0	0	0	0	10206	180.62	47.59	19.90	48.29	40.35	57.28	82.14	1.31	26.87	25.47
7/31/2023 12:29:38 PM	3.00	3.68	7.39	6.39	0.00	0.00	0.00	0.57	20.47	100.00	3.16	15.30	1592	3679	3326	192	0	0	0	0	8789	180.00	44.40	17.43	43.23	36.77	53.86	75.77	1.31	26.86	25.38
7/31/2023 12:29:40 PM	3.47	3.87	7.09	5.72	0.00	0.00	0.00	0.53	20.15	100.00	3.21	15.04	1841	3867	3191	172	0	0	0	0	9071	179.28	41.86	17.00	42.74	35.50	51.78	72.75	1.31	26.84	25.39
7/31/2023 12:29:43 PM	3.60	4.21	6.68	4.54	0.00	0.00	0.00	0.42	19.03	100.00	3.25	14.73	1906	4213	3005	136	0	0	0	0	9261	178.41	37.25	15.17	41.07	31.96	48.35	65.32	1.32	26.81	25.39
7/31/2023 12:29:45 PM	4.02	4.69	6.07	3.51	0.00	0.00	0.00	0.34	18.30	100.00	3.25	14.75	2132	4689	2733	105	0	0	0	0	9659	177.03	32.98	14.41	40.70	29.32	45.66	59.05	1.32	26.78	25.39
7/31/2023 12:29:48 PM	4.03	4.68	6.34	3.77	0.00	0.00	0.00	0.34	18.81	100.00	3.27	15.05	2134	4680	2853	113	0	0	0	0	9779	176.72	34.43	14.61	41.43	30.19	47.09	61.34	1.32	26.74	25.42
7/31/2023 12:29:50 PM	4.51	4.77	6.51	3.60	0.00	0.00	0.00	0.28	19.39	100.00	3.27	15.38	2390	4766	2929	108	0	0	0	0	10193	177.05	34.51	14.51	41.94	30.31	47.38	62.44	1.32	26.70	25.43
7/31/2023 12:29:52 PM	3.72	5.16	7.03	3.66	0.00	0.00	0.00	0.36	19.57	100.00	3.28	15.57	1972	5159	3164	110	0	0	0	0	10405	177.23	35.99	15.56	43.94	31.32	48.96	63.25	1.32	26.68	25.50
7/31/2023 12:29:55 PM	4.42	3.90	5.06	5.10	0.00	0.00	0.00	0.37	18.48	100.00	3.29	15.70	2341	3902	2276	153	0	0	0	0	8673	176.54	35.24	15.03	39.99	30.66	48.17	62.83	1.32	26.67	25.40
7/31/2023 12:29:57 PM	3.27	4.82	6.77	4.00	0.00	0.00	0.00	0.36	18.86	100.00	3.31	15.70	1736	4817	3049	120	0	0	0	0	9721	176.57	35.90	15.32	42.46	30.63	48.30	62.09	1.32	26.65	25.37
7/31/2023 12:29:59 PM	4.17	4.84	6.64	3.65	0.00	0.00	0.00	0.25	19.29	100.00	3.30	15.73	2209	4835	2989	109	0	0	0	0	10142	175.59	34.71	15.10	42.37	29.87	47.40	61.90	1.32	26.57	25.47
7/31/2023 12:30:02 PM	4.18	4.41	6.13	4.32	0.00	0.00	0.00	0.23	19.04	100.00	3.31	15.88	2214	4410	2760	130	0	0	0	0	9514	176.49	35.26	15.06	41.38	29.74	47.95	62.42	1.32	26.54	25.40
7/31/2023 12:30:04 PM	3.71	4.72	6.38	4.59	0.00	0.00	0.00	0.29	19.40	100.00	3.33	16.06	1968	4717	2872	138	0	0	0	0	9694	176.17	36.80	16.10	43.40	30.76	50.03	63.73	1.33	26.53	25.37
7/31/2023 12:30:07 PM	3.86	5.03	6.76	4.28	0.00	0.00	0.00	0.23	19.93	100.00	3.38	15.87	2046	5031	3042	128	0	0	0	0	10248	175.42	36.89	16.47	44.70	30.71	50.40	64.13	1.33	26.48	25.43
7/31/2023 12:30:09 PM	3.07	4.48	7.00	4.40	0.00	0.00	0.00	0.26	18.95	100.00	3.41	15.38	1627	4484	3148	132	0	0	0	0	9391	175.89	37.04	15.90	42.03	30.16	48.35	63.29	1.33	26.46	25.33
7/31/2023 12:30:11 PM	2.60	3.72	6.26	4.43	0.00	0.00	0.00	0.27	17.01	100.00	3.43	15.15	1380	3718	2815	133	0	0	0	0	8047	175.22	34.52	14.22	37.28	27.80	44.41	58.48	1.34	26.41	25.40
7/31/2023 12:30:14 PM	2.43	3.84	6.67	4.10	0.00	0.00	0.00	0.20	17.04	100.00	3.45	15.34	1286	3836	3003	123	0	0	0	0	8248	175.12	34.27	14.36	37.42	27.05	43.66	57.78	1.34	26.37	25.37
7/31/2023 12:30:16 PM	1.93	3.84	7.09	4.08	0.00	0.00	0.00	0.23	16.94	100.00	3.47	15.35	1021	3837	3192	123	0	0	0	0	8172	174.51	35.01	13.98	37.21	27.28	43.91	58.14	1.34	26.35	25.33
7/31/2023 12:30:19 PM	2.14	3.63	6.69	4.19	0.00	0.00	0.00	0.16	16.66	100.00	3.49	15.05	1137	3627	3012	126	0	0	0	0	7902	175.12	34.17	13.78	36.26	26.21	43.15	56.91	1.34	26.34	25.33
7/31/2023 12:30:21 PM	2.01	3.23	6.34	4.31	0.00	0.00	0.00	0.14	15.89	100.00	3.51	14.66	1063	3231	2853	129	0	0	0	0	7276	175.02	33.26	13.14	34.18	25.13	41.60	55.16	1.34	26.28	25.33
7/31/2023 12:30:23 PM	1.99	3.64	6.42	3.18	0.00	0.00	0.00	0.18	15.23	100.00	3.53	14.59	1054	3642	2891	95	0	0	0	0	7682	175.36	30.30	12.48	33.67	24.00	38.66	50.96	1.35	26.22	25.43
7/31/2023 12:30:26 PM	2.01	3.38	6.00	3.50	0.00	0.00	0.00	0.22	14.89	100.00	3.54	14.78	1065	3379	2702	105	0	0	0	0	7251	174.26	30.23	12.08	32.68	24.02	38.68	50.79	1.35	26.20	25.34
7/31/2023 12:30:28 PM	1.92	4.09	6.63	3.46	0.00	0.00	0.00	0.21	16.10	100.00	3.58	14.88	1019	4090	2982	104	0	0	0	0	8195	174.59	32.04	13.77	36.66	25.39	41.60	53.25	1.35	26.16	25.32
7/31/2023 12:30:30 PM	1.94	3.96	6.30	3.03	0.00	0.00	0.00	0.22	15.23	100.00	3.60	14.70	1030	3958	2833	91	0	0	0	0	7912	174.35	29.85	13.00	34.80	24.12	38.98	50.05	1.35	26.10	25.30
7/31/2023 12:30:33 PM	1.85	3.63	5.92	2.85	0.00	0.00	0.00	0.27	14.25	100.00	3.61	14.51	983	3629	2663	85	0	0	0	0	7361	175.70	28.20	11.70	32.23	23.24	36.75	47.54	1.35	26.08	25.32
7/31/2023 12:30:35 PM	1.99	2.98	4.62	3.59	0.00	0.00	0.00	0.30	13.18	100.00	3.64	14.62	1057	2978	2081	108	0	0	0	0	6223	174.40	27.05	11.48	29.80	22.30	35.74	45.54	1.36	26.02	25.38
7/31/2023 12:30:38 PM	2.00	3.33	5.25	2.72	0.00	0.00	0.00	0.23	13.30	100.00	3.65	14.83	1061	3328	2364	82	0	0	0	0	6835	174.74	25.93	11.19	30.10	21.44	34.23	44.10	1.36	25.99	25.27
7/31/2023 12:30:40 PM	2.14	3.56	5.45	2.34	0.00	0.00	0.00	0.22	13.49	100.00	3.71	14.96	1136	3556	2454	70	0	0	0	0	7217	175.40	25.47	10.86	30.51	21.43	34.07	43.79	1.36	25.95	25.24
7/31/2023 12:30:42 PM	2.00	3.82	5.32	1.99	0.00	0.00	0.00	0.24	13.13	100.00	3.72	14.55	1060	3823	2393	60	0	0	0	0	7336	173.67	24.20	11.06	30.86	20.79	33.26	41.44	1.36	25.92	25.24
7/31/2023 12:30:45 PM	2.21	3.47	4.60	1.85	0.00	0.00	0.00	0.19	12.13	100.00	3.72	14.15	1170	3470	2070	56	0	0	0	0	6767	174.43	21.81	9.19	27.96	18.75	31.21	37.77	1.36	25.86	25.40
7/31/2023 12:30:47 PM	1.62	3.62	4.78	1.21	0.00	0.00	0.00	0.19	11.24	100.00	3.76	13.96	861	3621	2149	36	0	0	0	0	6668	173.78	19.99	8.77	26.98	17.27	28.82	33.95	1.37	25.82	25.29
7/31/2023 12:30:49 PM	1.55	3.95	5.21	0.84	0.00	0.00	0.00	0.19	11.55	100.00	3.77	13.82	822	3951	2345	25	0	0	0	0	7143	172.74	20.05	8.86	28.01	17.46	29.05	34.05	1.37	25.80	25.20
7/31/2023 12:30:52 PM	1.83	3.68	4.94	1.15	0.00	0.00	0.00	0.17	11.60	100.00	3.78	13.55	971	3678	2223	34	0	0	0	0	6907	173.79	20.31	8.63	27.33	17.58	29.26	34.92	1.37	25.75	25.18
7/31/2023 12:30:54 PM	2.00	3.17	4.07	1.95	0.00	0.00	0.00	0.18	11.18	100.00	3.79	13.17	1058	3165	1830	59	0	0	0	0	6111	173.60	20.41	9.22	26.28	17.41	29.29	35.01	1.37	25.68	25.29
7/31/2023 12:30:57 PM	1.67	3.37	4.48	1.48	0.00	0.00	0.00	0.21	11.00	100.00	3.80	13.08	885	3373	2014	44	0	0	0	0	6317	173.59	19.97	8.82	26.23	17.29	28.53	34.00	1.37	25.64	25.23
7/31/2023 12:30:59 PM	1.67	3.39	4.34	1.46	0.00	0.00	0.00	0.22	10.87	100.00	3.81	13.44	886	3390	1955	44	0	0	0	0	6274	173.14	19.62	9.09	26.27	17.16	28.19	33.43	1.37	25.59	25.19
7/31/2023 12:31:01 PM	1.70	3.22	3.88	1.54	0.00	0.00	0.00	0.23	10.33	100.00	3.85	13.74	899	3216	1746	46	0	0	0	0	5907	172.52	18.69	8.10	24.93	16.49	27.72	31.83	1.38	25.56	25.14
7/31/2023 12:31:04 PM	1.65	3.02	3.38	1.44	0.00	0.00	0.00	0.23	9.50	100.00	3.89	13.37	875	3023	1519	43	0	0	0	0	5461	172.22	17.00	7.63	23.33	15.26	25.92	29.00	1.38	25.49	25.17
7/31/2023 12:31:06 PM	1.05	3.33	3.78	0.84	0.00	0.00	0.00	0.26	9.00	100.00	3.87	12.93	554	3331	1702	25	0	0	0	0	5613	171.90	16.03	7.35	23.29	14.57	24.65	26.51	1.38	25.44	25.24
7/31/2023 12:31:09 PM	0.98	3.78	4.32	0.33	0.00	0.00	0.00	0.23	9.40	100.00	3.91	13.11	520	3776	1945	10	0	0	0	0	6251	172.60	15.97	7.21	24.55	14.55	25.05	26.35	1.38	25.41	25.14
7/31/2023 12:31:11 PM	0.94	3.27	3.81	0.96	0.00	0.00	0.00	0.27	8.96	100.00	3.93	13.05	496	3266	1714	29	0	0	0	0	5504	172.12	16.38	7.43	23.20	14.76	24.80	26.88	1.39	25.35	25.19
7/31/2023 12:31:13 PM	1.23	2.97	3.23	1.23	0.00	0.00	0.00	0.22	8.66	100.00	3.92	13.07	652	2974	1453	37	0	0	0	0	5115	171.75	15.66	7.30	22.16	13.93	24.26	25.97	1.38	25.31	25.14
7/31/2023 12:31:16 PM	1.06	3.56	4.07	0.42	0.00	0.00	0.00	0.21	9.12	100.00	3.93	13.31	563	3564	1830	13	0	0	0	0	5970	171.88	15.48	7.26	23.71	14.06	24.19	25.71	1.38	25.25	25.16
7/31/2023 12:31:18 PM	1.00	3.23	3.44	0.98	0.00	0.00	0.00	0.28	8.66	100.00	3.93	13.55	532	3235	1547	29	0	0	0	0	5343	171.56	15.58	7.42	22.86	14.26	24.35	25.58	1.38	25.20	25.17
7/31/2023 12:31:20 PM	1.21	3.47	3.58	0.70	0.00	0.00	0.00	0.22	8.96	100.00	3.93	13.72	639	3470	1612	21	0	0	0	0	5742	172.10	15.23	7.31	23.56	13.95	24.55	25.30	1.39	25.17	25.06
7/31/2023 12:31:23 PM	1.18	3.26	3.12	1.04	0.00	0.00	0.00	0.26	8.60	100.00	3.95	13.80	623	3256	1404	31	0	0	0	0	5315	172.16	15.13	7.09	22.79	13.94	24.68	24.91	1.39	25.12	25.14
7/31/2023 12:31:25 PM	1.08	3.17	3.08	1.04	0.00	0.00	0.00	0.29	8.37	100.00	4.02	13.39	575	3165	1387	31	0	0	0	0	5158	171.34	14.94	6.99	22.27	13.91	24.14	24.57	1.39	25.09	25.06
7/31/2023 12:31:28 PM	0.83	3.30	3.72	0.79	0.00	0.00	0.00	0.24	8.63	100.00	4.00	12.47	438	3296	1673	24	0	0	0	0	5432	170.77	15.54	7.10	22.74	13.89	24.12	25.19	1.39	25.02	25.09
7/31/2023 12:31:30 PM	0.81	3.30	3.37	0.88	0.00	0.00	0.00	0.29	8.37	100.00	4.03	11.98	429	3304	1516	26	0	0	0	0	5276	170.68	15.11	6.81	22.52	13.86	24.30	24.34	1.39	24.98	25.06
7/31/2023 12:31:32 PM	0.84	3.04	3.05	1.42	0.00	0.00	0.00	0.30	8.34	100.00	4.02	11.97	443	3038	1371	43	0	0	0	0	4895	170.98	15.86	7.48	22.40	14.27	24.83	25.42	1.39	24.95	24.98
7/31/2023 12:31:35 PM	1.00	3.24	3.07	1.37	0.00	0.00	0.00	0.29	8.68	100.00	4.06	12.24	531	3239	1382	41	0	0	0	0	5193	170.95	15.96	7.65	23.35	14.41	25.60	25.74	1.40	24.88	24.97
7/31/2023 12:31:37 PM	1.34	3.00	2.83	1.57	0.00	0.00	0.00	0.26	8.74	100.00	4.08	12.66	710	3000	1273	47	0	0	0	0	5031	170.91	15.95	7.49	22.71	14.39	25.48	26.36	1.40	24.82	25.02
7/31/2023 12:31:39 PM	1.16	3.43	3.59	0.93	0.00	0.00	0.00	0.24	9.11	100.00	4.10	12.95	615	3425	1617	28	0	0	0	0	5685	170.44	15.95	7.51	23.83	14.44	25.28	26.32	1.40	24.78	24.97
7/31/2023 12:31:42 PM	1.29	3.08	2.89	1.43	0.00	0.00	0.00	0.26	8.69	100.00	4.11	13.01	684	3084	1298	43	0	0	0	0	5109	170.49	15.70	7.55	22.84	14.26	25.23	25.89	1.40	24.75	24.92
7/31/2023 12:31:44 PM	1.32	2.75	2.35	1.82	0.00	0.00	0.00	0.29	8.23	100.00	4.13	13.03	697	2754	1056	55	0	0	0	0	4561	170.47	15.45	7.39	21.68	14.08	24.92	25.41	1.40	24.71	24.94
7/31/2023 12:31:47 PM	1.03	2.98	2.94	1.38	0.00	0.00	0.00	0.28	8.32	100.00	4.13	13.07	546	2976	1322	41	0	0	0	0	4885	170.62	15.48	7.01	21.94	13.96	24.62	25.15	1.41	24.63	24.96
7/31/2023 12:31:49 PM	0.89	3.40	3.42	0.87	0.00	0.00	0.00	0.27	8.58	100.00	4.16	13.15	470	3402	1538	26	0	0	0	0	5437	170.58	15.26	7.42	23.25	13.97	24.49	24.68	1.41	24.60	24.98
7/31/2023 12:31:51 PM	1.00	3.31	3.20	0.94	0.00	0.00	0.00	0.26	8.45	100.00	4.16	13.28	532	3305	1442	28	0	0	0	0	5307	170.86	14.92	7.10	22.74	13.71	24.34	24.28	1.41	24.54	24.91
7/31/2023 12:31:54 PM	1.14	2.79	2.19	1.89	0.00	0.00	0.00	0.33	8.00	100.00	4.17	13.30	605	2788	984	57	0	0	0	0	4433	170.56	15.32	7.59	21.77	14.16	24.97	24.82	1.41	24.52	24.84
7/31/2023 12:31:56 PM	1.23	2.82	2.59	1.54	0.00	0.00	0.00	0.31	8.17	100.00	4.18	13.28	650	2817	1166	46	0	0	0	0	4679	170.50	15.20	7.14	21.48	14.13	24.29	25.14	1.41	24.46	24.82
7/31/2023 12:31:59 PM	1.01	2.86	2.63	1.41	0.00	0.00	0.00	0.32	7.91	100.00	4.23	13.30	533	2859	1186	42	0	0	0	0	4620	169.73	14.84	6.98	21.24	13.81	23.82	24.16	1.41	24.41	24.88
7/31/2023 12:32:01 PM	0.78	3.15	3.03	0.93	0.00	0.00	0.00	0.31	7.90	100.00	4.27	12.98	414	3154	1365	28	0	0	0	0	4961	170.28	14.38	6.76	21.68	13.45	23.41	23.12	1.42	24.36	24.81
7/31/2023 12:32:03 PM	0.97	2.86	2.26	1.59	0.00	0.00	0.00	0.34	7.68	100.00	4.32	12.36	512	2863	1017	48	0	0	0	0	4439	170.20	14.54	6.96	21.22	13.64	24.19	23.34	1.42	24.33	24.77
7/31/2023 12:32:06 PM	1.01	3.31	3.01	1.13	0.00	0.00	0.00	0.31	8.46	100.00	4.32	12.15	533	3310	1353	34	0	0	0	0	5230	170.23	15.19	7.32	23.05	14.16	24.95	24.63	1.42	24.27	24.81
7/31/2023 12:32:08 PM	0.77	3.91	3.90	0.28	0.00	0.00	0.00	0.27	8.85	100.00	4.32	12.54	408	3908	1756	8	0	0	0	0	6080	169.97	14.86	7.49	24.61	13.94	24.54	23.95	1.42	24.23	24.72
7/31/2023 12:32:10 PM	1.05	2.72	2.34	1.68	0.00	0.00	0.00	0.36	7.79	100.00	4.32	12.99	554	2723	1053	50	0	0	0	0	4381	170.06	15.02	7.11	21.01	14.16	24.10	24.49	1.42	24.18	24.71
7/31/2023 12:32:13 PM	0.69	3.04	3.00	1.10	0.00	0.00	0.00	0.36	7.84	100.00	4.33	13.09	367	3043	1351	33	0	0	0	0	4794	169.74	14.84	6.79	21.46	14.04	23.60	23.85	1.42	24.12	24.73
7/31/2023 12:32:15 PM	0.70	3.19	3.19	0.96	0.00	0.00	0.00	0.34	8.04	100.00	4.34	12.99	371	3187	1437	29	0	0	0	0	5024	169.98	14.90	7.17	22.12	14.03	23.63	23.97	1.42	24.09	24.71
7/31/2023 12:32:18 PM	1.05	3.20	2.77	1.01	0.00	0.00	0.00	0.32	8.02	100.00	4.37	12.51	555	3195	1245	30	0	0	0	0	5026	169.97	14.21	6.89	22.03	13.69	23.79	23.27	1.43	24.02	24.71
7/31/2023 12:32:20 PM	0.91	3.28	2.99	1.04	0.00	0.00	0.00	0.35	8.22	100.00	4.43	11.88	482	3277	1345	31	0	0	0	0	5136	169.62	14.87	7.39	22.71	14.25	24.23	24.17	1.43	23.97	24.73
7/31/2023 12:32:22 PM	0.88	3.59	3.46	0.57	0.00	0.00	0.00	0.32	8.50	100.00	4.46	11.77	466	3589	1559	17	0	0	0	0	5631	169.90	14.67	7.07	23.39	14.08	24.21	23.91	1.44	23.92	24.77
7/31/2023 12:32:25 PM	0.74	3.86	3.81	0.41	0.00	0.00	0.00	0.31	8.81	100.00	4.49	11.93	390	3861	1713	12	0	0	0	0	5976	168.98	15.11	7.49	24.57	14.35	24.84	24.33	1.44	23.87	24.73
7/31/2023 12:32:27 PM	0.99	3.48	3.22	0.90	0.00	0.00	0.00	0.31	8.59	100.00	4.49	12.21	527	3478	1448	27	0	0	0	0	5480	169.09	15.12	7.10	23.42	14.28	25.05	24.61	1.44	23.83	24.63
7/31/2023 12:32:29 PM	0.99	3.28	3.10	0.82	0.00	0.00	0.00	0.33	8.19	100.00	4.51	12.65	525	3282	1393	25	0	0	0	0	5225	169.86	14.44	6.83	22.26	13.92	23.73	23.74	1.44	23.80	24.58
7/31/2023 12:32:32 PM	0.98	3.02	2.51	1.39	0.00	0.00	0.00	0.36	7.89	100.00	4.55	12.47	517	3020	1128	42	0	0	0	0	4707	169.63	14.70	6.91	21.73	14.03	24.39	23.80	1.45	23.74	24.56
7/31/2023 12:32:34 PM	0.73	3.66	3.38	0.75	0.00	0.00	0.00	0.35	8.52	100.00	4.58	12.22	388	3656	1522	22	0	0	0	0	5589	169.90	15.09	7.36	23.93	14.41	25.01	24.15	1.45	23.69	24.57
7/31/2023 12:32:37 PM	1.21	3.36	2.93	1.08	0.00	0.00	0.00	0.33	8.58	100.00	4.60	12.55	642	3363	1317	32	0	0	0	0	5355	169.75	15.07	7.14	23.21	14.54	25.15	24.94	1.45	23.63	24.62
7/31/2023 12:32:39 PM	0.90	3.56	3.26	0.89	0.00	0.00	0.00	0.34	8.61	100.00	4.62	12.81	477	3558	1468	27	0	0	0	0	5529	169.32	15.25	7.49	23.85	14.52	25.14	24.67	1.45	23.59	24.56
7/31/2023 12:32:41 PM	0.70	3.48	3.29	0.93	0.00	0.00	0.00	0.34	8.40	100.00	4.65	12.83	369	3485	1478	28	0	0	0	0	5360	169.43	15.26	7.30	23.41	14.32	24.93	24.30	1.46	23.54	24.63
7/31/2023 12:32:44 PM	0.84	3.63	3.27	0.73	0.00	0.00	0.00	0.33	8.48	100.00	4.67	12.74	447	3631	1472	22	0	0	0	0	5572	168.94	14.80	7.14	23.70	14.18	24.89	23.83	1.46	23.51	24.61
7/31/2023 12:32:46 PM	0.77	3.40	3.08	0.96	0.00	0.00	0.00	0.37	8.20	100.00	4.68	12.71	407	3397	1384	29	0	0	0	0	5217	169.25	14.90	7.17	22.94	14.32	24.55	23.93	1.46	23.48	24.43
7/31/2023 12:32:49 PM	0.70	3.68	3.47	0.69	0.00	0.00	0.00	0.34	8.54	100.00	4.71	12.72	372	3676	1560	21	0	0	0	0	5629	168.89	15.09	7.53	24.02	14.39	24.81	24.14	1.46	23.40	24.44
7/31/2023 12:32:51 PM	0.80	3.68	3.34	0.80	0.00	0.00	0.00	0.35	8.63	100.00	4.77	12.58	426	3682	1504	24	0	0	0	0	5636	169.15	15.22	7.45	24.18	14.59	25.33	24.45	1.47	23.36	24.54
7/31/2023 12:32:53 PM	0.74	3.77	3.18	0.96	0.00	0.00	0.00	0.36	8.66	100.00	4.81	12.19	395	3774	1433	29	0	0	0	0	5631	169.35	15.41	7.68	24.76	14.65	26.14	24.36	1.47	23.34	24.41
7/31/2023 12:32:56 PM	0.84	3.08	2.59	1.32	0.00	0.00	0.00	0.40	7.83	100.00	4.83	12.17	446	3075	1167	40	0	0	0	0	4727	169.47	14.74	7.09	21.88	14.32	24.22	23.77	1.47	23.27	24.51
7/31/2023 12:32:58 PM	0.92	2.89	2.55	1.00	0.00	0.00	0.00	0.39	7.36	100.00	4.92	11.92	489	2890	1146	30	0	0	0	0	4556	169.00	13.49	6.26	20.23	13.52	22.29	22.24	1.48	23.23	24.49
7/31/2023 12:33:00 PM	0.82	3.33	3.01	0.95	0.00	0.00	0.00	0.39	8.10	100.00	4.99	11.36	432	3326	1354	28	0	0	0	0	5140	169.25	14.74	6.98	22.53	14.47	24.23	23.91	1.49	23.20	24.39
7/31/2023 12:33:03 PM	0.89	3.25	3.04	0.94	0.00	0.00	0.00	0.37	8.14	100.00	4.99	11.40	473	3255	1370	28	0	0	0	0	5126	169.09	14.75	6.65	22.19	14.32	24.17	24.07	1.49	23.15	24.34
7/31/2023 12:33:05 PM	0.59	3.62	3.44	0.66	0.00	0.00	0.00	0.38	8.32	100.00	5.06	11.73	315	3620	1549	20	0	0	0	0	5504	168.97	14.93	7.24	23.53	14.46	24.47	23.83	1.50	23.11	24.33
7/31/2023 12:33:08 PM	0.62	3.22	2.71	1.02	0.00	0.00	0.00	0.41	7.57	100.00	5.12	11.94	326	3222	1219	31	0	0	0	0	4798	169.24	14.10	6.56	21.67	13.85	23.76	22.34	1.50	23.06	24.26
7/31/2023 12:33:10 PM	0.88	2.91	2.21	1.41	0.00	0.00	0.00	0.41	7.41	100.00	5.17	11.90	468	2907	993	42	0	0	0	0	4411	169.13	14.04	6.49	20.82	13.85	23.74	22.63	1.51	23.00	24.30
7/31/2023 12:33:12 PM	0.86	3.21	2.58	1.16	0.00	0.00	0.00	0.40	7.81	100.00	5.23	11.88	457	3211	1161	35	0	0	0	0	4864	169.32	14.33	6.87	22.07	14.14	24.22	23.11	1.51	22.98	24.27
7/31/2023 12:33:15 PM	1.04	3.33	2.87	1.00	0.00	0.00	0.00	0.37	8.24	100.00	5.29	11.76	549	3332	1289	30	0	0	0	0	5201	168.91	14.65	7.11	22.76	14.42	24.44	24.06	1.52	22.90	24.25
7/31/2023 12:33:17 PM	0.68	3.78	3.40	0.56	0.00	0.00	0.00	0.38	8.42	100.00	5.32	11.75	359	3783	1532	17	0	0	0	0	5691	169.29	14.70	7.11	24.00	14.46	24.84	23.52	1.52	22.88	24.21
7/31/2023 12:33:19 PM	0.52	3.41	2.90	1.11	0.00	0.00	0.00	0.41	7.94	100.00	5.33	11.72	275	3407	1306	33	0	0	0	0	5021	169.11	14.91	7.53	23.06	14.38	24.67	23.37	1.52	22.83	24.17
7/31/2023 12:33:22 PM	0.78	3.65	3.25	0.64	0.00	0.00	0.00	0.38	8.32	100.00	5.38	11.88	415	3649	1461	19	0	0	0	0	5545	168.80	14.55	7.19	23.58	14.40	24.47	23.52	1.53	22.80	24.18
7/31/2023 12:33:24 PM	0.74	3.02	2.53	0.87	0.00	0.00	0.00	0.41	7.17	100.00	5.58	11.67	395	3024	1137	26	0	0	0	0	4581	169.04	13.11	6.18	20.38	13.32	22.21	21.25	1.55	22.72	24.26
7/31/2023 12:33:27 PM	0.59	3.24	2.80	1.28	0.00	0.00	0.00	0.41	7.92	100.00	5.78	11.24	315	3237	1261	39	0	0	0	0	4852	169.56	15.13	7.71	22.72	14.55	24.52	23.92	1.57	22.70	24.08
7/31/2023 12:33:29 PM	0.66	3.08	2.65	1.14	0.00	0.00	0.00	0.42	7.52	100.00	5.66	11.34	349	3075	1193	34	0	0	0	0	4651	169.22	14.26	6.82	21.36	14.10	23.43	22.84	1.55	22.67	24.08
7/31/2023 12:33:31 PM	0.80	3.22	2.66	0.95	0.00	0.00	0.00	0.41	7.64	100.00	5.64	11.52	425	3223	1199	29	0	0	0	0	4875	168.91	13.88	6.82	21.76	13.99	23.40	22.50	1.55	22.61	24.06
7/31/2023 12:33:34 PM	0.65	3.53	3.23	0.50	0.00	0.00	0.00	0.39	7.91	100.00	5.68	11.60	343	3527	1455	15	0	0	0	0	5340	169.43	13.93	6.67	22.50	13.96	23.37	22.45	1.56	22.57	24.12
7/31/2023 12:33:36 PM	0.58	3.17	2.79	1.01	0.00	0.00	0.00	0.44	7.55	100.00	5.71	11.50	308	3175	1254	30	0	0	0	0	4767	169.41	14.26	6.87	21.63	14.22	23.40	22.78	1.56	22.50	24.13
7/31/2023 12:33:38 PM	0.63	3.08	2.64	1.21	0.00	0.00	0.00	0.47	7.56	100.00	5.71	11.48	333	3082	1188	36	0	0	0	0	4640	169.20	14.55	6.91	21.53	14.58	23.74	23.33	1.56	22.50	24.05
7/31/2023 12:33:41 PM	0.59	3.94	3.85	0.30	0.00	0.00	0.00	0.40	8.68	100.00	5.71	11.61	315	3944	1730	9	0	0	0	0	5999	168.98	15.06	7.53	24.69	14.97	24.68	24.28	1.56	22.45	24.00
7/31/2023 12:33:43 PM	0.81	3.60	3.21	0.68	0.00	0.00	0.00	0.42	8.31	100.00	5.71	11.80	432	3603	1447	20	0	0	0	0	5502	168.57	14.66	7.29	23.50	14.81	24.38	23.92	1.56	22.39	24.00
7/31/2023 12:33:46 PM	1.00	3.28	2.78	1.16	0.00	0.00	0.00	0.43	8.22	100.00	5.71	11.92	528	3282	1252	35	0	0	0	0	5097	168.57	15.03	7.05	22.72	15.07	24.87	24.71	1.56	22.37	23.95
7/31/2023 12:33:48 PM	0.79	3.85	3.63	0.43	0.00	0.00	0.00	0.41	8.69	100.00	5.72	12.05	418	3849	1632	13	0	0	0	0	5912	168.62	15.02	7.43	24.45	15.19	24.78	24.59	1.56	22.32	23.93
7/31/2023 12:33:50 PM	0.76	3.52	3.13	0.83	0.00	0.00	0.00	0.42	8.23	100.00	5.73	12.16	404	3516	1408	25	0	0	0	0	5352	169.27	14.83	7.21	23.26	14.83	24.55	24.03	1.56	22.27	23.93
7/31/2023 12:33:53 PM	0.62	3.64	3.43	0.59	0.00	0.00	0.00	0.42	8.28	100.00	5.73	12.26	329	3641	1542	18	0	0	0	0	5529	168.58	14.81	7.27	23.52	14.84	24.25	23.90	1.56	22.21	23.93
7/31/2023 12:33:55 PM	0.58	3.63	3.37	0.71	0.00	0.00	0.00	0.44	8.28	100.00	5.73	12.31	308	3631	1516	21	0	0	0	0	5476	168.81	15.05	7.55	23.72	15.08	24.50	24.18	1.56	22.20	23.92
7/31/2023 12:33:58 PM	0.59	3.68	3.31	0.71	0.00	0.00	0.00	0.48	8.29	100.00	5.76	12.33	310	3683	1489	21	0	0	0	0	5504	169.01	15.07	7.35	23.83	15.36	24.83	24.23	1.56	22.17	23.85
7/31/2023 12:34:00 PM	0.67	3.43	2.92	0.83	0.00	0.00	0.00	0.44	7.85	100.00	5.85	12.03	355	3431	1314	25	0	0	0	0	5126	168.59	14.29	7.07	22.63	14.50	23.92	22.99	1.57	22.12	23.82
7/31/2023 12:34:02 PM	0.59	3.63	3.26	0.80	0.00	0.00	0.00	0.45	8.28	100.00	5.90	11.73	312	3634	1466	24	0	0	0	0	5436	168.78	15.09	7.77	23.90	15.12	24.68	24.17	1.58	22.07	23.81
7/31/2023 12:34:05 PM	0.74	3.37	2.77	0.88	0.00	0.00	0.00	0.46	7.76	100.00	5.98	11.67	393	3368	1248	26	0	0	0	0	5035	168.75	14.12	6.94	22.34	14.53	23.80	22.88	1.59	22.03	23.80
7/31/2023 12:34:07 PM	0.52	3.27	2.77	0.96	0.00	0.00	0.00	0.47	7.51	100.00	6.17	11.60	276	3268	1245	29	0	0	0	0	4818	168.44	14.17	6.75	21.82	14.40	23.60	22.54	1.60	22.01	23.76
7/31/2023 12:34:09 PM	0.50	3.33	2.78	1.00	0.00	0.00	0.00	0.50	7.61	100.00	6.31	11.39	267	3326	1250	30	0	0	0	0	4873	168.81	14.45	7.05	22.26	14.80	23.94	22.99	1.62	21.94	23.83
7/31/2023 12:34:12 PM	0.66	3.40	2.99	0.81	0.00	0.00	0.00	0.47	7.86	100.00	6.43	11.27	348	3403	1347	24	0	0	0	0	5122	168.62	14.43	7.19	22.58	14.85	23.71	23.39	1.63	21.91	23.71
7/31/2023 12:34:14 PM	0.90	3.38	2.74	0.80	0.00	0.00	0.00	0.44	7.82	100.00	6.40	11.28	479	3382	1232	24	0	0	0	0	5117	167.78	13.88	6.34	22.10	14.43	23.91	22.78	1.63	21.88	23.70
7/31/2023 12:34:17 PM	0.65	3.17	2.51	1.12	0.00	0.00	0.00	0.49	7.45	100.00	6.61	11.35	344	3170	1130	34	0	0	0	0	4677	168.18	14.11	6.84	21.62	14.56	23.64	22.67	1.65	21.82	23.73
7/31/2023 12:34:19 PM	0.71	3.13	2.71	1.16	0.00	0.00	0.00	0.46	7.71	100.00	6.75	11.32	375	3135	1219	35	0	0	0	0	4763	168.11	14.63	7.05	21.83	14.73	23.83	23.64	1.66	21.78	23.68
7/31/2023 12:34:21 PM	0.84	3.22	2.59	1.08	0.00	0.00	0.00	0.49	7.74	100.00	6.79	11.29	448	3223	1167	32	0	0	0	0	4870	167.84	14.36	6.91	22.03	15.00	23.97	23.54	1.67	21.75	23.62
7/31/2023 12:34:24 PM	0.48	3.04	2.67	0.91	0.00	0.00	0.00	0.50	7.11	100.00	6.96	11.21	252	3045	1202	27	0	0	0	0	4526	167.85	13.69	6.37	20.56	14.26	22.41	21.97	1.68	21.70	23.65
7/31/2023 12:34:26 PM	0.53	3.26	2.64	1.03	0.00	0.00	0.00	0.48	7.47	100.00	7.10	11.18	281	3261	1189	31	0	0	0	0	4762	167.82	14.13	6.87	21.88	14.42	23.70	22.43	1.70	21.66	23.58
7/31/2023 12:34:28 PM	0.43	3.32	2.87	0.93	0.00	0.00	0.00	0.49	7.55	100.00	7.15	11.22	225	3319	1293	28	0	0	0	0	4865	167.75	14.38	7.05	22.13	14.65	23.63	22.78	1.70	21.64	23.56
7/31/2023 12:34:31 PM	0.73	3.35	2.79	0.80	0.00	0.00	0.00	0.50	7.68	100.00	7.19	11.29	388	3353	1257	24	0	0	0	0	5022	167.14	14.01	6.67	22.06	14.81	23.56	22.90	1.70	21.58	23.62
7/31/2023 12:34:33 PM	0.73	3.35	2.89	0.76	0.00	0.00	0.00	0.47	7.73	100.00	7.24	11.24	387	3352	1301	23	0	0	0	0	5062	167.53	14.05	6.59	22.02	14.63	23.52	22.93	1.71	21.55	23.53
7/31/2023 12:34:36 PM	0.99	3.35	2.71	0.71	0.00	0.00	0.00	0.45	7.76	100.00	7.37	11.27	524	3354	1220	21	0	0	0	0	5119	167.01	13.57	6.37	21.89	14.40	23.39	22.58	1.72	21.52	23.56
7/31/2023 12:34:38 PM	0.77	3.21	2.70	0.59	0.00	0.00	0.00	0.47	7.27	100.00	7.46	11.26	411	3208	1214	18	0	0	0	0	4850	167.22	12.98	5.87	20.71	13.93	22.24	21.42	1.73	21.47	23.46
7/31/2023 12:34:40 PM	0.58	3.16	2.60	1.07	0.00	0.00	0.00	0.54	7.42	100.00	7.58	11.18	309	3162	1171	32	0	0	0	0	4675	168.23	14.25	7.13	21.67	15.07	23.32	23.06	1.74	21.45	23.45
7/31/2023 12:34:43 PM	0.38	3.32	2.86	0.87	0.00	0.00	0.00	0.54	7.43	100.00	7.68	11.18	200	3316	1288	26	0	0	0	0	4830	167.97	14.25	6.95	21.94	14.92	23.37	22.68	1.75	21.41	23.43
7/31/2023 12:34:45 PM	0.69	3.12	2.66	0.87	0.00	0.00	0.00	0.50	7.35	100.00	7.80	11.20	368	3124	1199	26	0	0	0	0	4717	167.37	13.72	6.19	20.90	14.46	22.87	22.42	1.76	21.35	23.50
7/31/2023 12:34:48 PM	0.53	3.24	2.76	0.78	0.00	0.00	0.00	0.53	7.31	100.00	7.86	11.23	280	3245	1240	23	0	0	0	0	4788	167.33	13.73	6.47	21.31	14.65	22.85	22.20	1.77	21.31	23.50
7/31/2023 12:34:50 PM	0.91	3.32	2.58	0.78	0.00	0.00	0.00	0.49	7.59	100.00	7.93	11.25	482	3317	1162	23	0	0	0	0	4984	167.28	13.51	6.46	21.74	14.61	23.29	22.41	1.78	21.28	23.39
7/31/2023 12:34:52 PM	0.79	3.41	2.84	0.66	0.00	0.00	0.00	0.49	7.70	100.00	8.07	11.25	417	3409	1280	20	0	0	0	0	5126	167.49	13.73	6.57	22.08	14.66	23.31	22.60	1.79	21.24	23.37
7/31/2023 12:34:55 PM	0.72	3.34	2.74	0.98	0.00	0.00	0.00	0.50	7.78	100.00	8.20	11.18	381	3338	1234	29	0	0	0	0	4982	167.72	14.43	7.11	22.44	15.03	24.02	23.44	1.80	21.21	23.36
7/31/2023 12:34:57 PM	0.83	3.03	2.36	0.92	0.00	0.00	0.00	0.51	7.15	100.00	8.25	11.16	442	3034	1061	28	0	0	0	0	4565	167.51	13.20	6.01	20.41	14.30	22.53	21.83	1.81	21.17	23.36
7/31/2023 12:34:59 PM	0.69	3.18	2.52	0.71	0.00	0.00	0.00	0.51	7.11	100.00	8.39	11.17	368	3185	1133	21	0	0	0	0	4707	167.01	12.96	5.96	20.66	14.14	22.35	21.21	1.82	21.15	23.24
7/31/2023 12:35:02 PM	0.44	3.26	2.68	0.83	0.00	0.00	0.00	0.51	7.22	100.00	8.54	11.17	233	3262	1208	25	0	0	0	0	4728	167.82	13.62	6.71	21.43	14.33	22.84	21.68	1.84	21.11	23.31
7/31/2023 12:35:04 PM	0.49	3.36	2.75	0.53	0.00	0.00	0.00	0.50	7.14	100.00	8.60	11.19	261	3359	1239	16	0	0	0	0	4875	167.14	12.97	5.99	21.11	14.00	22.43	20.83	1.84	21.08	23.21
7/31/2023 12:35:07 PM	0.77	3.17	2.33	0.86	0.00	0.00	0.00	0.51	7.13	100.00	8.71	11.19	411	3173	1046	26	0	0	0	0	4656	166.65	13.03	5.91	20.77	14.20	22.87	21.31	1.85	21.03	23.22
7/31/2023 12:35:09 PM	0.53	3.31	2.77	0.90	0.00	0.00	0.00	0.51	7.51	100.00	8.90	11.17	282	3310	1248	27	0	0	0	0	4867	168.20	14.12	6.96	21.99	14.74	23.44	22.66	1.87	21.00	23.21
7/31/2023 12:35:11 PM	0.81	3.42	2.87	0.42	0.00	0.00	0.00	0.46	7.53	100.00	8.90	11.18	428	3424	1293	13	0	0	0	0	5157	167.44	13.04	6.17	21.59	14.11	22.53	21.59	1.87	20.97	23.14
7/31/2023 12:35:14 PM	0.84	3.07	2.37	0.83	0.00	0.00	0.00	0.50	7.12	100.00	9.03	11.16	444	3072	1068	25	0	0	0	0	4609	167.10	12.98	6.00	20.42	14.15	22.32	21.49	1.88	20.92	23.21
7/31/2023 12:35:16 PM	0.73	3.15	2.70	0.55	0.00	0.00	0.00	0.50	7.12	100.00	9.11	11.16	385	3153	1214	16	0	0	0	0	4769	166.93	12.86	5.74	20.33	14.10	21.82	21.33	1.89	20.92	23.14
7/31/2023 12:35:18 PM	0.73	3.19	2.54	0.83	0.00	0.00	0.00	0.52	7.29	100.00	9.21	11.16	387	3187	1144	25	0	0	0	0	4744	167.26	13.43	6.55	21.17	14.54	22.68	22.05	1.90	20.88	23.15
7/31/2023 12:35:21 PM	0.79	3.27	2.53	0.73	0.00	0.00	0.00	0.48	7.32	100.00	9.32	11.15	420	3269	1138	22	0	0	0	0	4848	167.46	13.06	6.54	21.34	14.05	22.58	21.42	1.91	20.84	23.07
7/31/2023 12:35:23 PM	0.75	3.38	2.68	0.49	0.00	0.00	0.00	0.49	7.30	100.00	9.53	11.14	398	3377	1205	15	0	0	0	0	4994	167.34	12.76	6.18	21.32	14.00	22.34	21.00	1.93	20.82	23.04
7/31/2023 12:35:26 PM	0.46	2.98	2.43	0.95	0.00	0.00	0.00	0.56	6.82	100.00	9.69	11.15	242	2981	1093	28	0	0	0	0	4344	167.92	13.29	6.48	20.20	14.39	21.92	21.42	1.95	20.77	23.05
7/31/2023 12:35:28 PM	1.01	3.22	2.54	0.36	0.00	0.00	0.00	0.44	7.12	100.00	9.68	11.15	535	3223	1141	11	0	0	0	0	4910	166.70	11.94	5.29	20.16	13.27	21.50	20.18	1.95	20.74	23.00
7/31/2023 12:35:30 PM	0.48	3.41	2.96	0.19	0.00	0.00	0.00	0.50	7.03	100.00	9.88	11.15	252	3407	1332	6	0	0	0	0	4996	167.14	12.39	5.78	20.77	13.72	21.40	20.15	1.97	20.73	22.99
