Date/Time	Green Algae	Bluegreen	Diatoms	Cryptophyta	#5	#6	#7	Yellow substances	Total conc.	Transmission	Depth	Temp. Sample	Green Algae	Bluegreen	Diatoms	Cryptophyta	#5	#6	#7	Yellow substances	Total cell count	Trans. 700 nm	LED 3 [525 nm]	LED 4 [570 nm]	LED 5 [610 nm]	LED 6 [370 nm]	LED 7 [590 nm]	LED 8 [470 nm]	Pressure	Temp. LEDs	Temp. Sensor
date	µg/l	µg/l	µg/l	µg/l	µg/l	µg/l	µg/l	r.u.	µg/l	%	m	°C	cells/ml	cells/ml	cells/ml	cells/ml	cells/ml	cells/ml	cells/ml	r.u.	cells/ml	digits	digits	digits	digits	digits	digits	digits	bar	°C	°C
8/9/2023 9:20:46 AM	39.61	4.14	4.05	0.00	0.00	0.00	0.00	0.00	47.80	100.00	0.03	24.61	20992	4141	1823	0	0	0	0	0	26956	174.31	36.94	12.64	59.06	65.37	56.10	146.48	1.00	23.90	23.11
8/9/2023 9:20:48 AM	38.65	3.91	4.36	0.00	0.00	0.00	0.00	0.00	46.92	100.00	0.05	24.62	20484	3912	1964	0	0	0	0	0	26360	175.57	36.83	10.96	56.89	63.06	55.82	145.25	1.00	23.95	23.12
8/9/2023 9:20:51 AM	39.53	3.41	3.56	0.88	0.00	0.00	0.00	0.00	47.39	100.00	0.05	24.62	20953	3409	1602	27	0	0	0	0	25990	176.29	37.38	14.25	56.93	62.94	56.47	148.79	1.01	23.96	23.10
8/9/2023 9:20:53 AM	38.59	4.41	4.52	0.00	0.00	0.00	0.00	0.00	47.53	100.00	0.09	24.52	20455	4409	2035	0	0	0	0	0	26899	174.72	37.69	12.67	58.89	65.38	57.90	145.21	1.01	24.03	23.12
8/9/2023 9:20:56 AM	39.12	4.09	3.97	0.00	0.00	0.00	0.00	0.00	47.17	100.00	0.16	24.44	20732	4086	1786	0	0	0	0	0	26604	177.30	36.63	11.05	59.88	64.15	54.01	144.64	1.02	24.06	23.11
8/9/2023 9:20:58 AM	40.00	3.98	3.77	0.00	0.00	0.00	0.00	0.00	47.75	100.00	0.20	24.42	21197	3981	1698	0	0	0	0	0	26877	176.07	36.13	12.08	58.45	63.40	55.77	147.26	1.02	24.10	23.12
8/9/2023 9:21:00 AM	39.34	3.97	4.17	0.00	0.00	0.00	0.00	0.00	47.49	100.00	0.25	24.48	20852	3973	1878	0	0	0	0	0	26703	175.07	36.72	12.46	57.94	63.71	55.82	146.70	1.02	24.13	23.16
8/9/2023 9:21:03 AM	39.69	4.10	3.69	0.00	0.00	0.00	0.00	0.00	47.49	100.00	0.27	24.55	21036	4103	1662	0	0	0	0	0	26801	176.33	36.12	11.82	58.22	64.78	56.14	145.18	1.03	24.16	23.21
8/9/2023 9:21:05 AM	39.77	4.23	3.48	0.00	0.00	0.00	0.00	0.00	47.48	100.00	0.30	24.62	21077	4229	1568	0	0	0	0	0	26874	175.33	35.81	11.66	59.95	64.02	55.26	144.80	1.03	24.21	23.20
8/9/2023 9:21:07 AM	40.44	4.29	3.05	0.00	0.00	0.00	0.00	0.00	47.78	100.00	0.33	24.67	21432	4294	1372	0	0	0	0	0	27098	175.19	34.97	12.92	59.04	64.26	56.81	145.07	1.03	24.23	23.21
8/9/2023 9:21:10 AM	39.27	4.08	4.00	0.00	0.00	0.00	0.00	0.00	47.35	100.00	0.34	24.63	20811	4085	1801	0	0	0	0	0	26697	178.50	36.29	12.81	58.32	63.10	55.91	145.86	1.03	24.26	23.22
8/9/2023 9:21:12 AM	40.20	3.96	3.15	0.00	0.00	0.00	0.00	0.00	47.31	100.00	0.38	24.55	21307	3962	1417	0	0	0	0	0	26686	175.15	34.96	9.62	56.54	63.41	56.86	144.81	1.04	24.31	23.25
8/9/2023 9:21:15 AM	38.52	3.99	4.50	0.00	0.00	0.00	0.00	0.00	47.02	100.00	0.41	24.52	20417	3994	2027	0	0	0	0	0	26438	175.72	37.36	11.27	58.37	64.09	54.88	145.10	1.04	24.35	23.26
8/9/2023 9:21:17 AM	38.66	4.02	4.47	0.00	0.00	0.00	0.00	0.00	47.15	100.00	0.45	24.53	20488	4023	2013	0	0	0	0	0	26524	176.61	36.87	13.68	57.80	62.78	55.76	146.06	1.04	24.38	23.26
8/9/2023 9:21:19 AM	40.48	4.25	3.29	0.00	0.00	0.00	0.00	0.00	48.02	100.00	0.48	24.51	21452	4255	1481	0	0	0	0	0	27188	177.44	35.63	10.90	59.71	63.48	56.90	146.75	1.05	24.40	23.29
8/9/2023 9:21:22 AM	39.93	4.44	3.45	0.00	0.00	0.00	0.00	0.00	47.82	100.00	0.52	24.49	21165	4436	1554	0	0	0	0	0	27155	176.07	36.09	11.46	60.80	64.76	56.43	145.09	1.05	24.44	23.27
8/9/2023 9:21:24 AM	40.05	4.18	3.59	0.00	0.00	0.00	0.00	0.00	47.82	100.00	0.53	24.53	21227	4181	1615	0	0	0	0	0	27023	175.44	36.04	13.06	59.89	64.56	55.38	146.17	1.05	24.47	23.32
8/9/2023 9:21:27 AM	39.89	4.09	3.91	0.00	0.00	0.00	0.00	0.00	47.90	100.00	0.56	24.56	21141	4094	1761	0	0	0	0	0	26997	176.91	36.52	12.71	58.91	64.09	56.25	147.36	1.05	24.50	23.36
8/9/2023 9:21:29 AM	39.44	4.46	3.80	0.00	0.00	0.00	0.00	0.00	47.70	100.00	0.57	24.55	20901	4464	1708	0	0	0	0	0	27073	177.46	36.35	12.97	59.82	64.30	57.42	145.18	1.06	24.54	23.35
8/9/2023 9:21:31 AM	39.81	4.34	3.72	0.00	0.00	0.00	0.00	0.00	47.87	100.00	0.59	24.49	21102	4336	1673	0	0	0	0	0	27110	177.13	36.38	11.68	59.86	64.23	56.98	146.16	1.06	24.58	23.40
8/9/2023 9:21:34 AM	39.64	4.42	3.93	0.00	0.00	0.00	0.00	0.00	47.99	100.00	0.63	24.54	21009	4424	1768	0	0	0	0	0	27201	176.16	36.59	12.34	60.58	62.74	57.37	147.27	1.06	24.60	23.36
8/9/2023 9:21:36 AM	37.46	4.30	4.90	0.00	0.00	0.00	0.00	0.00	46.66	100.00	0.65	24.63	19855	4305	2204	0	0	0	0	0	26363	177.12	37.90	11.76	58.32	64.02	56.60	143.31	1.06	24.64	23.41
8/9/2023 9:21:38 AM	38.96	4.08	4.00	0.00	0.00	0.00	0.00	0.00	47.04	100.00	0.67	24.65	20650	4080	1799	0	0	0	0	0	26529	175.97	36.74	9.23	59.36	63.88	54.62	144.30	1.07	24.66	23.40
8/9/2023 9:21:41 AM	38.81	4.16	4.10	0.00	0.00	0.00	0.00	0.00	47.08	100.00	0.69	24.65	20570	4161	1847	0	0	0	0	0	26578	175.82	36.46	11.98	59.50	62.35	54.98	145.00	1.07	24.69	23.45
8/9/2023 9:21:43 AM	39.38	4.25	3.86	0.00	0.00	0.00	0.00	0.00	47.49	100.00	0.70	24.67	20871	4247	1737	0	0	0	0	0	26855	175.48	36.33	11.25	59.50	62.93	56.33	145.72	1.07	24.73	23.47
8/9/2023 9:21:46 AM	39.63	4.43	3.55	0.00	0.00	0.00	0.00	0.00	47.61	100.00	0.74	24.64	21002	4430	1598	0	0	0	0	0	27030	177.82	35.97	11.65	60.62	63.46	56.40	144.97	1.07	24.74	23.48
8/9/2023 9:21:48 AM	39.32	4.25	3.70	0.00	0.00	0.00	0.00	0.00	47.26	100.00	0.76	24.60	20839	4247	1664	0	0	0	0	0	26750	176.07	35.89	11.75	59.27	62.90	55.95	144.67	1.07	24.78	23.52
8/9/2023 9:21:50 AM	38.92	4.24	3.92	0.00	0.00	0.00	0.00	0.00	47.08	100.00	0.78	24.64	20629	4238	1763	0	0	0	0	0	26630	177.00	36.32	11.99	59.55	63.63	55.17	143.97	1.08	24.82	23.51
8/9/2023 9:21:53 AM	39.58	4.35	3.47	0.00	0.00	0.00	0.00	0.00	47.41	100.00	0.80	24.64	20978	4353	1563	0	0	0	0	0	26895	177.13	35.72	11.27	59.55	63.55	56.57	144.31	1.08	24.85	23.52
8/9/2023 9:21:55 AM	38.68	4.20	3.89	0.00	0.00	0.00	0.00	0.00	46.78	100.00	0.82	24.62	20503	4198	1753	0	0	0	0	0	26454	175.11	35.88	12.05	58.03	62.50	56.06	143.41	1.08	24.88	23.53
8/9/2023 9:21:57 AM	37.15	4.06	4.90	0.00	0.00	0.00	0.00	0.00	46.11	100.00	0.84	24.61	19688	4060	2206	0	0	0	0	0	25954	175.63	37.27	12.20	57.98	61.47	54.45	143.06	1.08	24.91	23.55
8/9/2023 9:22:00 AM	38.70	4.27	3.97	0.00	0.00	0.00	0.00	0.00	46.94	100.00	0.86	24.60	20509	4269	1788	0	0	0	0	0	26567	176.63	36.11	12.69	58.89	62.63	55.90	143.86	1.08	24.93	23.57
8/9/2023 9:22:02 AM	38.42	4.27	3.84	0.00	0.00	0.00	0.00	0.00	46.53	100.00	0.86	24.67	20361	4270	1727	0	0	0	0	0	26359	175.87	35.65	11.47	58.98	61.16	55.37	142.70	1.08	24.97	23.58
8/9/2023 9:22:05 AM	39.13	4.51	3.30	0.00	0.00	0.00	0.00	0.00	46.95	100.00	0.87	24.73	20741	4513	1486	0	0	0	0	0	26740	175.46	34.99	11.34	59.66	61.60	56.92	142.65	1.09	24.99	23.61
8/9/2023 9:22:07 AM	39.19	4.23	3.42	0.00	0.00	0.00	0.00	0.00	46.83	100.00	0.90	24.71	20769	4225	1539	0	0	0	0	0	26533	175.62	35.10	11.27	58.35	62.08	55.98	143.07	1.09	25.02	23.58
8/9/2023 9:22:09 AM	38.42	4.12	3.93	0.00	0.00	0.00	0.00	0.00	46.47	100.00	0.92	24.67	20364	4119	1767	0	0	0	0	0	26250	176.29	35.80	11.21	58.17	61.61	55.02	142.89	1.09	25.04	23.58
8/9/2023 9:22:12 AM	38.41	4.41	3.70	0.00	0.00	0.00	0.00	0.00	46.52	100.00	0.95	24.63	20360	4410	1664	0	0	0	0	0	26434	176.67	35.55	12.15	59.78	62.10	55.19	141.66	1.09	25.06	23.65
8/9/2023 9:22:14 AM	39.13	4.39	3.10	0.00	0.00	0.00	0.00	0.00	46.62	100.00	0.96	24.62	20740	4388	1394	0	0	0	0	0	26522	175.46	34.50	11.88	59.25	62.14	55.50	141.29	1.09	25.09	23.72
8/9/2023 9:22:16 AM	38.42	4.22	4.04	0.00	0.00	0.00	0.00	0.00	46.68	100.00	0.98	24.63	20364	4224	1816	0	0	0	0	0	26404	176.80	36.15	11.37	58.91	61.89	55.42	143.40	1.10	25.12	23.57
8/9/2023 9:22:19 AM	37.97	4.35	4.19	0.00	0.00	0.00	0.00	0.00	46.50	100.00	0.99	24.60	20122	4346	1884	0	0	0	0	0	26352	176.31	36.43	10.94	59.02	61.95	55.95	142.48	1.10	25.15	23.77
8/9/2023 9:22:21 AM	38.64	4.35	3.85	0.00	0.00	0.00	0.00	0.00	46.84	100.00	1.02	24.61	20480	4348	1733	0	0	0	0	0	26561	175.56	35.89	12.02	58.56	62.55	56.68	143.10	1.10	25.17	23.65
8/9/2023 9:22:24 AM	39.56	4.24	3.22	0.00	0.00	0.00	0.00	0.00	47.03	100.00	1.04	24.60	20967	4244	1450	0	0	0	0	0	26660	175.60	34.91	11.08	58.81	62.35	55.91	143.37	1.10	25.19	23.70
8/9/2023 9:22:26 AM	38.48	4.24	3.84	0.00	0.00	0.00	0.00	0.00	46.56	100.00	1.06	24.60	20397	4238	1728	0	0	0	0	0	26363	175.60	35.71	11.57	59.02	61.54	55.09	142.79	1.10	25.23	23.70
8/9/2023 9:22:28 AM	38.44	4.53	3.81	0.00	0.00	0.00	0.00	0.00	46.78	100.00	1.07	24.58	20374	4527	1715	0	0	0	0	0	26616	175.83	35.92	11.66	60.22	61.99	56.24	142.47	1.10	25.26	23.73
8/9/2023 9:22:31 AM	37.90	4.33	4.24	0.00	0.00	0.00	0.00	0.00	46.47	100.00	1.09	24.57	20088	4329	1907	0	0	0	0	0	26324	174.70	36.35	11.92	58.83	61.64	55.88	142.63	1.11	25.27	23.75
8/9/2023 9:22:33 AM	38.82	4.26	3.58	0.00	0.00	0.00	0.00	0.00	46.65	100.00	1.11	24.58	20573	4258	1610	0	0	0	0	0	26441	176.21	35.29	11.46	58.27	62.00	56.01	142.53	1.11	25.29	23.85
8/9/2023 9:22:36 AM	38.20	4.31	4.13	0.00	0.00	0.00	0.00	0.00	46.64	100.00	1.13	24.58	20244	4311	1859	0	0	0	0	0	26414	176.23	36.26	11.07	59.08	61.22	56.00	143.36	1.11	25.33	23.78
8/9/2023 9:22:38 AM	38.65	4.43	3.71	0.00	0.00	0.00	0.00	0.00	46.80	100.00	1.14	24.55	20487	4430	1672	0	0	0	0	0	26588	176.72	35.59	12.39	59.64	61.78	56.05	142.82	1.11	25.35	23.87
8/9/2023 9:22:40 AM	38.43	4.63	3.79	0.00	0.00	0.00	0.00	0.00	46.84	100.00	1.16	24.54	20366	4627	1705	0	0	0	0	0	26698	176.36	35.89	12.27	61.15	61.74	56.04	142.48	1.11	25.39	23.83
8/9/2023 9:22:43 AM	38.39	4.44	3.68	0.00	0.00	0.00	0.00	0.00	46.50	100.00	1.17	24.54	20346	4436	1655	0	0	0	0	0	26437	175.83	35.46	11.17	59.00	61.57	56.40	141.70	1.11	25.38	23.85
8/9/2023 9:22:45 AM	38.47	4.37	3.61	0.00	0.00	0.00	0.00	0.00	46.44	100.00	1.20	24.49	20388	4367	1623	0	0	0	0	0	26378	176.10	35.44	10.53	59.00	62.05	55.77	141.39	1.12	25.43	23.81
8/9/2023 9:22:47 AM	38.51	4.34	3.72	0.00	0.00	0.00	0.00	0.00	46.57	100.00	1.22	24.47	20409	4340	1674	0	0	0	0	0	26424	176.82	35.53	12.17	59.10	62.07	55.51	142.11	1.12	25.44	23.92
8/9/2023 9:22:50 AM	39.57	4.41	2.88	0.00	0.00	0.00	0.00	0.00	46.86	100.00	1.24	24.50	20973	4413	1296	0	0	0	0	0	26682	176.66	34.24	11.46	59.64	61.91	55.77	141.96	1.12	25.46	23.86
8/9/2023 9:22:52 AM	39.19	4.33	3.20	0.00	0.00	0.00	0.00	0.00	46.71	100.00	1.26	24.53	20768	4328	1439	0	0	0	0	0	26535	176.58	34.59	11.63	59.12	61.28	55.63	142.33	1.12	25.50	23.91
8/9/2023 9:22:55 AM	39.27	4.28	3.24	0.00	0.00	0.00	0.00	0.00	46.79	100.00	1.27	24.53	20812	4278	1460	0	0	0	0	0	26550	175.79	34.77	11.73	58.92	61.97	55.53	142.56	1.12	25.52	23.90
8/9/2023 9:22:57 AM	38.91	4.32	3.58	0.00	0.00	0.00	0.00	0.00	46.80	100.00	1.30	24.52	20620	4318	1611	0	0	0	0	0	26549	176.46	35.38	11.15	59.27	61.40	55.85	143.17	1.13	25.54	23.88
8/9/2023 9:22:59 AM	39.55	4.38	3.08	0.00	0.00	0.00	0.00	0.00	47.00	100.00	1.31	24.50	20962	4378	1384	0	0	0	0	0	26724	176.06	34.61	11.87	59.89	61.89	55.56	142.87	1.13	25.56	23.96
8/9/2023 9:23:02 AM	39.44	4.32	3.11	0.00	0.00	0.00	0.00	0.00	46.87	100.00	1.33	24.52	20902	4325	1400	0	0	0	0	0	26627	176.25	34.75	10.61	58.96	62.45	56.03	142.34	1.13	25.57	23.96
8/9/2023 9:23:04 AM	38.05	4.38	4.08	0.00	0.00	0.00	0.00	0.00	46.51	100.00	1.36	24.52	20165	4379	1838	0	0	0	0	0	26382	176.02	36.12	11.61	59.43	61.22	55.75	142.60	1.13	25.60	23.96
8/9/2023 9:23:06 AM	40.15	4.33	2.80	0.00	0.00	0.00	0.00	0.00	47.28	100.00	1.37	24.49	21279	4331	1259	0	0	0	0	0	26870	175.80	34.27	11.70	59.77	62.31	55.72	143.53	1.13	25.62	23.95
8/9/2023 9:23:09 AM	38.65	4.43	3.69	0.00	0.00	0.00	0.00	0.00	46.78	100.00	1.39	24.47	20485	4435	1661	0	0	0	0	0	26581	175.87	35.49	11.95	59.39	61.30	56.45	142.90	1.14	25.64	24.01
8/9/2023 9:23:11 AM	38.99	4.19	3.78	0.00	0.00	0.00	0.00	0.00	46.97	100.00	1.40	24.48	20667	4195	1703	0	0	0	0	0	26565	176.38	35.99	11.31	59.03	63.09	55.34	143.76	1.14	25.66	24.02
8/9/2023 9:23:14 AM	38.65	4.29	4.08	0.00	0.00	0.00	0.00	0.00	47.01	100.00	1.41	24.48	20483	4286	1837	0	0	0	0	0	26606	176.51	36.33	12.37	59.25	62.21	55.98	144.40	1.14	25.68	24.01
8/9/2023 9:23:16 AM	39.19	4.47	3.86	0.00	0.00	0.00	0.00	0.00	47.52	100.00	1.44	24.48	20771	4472	1737	0	0	0	0	0	26979	176.28	36.29	12.57	60.96	62.49	56.33	145.33	1.14	25.71	24.03
8/9/2023 9:23:18 AM	38.87	4.58	3.59	0.00	0.00	0.00	0.00	0.00	47.04	100.00	1.46	24.46	20603	4583	1613	0	0	0	0	0	26800	175.81	35.52	12.34	59.50	62.33	57.64	142.87	1.14	25.71	24.07
8/9/2023 9:23:21 AM	38.24	4.42	4.26	0.00	0.00	0.00	0.00	0.00	46.92	100.00	1.49	24.45	20270	4415	1916	0	0	0	0	0	26601	177.14	36.71	11.74	59.44	62.31	56.70	143.82	1.15	25.75	24.06
8/9/2023 9:23:23 AM	38.00	4.23	4.00	0.00	0.00	0.00	0.00	0.00	46.24	100.00	1.51	24.46	20139	4235	1801	0	0	0	0	0	26175	176.49	35.87	10.77	58.51	61.17	55.23	141.91	1.15	25.76	24.08
8/9/2023 9:23:26 AM	38.74	4.47	3.60	0.00	0.00	0.00	0.00	0.00	46.81	100.00	1.52	24.47	20533	4469	1618	0	0	0	0	0	26620	176.69	35.48	12.18	59.62	62.30	56.25	142.35	1.15	25.79	24.10
8/9/2023 9:23:28 AM	39.83	4.24	3.00	0.00	0.00	0.00	0.00	0.00	47.06	100.00	1.54	24.47	21107	4237	1348	0	0	0	0	0	26692	175.96	34.41	12.19	59.04	62.24	55.39	143.27	1.15	25.79	24.13
8/9/2023 9:23:30 AM	39.62	4.08	3.37	0.00	0.00	0.00	0.00	0.00	47.07	100.00	1.56	24.46	20997	4076	1518	0	0	0	0	0	26591	175.77	35.11	12.24	58.19	63.03	55.19	143.98	1.15	25.83	24.12
8/9/2023 9:23:33 AM	39.61	4.19	3.25	0.00	0.00	0.00	0.00	0.00	47.05	100.00	1.58	24.44	20995	4185	1462	0	0	0	0	0	26642	175.62	34.82	12.20	58.63	62.26	55.56	143.72	1.15	25.83	24.12
8/9/2023 9:23:35 AM	38.80	4.21	3.64	0.00	0.00	0.00	0.00	0.00	46.65	100.00	1.61	24.44	20566	4211	1636	0	0	0	0	0	26414	174.85	35.39	10.97	58.44	61.59	55.67	142.92	1.16	25.87	24.17
8/9/2023 9:23:37 AM	37.86	4.29	4.06	0.00	0.00	0.00	0.00	0.00	46.20	100.00	1.61	24.40	20065	4288	1825	0	0	0	0	0	26177	176.07	35.89	11.96	58.70	61.42	55.13	141.59	1.16	25.87	24.17
8/9/2023 9:23:40 AM	37.65	4.29	3.89	0.00	0.00	0.00	0.00	0.00	45.83	100.00	1.65	24.26	19955	4293	1749	0	0	0	0	0	25997	176.65	35.39	11.37	58.33	60.66	54.96	140.25	1.16	25.89	24.15
8/9/2023 9:23:42 AM	35.86	3.71	4.07	0.00	0.00	0.00	0.00	0.00	43.64	100.00	1.64	24.06	19006	3711	1833	0	0	0	0	0	24550	175.57	34.49	11.21	54.73	59.54	50.48	134.47	1.16	25.92	24.21
8/9/2023 9:23:45 AM	34.12	2.94	3.77	0.00	0.00	0.00	0.00	0.09	40.84	100.00	1.67	23.94	18085	2940	1698	0	0	0	0	0	22723	178.13	32.46	10.47	48.94	58.20	45.88	127.54	1.16	25.93	24.21
8/9/2023 9:23:47 AM	30.24	2.35	4.92	0.00	0.00	0.00	0.00	0.33	37.51	100.00	1.70	23.89	16025	2351	2215	0	0	0	0	0	20592	181.31	32.95	9.99	43.36	56.63	42.49	121.85	1.17	25.94	24.25
8/9/2023 9:23:49 AM	29.27	2.18	4.20	0.00	0.00	0.00	0.00	0.58	35.65	100.00	1.73	23.66	15513	2181	1889	0	0	0	0	0	19583	179.09	31.08	9.77	40.68	56.43	40.79	117.51	1.17	25.95	24.23
8/9/2023 9:23:52 AM	27.36	2.40	4.72	0.00	0.00	0.00	0.00	0.69	34.48	100.00	1.75	23.45	14503	2398	2125	0	0	0	0	0	19026	179.64	31.83	9.31	41.78	55.89	39.63	114.61	1.17	25.98	24.23
8/9/2023 9:23:54 AM	26.53	2.15	4.72	0.00	0.00	0.00	0.00	0.63	33.40	100.00	1.78	23.36	14058	2154	2125	0	0	0	0	0	18337	180.16	30.83	9.40	38.71	53.96	39.09	111.43	1.17	25.99	24.26
8/9/2023 9:23:56 AM	26.92	2.16	4.46	0.00	0.00	0.00	0.00	0.65	33.54	100.00	1.81	23.30	14266	2161	2008	0	0	0	0	0	18435	180.40	30.52	9.10	38.97	54.20	39.06	111.64	1.18	26.01	24.27
8/9/2023 9:23:59 AM	26.12	2.10	4.61	0.00	0.00	0.00	0.00	0.75	32.82	100.00	1.83	23.26	13843	2095	2074	0	0	0	0	0	18012	179.91	30.72	8.27	38.52	54.32	38.12	110.52	1.18	26.03	24.33
8/9/2023 9:24:01 AM	26.81	2.11	4.38	0.00	0.00	0.00	0.00	0.71	33.30	100.00	1.86	23.13	14209	2113	1970	0	0	0	0	0	18292	181.05	30.43	8.64	38.77	54.49	38.61	111.40	1.18	26.04	24.27
8/9/2023 9:24:04 AM	26.09	2.12	4.57	0.00	0.00	0.00	0.00	0.73	32.78	100.00	1.88	23.04	13825	2121	2058	0	0	0	0	0	18004	180.75	30.65	8.06	39.14	54.01	37.57	110.08	1.18	26.06	24.32
8/9/2023 9:24:06 AM	25.50	2.32	4.82	0.00	0.00	0.00	0.00	0.74	32.63	100.00	1.91	23.07	13513	2319	2168	0	0	0	0	0	17999	180.66	30.83	9.91	38.74	53.90	39.01	109.48	1.19	26.07	24.32
8/9/2023 9:24:08 AM	26.21	2.38	4.58	0.00	0.00	0.00	0.00	0.72	33.17	100.00	1.93	23.08	13894	2382	2060	0	0	0	0	0	18335	181.92	30.81	9.24	40.12	54.34	38.95	110.56	1.19	26.08	24.33
8/9/2023 9:24:11 AM	25.61	2.38	5.14	0.00	0.00	0.00	0.00	0.68	33.12	100.00	1.95	22.97	13571	2378	2311	0	0	0	0	0	18261	181.47	31.60	9.62	39.58	53.99	39.54	110.73	1.19	26.10	24.32
8/9/2023 9:24:13 AM	24.08	2.55	5.32	0.00	0.00	0.00	0.00	0.75	31.95	100.00	1.98	22.78	12763	2547	2394	0	0	0	0	0	17704	181.63	31.54	9.29	39.77	52.98	38.74	107.25	1.19	26.11	24.42
8/9/2023 9:24:15 AM	19.81	2.27	5.08	1.31	0.00	0.00	0.00	0.97	28.47	100.00	2.01	22.55	10499	2273	2286	39	0	0	0	0	15098	180.10	32.78	10.65	37.02	50.88	39.85	99.97	1.20	26.12	24.38
8/9/2023 9:24:18 AM	16.53	3.76	7.76	0.37	0.00	0.00	0.00	0.89	28.42	100.00	2.05	22.30	8759	3763	3492	11	0	0	0	0	16025	180.99	35.23	12.55	41.91	49.46	41.78	96.94	1.20	26.14	24.41
8/9/2023 9:24:20 AM	14.67	2.48	5.22	2.94	0.00	0.00	0.00	1.03	25.31	100.00	2.08	22.08	7773	2480	2350	88	0	0	0	0	12690	180.99	35.50	12.39	37.58	47.37	43.02	91.75	1.20	26.15	24.43
8/9/2023 9:24:23 AM	13.54	2.50	5.09	3.47	0.00	0.00	0.00	1.05	24.61	100.00	2.10	21.95	7179	2497	2291	104	0	0	0	0	12071	181.03	36.25	13.33	38.00	46.75	43.89	90.11	1.21	26.15	24.44
8/9/2023 9:24:25 AM	12.99	2.80	6.06	3.23	0.00	0.00	0.00	0.99	25.08	100.00	2.12	21.83	6887	2797	2725	97	0	0	0	0	12506	181.33	37.54	13.75	39.33	46.78	44.64	91.13	1.21	26.15	24.43
8/9/2023 9:24:27 AM	13.18	2.58	5.60	3.69	0.00	0.00	0.00	0.97	25.05	100.00	2.13	21.68	6986	2583	2518	111	0	0	0	0	12199	181.12	37.73	14.51	39.32	46.69	44.91	91.48	1.21	26.18	24.43
8/9/2023 9:24:30 AM	11.83	2.86	5.64	4.45	0.00	0.00	0.00	1.04	24.78	100.00	2.14	21.67	6271	2860	2539	133	0	0	0	0	11804	180.58	39.82	16.00	41.41	47.12	47.83	91.35	1.21	26.19	24.48
8/9/2023 9:24:32 AM	12.17	2.46	5.27	5.24	0.00	0.00	0.00	1.01	25.15	100.00	2.16	21.74	6452	2464	2373	157	0	0	0	0	11446	180.97	41.29	15.54	40.95	47.76	49.80	93.94	1.21	26.19	24.46
8/9/2023 9:24:35 AM	11.62	3.45	6.59	5.69	0.00	0.00	0.00	0.93	27.36	100.00	2.19	21.50	6157	3455	2967	171	0	0	0	0	12751	180.27	46.14	17.68	47.33	49.97	56.59	99.66	1.21	26.20	24.49
8/9/2023 9:24:37 AM	11.39	3.26	6.26	6.93	0.00	0.00	0.00	0.94	27.84	100.00	2.21	21.17	6037	3257	2816	208	0	0	0	0	12318	179.79	48.91	19.87	49.13	51.22	59.63	102.93	1.22	26.20	24.52
8/9/2023 9:24:39 AM	10.83	4.05	8.07	9.24	0.00	0.00	0.00	0.73	32.19	100.00	2.24	20.98	5741	4047	3632	277	0	0	0	0	13698	179.67	60.24	24.84	59.46	56.05	73.20	117.86	1.22	26.21	24.52
8/9/2023 9:24:42 AM	12.27	5.34	7.48	12.47	0.00	0.00	0.00	0.71	37.56	100.00	2.27	20.84	6501	5339	3367	374	0	0	0	0	15581	179.41	70.74	31.99	73.98	63.54	91.11	134.35	1.22	26.22	24.51
8/9/2023 9:24:44 AM	11.13	8.36	16.96	36.22	0.00	0.00	0.00	0.11	72.68	100.00	2.29	20.67	5900	8362	7634	1087	0	0	0	0	22984	176.54	168.08	75.17	152.58	116.04	204.68	273.15	1.22	26.23	24.54
8/9/2023 9:24:46 AM	4.35	5.58	25.32	53.77	0.00	0.00	0.00	0.00	89.02	100.00	2.33	20.51	2306	5576	11394	1613	0	0	0	0	20889	174.76	236.72	95.07	182.16	146.50	268.23	364.33	1.23	26.23	24.54
8/9/2023 9:24:49 AM	10.87	6.10	20.17	33.89	0.00	0.00	0.00	0.00	71.02	100.00	2.37	20.34	5762	6098	9076	1017	0	0	0	0	21952	175.37	166.75	60.05	135.64	113.52	195.57	274.75	1.23	26.23	24.57
8/9/2023 9:24:51 AM	10.39	5.93	17.91	31.71	0.00	0.00	0.00	0.30	65.93	100.00	2.38	20.17	5506	5930	8060	951	0	0	0	0	20447	172.45	154.75	58.56	128.21	108.64	182.05	255.77	1.23	26.23	24.54
8/9/2023 9:24:54 AM	13.90	11.03	22.00	25.61	0.00	0.00	0.00	0.01	72.55	100.00	2.40	20.36	7367	11034	9902	768	0	0	0	0	29071	172.45	150.63	61.69	145.77	110.96	183.90	257.69	1.24	26.24	24.56
8/9/2023 9:24:56 AM	14.19	12.10	22.71	32.62	0.00	0.00	0.00	0.03	81.64	100.00	2.43	20.36	7523	12105	10221	979	0	0	0	0	30828	173.13	175.38	74.15	168.41	125.97	216.40	293.14	1.24	26.23	24.61
8/9/2023 9:24:58 AM	15.93	18.11	25.32	28.06	0.00	0.00	0.00	0.06	87.42	100.00	2.45	19.91	8443	18113	11395	842	0	0	0	0	38792	171.07	173.40	72.98	188.19	129.68	228.96	292.35	1.24	26.24	24.61
8/9/2023 9:25:01 AM	14.42	21.71	25.11	20.56	0.00	0.00	0.00	0.01	81.79	100.00	2.47	19.70	7642	21707	11299	617	0	0	0	0	41264	170.75	151.15	67.40	186.14	116.30	211.78	254.43	1.24	26.24	24.64
8/9/2023 9:25:03 AM	16.49	17.76	20.79	26.54	0.00	0.00	0.00	0.10	81.57	100.00	2.49	19.77	8740	17757	9354	796	0	0	0	0	36647	171.84	157.74	71.80	180.23	120.26	215.21	267.72	1.24	26.24	24.61
8/9/2023 9:25:05 AM	14.32	18.28	22.86	27.81	0.00	0.00	0.00	0.47	83.26	100.00	2.52	19.65	7589	18280	10286	834	0	0	0	0	36989	170.35	166.80	74.24	185.76	127.09	223.35	278.56	1.25	26.24	24.64
8/9/2023 9:25:08 AM	13.03	22.09	24.21	19.94	0.00	0.00	0.00	0.25	79.26	100.00	2.55	19.57	6905	22089	10894	598	0	0	0	0	40486	170.62	147.11	66.90	184.67	114.44	208.62	245.31	1.25	26.23	24.59
8/9/2023 9:25:10 AM	13.22	22.40	21.69	17.59	0.00	0.00	0.00	0.26	74.90	100.00	2.57	19.49	7007	22400	9759	528	0	0	0	0	39694	170.51	134.22	60.70	177.38	106.53	199.33	224.65	1.25	26.23	24.69
8/9/2023 9:25:13 AM	14.00	21.82	21.23	18.33	0.00	0.00	0.00	0.20	75.37	100.00	2.59	19.32	7418	21817	9552	550	0	0	0	0	39338	170.91	135.19	62.22	177.09	107.07	199.27	227.67	1.25	26.23	24.68
8/9/2023 9:25:15 AM	13.47	20.69	20.41	17.50	0.00	0.00	0.00	0.33	72.07	100.00	2.60	19.26	7138	20687	9185	525	0	0	0	0	37534	170.49	129.78	59.00	168.62	103.96	190.34	219.40	1.26	26.23	24.68
8/9/2023 9:25:17 AM	14.25	20.01	18.43	18.32	0.00	0.00	0.00	0.50	71.01	100.00	2.62	19.33	7554	20009	8294	550	0	0	0	0	36407	170.55	127.93	59.26	166.39	104.34	189.09	217.93	1.26	26.23	24.67
8/9/2023 9:25:20 AM	14.72	20.07	17.93	17.33	0.00	0.00	0.00	0.42	70.06	100.00	2.64	19.02	7800	20073	8069	520	0	0	0	0	36462	170.95	123.81	56.88	163.88	101.62	185.78	212.26	1.26	26.23	24.67
8/9/2023 9:25:22 AM	14.02	19.26	17.52	17.23	0.00	0.00	0.00	0.47	68.02	100.00	2.66	18.69	7430	19260	7883	517	0	0	0	0	35090	171.59	121.63	54.22	158.41	99.62	181.81	207.87	1.26	26.21	24.72
8/9/2023 9:25:25 AM	13.85	18.86	17.65	17.37	0.00	0.00	0.00	0.60	67.73	100.00	2.69	18.87	7340	18855	7941	521	0	0	0	0	34658	171.00	122.22	55.70	157.60	100.92	179.85	209.45	1.26	26.21	24.71
8/9/2023 9:25:27 AM	13.27	19.29	17.57	16.33	0.00	0.00	0.00	0.76	66.47	100.00	2.70	19.16	7033	19287	7908	490	0	0	0	0	34719	171.24	119.18	54.92	156.77	100.11	176.89	204.12	1.26	26.20	24.72
8/9/2023 9:25:29 AM	13.47	21.16	19.96	13.98	0.00	0.00	0.00	0.64	68.57	100.00	2.72	18.89	7139	21162	8981	419	0	0	0	0	37701	171.47	118.78	55.34	162.60	100.61	177.57	204.60	1.27	26.19	24.71
8/9/2023 9:25:32 AM	13.25	21.78	21.80	12.02	0.00	0.00	0.00	0.53	68.85	100.00	2.72	18.41	7025	21782	9810	361	0	0	0	0	38977	170.81	117.11	54.22	162.57	99.37	174.01	202.74	1.27	26.19	24.73
8/9/2023 9:25:34 AM	14.44	19.53	19.76	12.47	0.00	0.00	0.00	0.59	66.21	100.00	2.74	18.10	7655	19531	8894	374	0	0	0	0	36454	171.69	112.64	52.81	152.77	97.31	164.74	199.31	1.27	26.17	24.73
8/9/2023 9:25:36 AM	14.80	16.01	15.69	15.49	0.00	0.00	0.00	0.82	62.00	100.00	2.75	17.95	7842	16014	7063	465	0	0	0	0	31384	171.59	110.43	50.15	139.50	95.77	159.07	196.45	1.27	26.16	24.72
8/9/2023 9:25:39 AM	16.24	15.13	14.69	15.30	0.00	0.00	0.00	0.84	61.37	100.00	2.76	17.87	8609	15131	6613	459	0	0	0	0	30811	172.00	107.69	47.85	134.91	95.25	155.35	195.69	1.27	26.15	24.72
8/9/2023 9:25:41 AM	15.86	15.13	15.20	13.62	0.00	0.00	0.00	0.86	59.81	100.00	2.78	17.70	8405	15130	6841	409	0	0	0	0	30783	171.34	103.36	46.80	131.63	92.86	148.26	189.44	1.27	26.15	24.76
8/9/2023 9:25:44 AM	14.87	15.07	16.66	12.28	0.00	0.00	0.00	0.80	58.89	100.00	2.81	17.59	7880	15075	7498	368	0	0	0	0	30822	171.57	101.85	45.80	129.06	90.96	143.20	186.33	1.27	26.12	24.73
8/9/2023 9:25:46 AM	16.61	13.17	13.63	14.02	0.00	0.00	0.00	0.88	57.44	100.00	2.82	17.71	8805	13174	6133	421	0	0	0	0	28533	172.12	99.81	44.22	122.53	90.62	141.02	186.20	1.28	26.11	24.78
8/9/2023 9:25:48 AM	15.80	13.94	14.70	13.18	0.00	0.00	0.00	0.94	57.63	100.00	2.85	17.84	8376	13941	6617	395	0	0	0	0	29330	171.16	99.98	45.14	124.86	91.05	140.85	185.38	1.28	26.10	24.77
8/9/2023 9:25:51 AM	17.24	13.63	13.41	14.31	0.00	0.00	0.00	0.88	58.58	100.00	2.87	17.95	9136	13633	6033	429	0	0	0	0	29231	171.10	100.90	45.41	125.70	92.01	144.15	188.65	1.28	26.08	24.76
8/9/2023 9:25:53 AM	16.38	13.71	13.82	15.45	0.00	0.00	0.00	0.99	59.36	100.00	2.89	17.94	8679	13713	6221	463	0	0	0	0	29076	170.60	105.32	47.20	128.48	94.72	148.76	193.66	1.28	26.07	24.76
8/9/2023 9:25:55 AM	16.15	14.02	14.00	15.19	0.00	0.00	0.00	0.89	59.36	100.00	2.91	17.70	8560	14018	6301	456	0	0	0	0	29334	170.46	104.81	47.09	129.18	93.48	149.00	191.92	1.28	26.06	24.76
8/9/2023 9:25:58 AM	16.22	13.50	13.97	13.58	0.00	0.00	0.00	0.93	57.27	100.00	2.91	17.50	8599	13495	6285	408	0	0	0	0	28786	170.61	99.35	44.75	123.28	90.64	140.28	185.01	1.29	26.05	24.74
8/9/2023 9:26:00 AM	16.35	12.49	12.33	14.16	0.00	0.00	0.00	0.93	55.34	100.00	2.94	17.45	8667	12492	5549	425	0	0	0	0	27133	170.68	96.52	43.78	118.51	88.31	136.75	180.45	1.29	26.02	24.77
8/9/2023 9:26:03 AM	16.90	12.16	11.68	14.13	0.00	0.00	0.00	0.98	54.87	100.00	2.97	17.20	8956	12160	5256	424	0	0	0	0	26795	170.51	95.10	42.32	116.41	88.17	135.56	179.48	1.29	25.99	24.77
8/9/2023 9:26:05 AM	16.15	12.12	12.32	13.74	0.00	0.00	0.00	0.99	54.33	100.00	3.00	16.84	8560	12117	5543	412	0	0	0	0	26633	170.60	94.99	41.82	115.30	87.62	133.99	178.30	1.29	25.98	24.77
8/9/2023 9:26:07 AM	15.46	12.09	12.90	11.84	0.00	0.00	0.00	1.09	52.29	100.00	3.04	16.92	8195	12094	5804	355	0	0	0	0	26447	171.33	90.11	40.80	111.39	85.28	125.58	171.01	1.30	25.97	24.78
8/9/2023 9:26:10 AM	14.88	10.25	11.76	10.57	0.00	0.00	0.00	1.24	47.46	100.00	3.06	17.22	7887	10250	5292	317	0	0	0	0	23746	170.83	82.07	35.02	97.89	80.43	112.22	159.18	1.30	25.95	24.78
8/9/2023 9:26:12 AM	15.35	10.06	11.60	9.94	0.00	0.00	0.00	1.14	46.95	100.00	3.08	17.26	8135	10062	5220	298	0	0	0	0	23715	171.57	79.52	34.88	96.14	78.58	108.56	156.35	1.30	25.93	24.82
8/9/2023 9:26:15 AM	15.27	9.43	10.71	11.18	0.00	0.00	0.00	1.17	46.60	100.00	3.11	17.11	8094	9428	4821	336	0	0	0	0	22678	171.97	80.83	35.06	95.00	78.87	110.13	157.63	1.30	25.90	24.79
8/9/2023 9:26:17 AM	15.38	9.74	11.13	10.97	0.00	0.00	0.00	1.10	47.22	100.00	3.13	16.98	8154	9738	5008	329	0	0	0	0	23228	171.45	81.28	35.63	96.54	78.97	110.85	158.48	1.31	25.88	24.78
8/9/2023 9:26:19 AM	15.59	8.79	9.92	12.15	0.00	0.00	0.00	1.13	46.45	100.00	3.15	16.93	8261	8789	4463	365	0	0	0	0	21878	170.94	81.63	34.28	93.35	78.81	111.39	158.93	1.31	25.87	24.82
8/9/2023 9:26:22 AM	15.83	10.03	11.64	10.09	0.00	0.00	0.00	1.05	47.59	100.00	3.17	16.92	8391	10028	5239	303	0	0	0	0	23960	172.43	80.14	34.76	96.60	78.65	109.63	158.02	1.31	25.83	24.76
8/9/2023 9:26:24 AM	15.72	8.32	9.38	11.51	0.00	0.00	0.00	1.14	44.93	100.00	3.19	16.85	8333	8320	4223	345	0	0	0	0	21221	172.01	77.99	33.43	89.59	76.69	105.98	154.06	1.31	25.82	24.78
8/9/2023 9:26:26 AM	15.87	8.38	9.18	10.74	0.00	0.00	0.00	1.19	44.17	100.00	3.22	16.78	8409	8378	4131	322	0	0	0	0	21240	171.85	75.35	32.63	88.11	75.77	102.98	150.69	1.32	25.79	24.77
8/9/2023 9:26:29 AM	14.82	7.93	8.77	10.11	0.00	0.00	0.00	1.20	41.62	100.00	3.25	16.68	7856	7926	3946	303	0	0	0	0	20031	172.11	71.43	30.36	83.06	72.18	97.61	142.63	1.32	25.77	24.76
8/9/2023 9:26:31 AM	14.72	6.77	7.49	10.71	0.00	0.00	0.00	1.11	39.69	100.00	3.27	16.54	7803	6767	3369	321	0	0	0	0	18261	172.36	69.08	28.90	77.60	69.13	93.97	138.25	1.32	25.75	24.79
8/9/2023 9:26:34 AM	14.18	7.63	8.56	9.45	0.00	0.00	0.00	1.14	39.83	100.00	3.28	16.31	7518	7630	3853	284	0	0	0	0	19284	172.20	68.07	29.73	79.74	68.97	92.54	136.24	1.32	25.72	24.79
8/9/2023 9:26:36 AM	14.81	6.91	7.98	8.65	0.00	0.00	0.00	0.96	38.34	100.00	3.32	16.18	7848	6909	3592	259	0	0	0	0	18608	171.68	63.51	26.58	74.02	65.00	86.74	130.41	1.33	25.70	24.78
8/9/2023 9:26:38 AM	14.95	7.77	8.64	8.29	0.00	0.00	0.00	0.96	39.65	100.00	3.34	16.08	7921	7770	3889	249	0	0	0	0	19830	170.85	64.72	28.33	78.31	66.44	89.16	132.56	1.33	25.67	24.76
8/9/2023 9:26:41 AM	14.61	7.55	8.42	7.70	0.00	0.00	0.00	1.00	38.28	100.00	3.38	15.90	7741	7551	3791	231	0	0	0	0	19313	169.22	62.02	27.09	75.41	64.70	85.40	128.05	1.33	25.65	24.77
8/9/2023 9:26:43 AM	14.27	6.79	8.29	8.10	0.00	0.00	0.00	0.95	37.45	100.00	3.41	15.75	7565	6794	3731	243	0	0	0	0	18333	169.35	62.05	26.42	72.35	63.67	83.58	127.56	1.33	25.62	24.77
8/9/2023 9:26:45 AM	13.49	7.13	8.55	7.24	0.00	0.00	0.00	0.97	36.41	100.00	3.45	15.74	7150	7128	3849	217	0	0	0	0	18344	168.40	59.86	25.65	71.52	61.98	81.18	122.72	1.34	25.59	24.76
8/9/2023 9:26:48 AM	14.33	6.72	7.97	8.18	0.00	0.00	0.00	0.88	37.21	100.00	3.47	15.88	7597	6724	3587	245	0	0	0	0	18154	169.10	61.35	26.01	71.79	62.55	83.43	126.09	1.34	25.57	24.77
8/9/2023 9:26:50 AM	12.97	6.29	7.71	7.42	0.00	0.00	0.00	0.93	34.38	100.00	3.50	15.86	6873	6286	3468	223	0	0	0	0	16849	168.17	57.27	24.73	66.87	58.96	76.92	117.43	1.34	25.55	24.77
8/9/2023 9:26:53 AM	12.91	6.05	6.93	7.29	0.00	0.00	0.00	0.96	33.18	100.00	3.51	15.91	6843	6054	3118	219	0	0	0	0	16234	168.07	54.89	23.30	64.42	57.50	74.94	113.44	1.34	25.52	24.74
8/9/2023 9:26:55 AM	12.63	5.21	6.10	8.09	0.00	0.00	0.00	0.94	32.03	100.00	3.55	15.99	6691	5215	2743	243	0	0	0	0	14892	169.65	54.51	23.29	61.45	56.25	73.39	111.96	1.35	25.48	24.76
8/9/2023 9:26:57 AM	13.25	5.73	6.99	6.97	0.00	0.00	0.00	0.76	32.95	100.00	3.59	15.92	7024	5733	3144	209	0	0	0	0	16111	168.95	53.45	22.79	62.59	55.26	72.45	111.72	1.35	25.45	24.76
8/9/2023 9:27:00 AM	13.46	5.51	6.25	6.98	0.00	0.00	0.00	0.86	32.20	100.00	3.64	15.73	7132	5510	2814	209	0	0	0	0	15666	168.82	51.91	22.28	61.05	55.16	71.00	109.89	1.36	25.42	24.77
8/9/2023 9:27:02 AM	12.29	5.42	6.59	5.52	0.00	0.00	0.00	0.87	29.82	100.00	3.67	15.52	6513	5422	2967	166	0	0	0	0	15068	169.67	47.43	19.76	56.47	51.55	64.46	101.27	1.36	25.40	24.76
8/9/2023 9:27:05 AM	12.32	5.21	6.12	5.92	0.00	0.00	0.00	0.87	29.57	100.00	3.71	15.35	6530	5211	2755	177	0	0	0	0	14673	170.30	47.38	20.04	56.05	51.32	64.59	100.96	1.36	25.36	24.76
8/9/2023 9:27:07 AM	11.10	5.22	6.43	4.94	0.00	0.00	0.00	0.80	27.69	100.00	3.74	15.20	5885	5219	2894	148	0	0	0	0	14146	170.69	44.14	18.60	53.06	47.65	60.01	93.53	1.37	25.33	24.72
8/9/2023 9:27:09 AM	9.61	3.79	5.06	4.17	0.00	0.00	0.00	0.78	22.63	100.00	3.77	14.72	5095	3792	2277	125	0	0	0	0	11289	171.43	36.41	14.06	41.68	40.51	48.98	78.66	1.37	25.31	24.73
8/9/2023 9:27:12 AM	8.52	3.29	4.68	3.07	0.00	0.00	0.00	0.63	19.55	100.00	3.80	14.33	4514	3289	2106	92	0	0	0	0	10002	172.02	30.56	12.03	35.63	34.41	40.86	67.22	1.37	25.28	24.76
8/9/2023 9:27:14 AM	10.15	4.38	4.94	2.44	0.00	0.00	0.00	0.49	21.90	100.00	3.84	14.57	5378	4379	2223	73	0	0	0	0	12053	171.52	30.64	13.45	41.01	35.48	43.96	70.08	1.38	25.24	24.74
8/9/2023 9:27:16 AM	10.01	4.41	5.30	3.26	0.00	0.00	0.00	0.62	22.98	100.00	3.87	14.50	5305	4414	2385	98	0	0	0	0	12202	171.38	34.38	14.78	43.38	38.77	47.72	75.93	1.38	25.20	24.68
8/9/2023 9:27:19 AM	7.54	2.40	3.71	3.08	0.00	0.00	0.00	0.47	16.73	100.00	3.90	14.45	3998	2400	1671	92	0	0	0	0	8161	171.96	26.58	10.08	29.58	29.07	35.49	58.30	1.38	25.16	24.73
8/9/2023 9:27:21 AM	8.37	2.85	4.43	2.77	0.00	0.00	0.00	0.28	18.42	100.00	3.94	14.51	4434	2854	1993	83	0	0	0	0	9365	171.72	27.74	10.02	32.07	29.34	37.80	61.40	1.39	25.14	24.67
8/9/2023 9:27:24 AM	9.75	4.60	5.50	3.54	0.00	0.00	0.00	0.61	23.39	100.00	3.96	14.51	5170	4600	2474	106	0	0	0	0	12350	170.91	35.66	15.82	45.02	39.23	49.34	77.15	1.39	25.09	24.74
8/9/2023 9:27:26 AM	9.27	3.56	4.27	3.90	0.00	0.00	0.00	0.59	21.00	100.00	3.99	14.31	4912	3564	1922	117	0	0	0	0	10514	171.14	32.76	13.59	39.09	36.09	45.35	71.30	1.39	25.07	24.67
8/9/2023 9:27:28 AM	8.51	3.60	4.68	2.93	0.00	0.00	0.00	0.47	19.73	100.00	4.03	13.66	4512	3600	2105	88	0	0	0	0	10306	170.13	29.95	12.59	36.84	32.82	41.23	65.47	1.39	25.04	24.67
8/9/2023 9:27:31 AM	7.27	3.06	4.32	2.94	0.00	0.00	0.00	0.25	17.58	100.00	4.05	13.49	3852	3056	1945	88	0	0	0	0	8941	167.20	27.36	11.07	32.65	27.69	37.72	57.91	1.40	25.01	24.66
8/9/2023 9:27:33 AM	5.67	3.25	5.16	2.10	0.00	0.00	0.00	0.18	16.17	100.00	4.12	13.20	3006	3247	2320	63	0	0	0	0	8636	167.06	25.71	10.78	31.26	24.82	34.35	52.26	1.40	24.97	24.72
8/9/2023 9:27:35 AM	3.36	2.79	4.66	1.76	0.00	0.00	0.00	0.30	12.57	100.00	4.19	12.64	1778	2793	2099	53	0	0	0	0	6724	167.70	22.09	8.67	25.78	20.98	29.12	42.01	1.41	24.92	24.63
8/9/2023 9:27:38 AM	2.85	2.65	4.07	1.29	0.00	0.00	0.00	0.35	10.86	100.00	4.26	12.52	1512	2647	1834	39	0	0	0	0	6030	168.57	18.91	7.62	23.05	18.88	25.56	36.11	1.42	24.89	24.63
8/9/2023 9:27:40 AM	2.25	2.58	3.34	0.66	0.00	0.00	0.00	0.44	8.83	100.00	4.27	12.44	1191	2579	1503	20	0	0	0	0	5293	170.66	14.98	6.48	20.16	16.46	21.44	28.82	1.42	24.84	24.66
8/9/2023 9:27:43 AM	2.53	2.44	3.24	1.00	0.00	0.00	0.00	0.43	9.21	100.00	4.29	12.28	1339	2443	1459	30	0	0	0	0	5271	170.01	15.84	6.72	20.42	17.11	22.37	30.66	1.42	24.82	24.66
8/9/2023 9:27:45 AM	2.34	2.48	3.01	0.86	0.00	0.00	0.00	0.48	8.68	100.00	4.32	12.46	1240	2479	1354	26	0	0	0	0	5098	170.42	14.90	6.26	19.81	16.72	21.70	28.82	1.42	24.77	24.64
8/9/2023 9:27:47 AM	2.25	2.54	3.23	0.78	0.00	0.00	0.00	0.47	8.80	100.00	4.35	12.94	1190	2540	1454	24	0	0	0	0	5207	170.11	15.15	6.41	20.10	16.75	21.75	29.09	1.43	24.74	24.68
8/9/2023 9:27:50 AM	2.10	2.28	2.66	0.86	0.00	0.00	0.00	0.49	7.90	100.00	4.39	13.30	1115	2275	1198	26	0	0	0	0	4614	170.58	13.79	5.90	18.36	15.73	20.27	26.54	1.43	24.69	24.59
8/9/2023 9:27:52 AM	1.80	2.38	2.87	0.41	0.00	0.00	0.00	0.49	7.46	100.00	4.41	13.46	956	2379	1294	12	0	0	0	0	4640	170.82	12.79	5.48	17.76	14.99	18.86	24.60	1.43	24.65	24.56
8/9/2023 9:27:55 AM	1.69	2.14	2.29	0.44	0.00	0.00	0.00	0.49	6.56	100.00	4.44	13.43	895	2143	1031	13	0	0	0	0	4082	171.56	11.22	4.89	16.03	13.64	17.32	21.66	1.43	24.61	24.61
8/9/2023 9:27:57 AM	1.32	2.25	2.25	0.13	0.00	0.00	0.00	0.45	5.96	100.00	4.45	13.48	699	2254	1014	4	0	0	0	0	3971	171.32	9.97	4.38	15.41	12.28	16.29	18.75	1.44	24.59	24.54
8/9/2023 9:27:59 AM	1.18	2.02	2.10	0.27	0.00	0.00	0.00	0.45	5.57	100.00	4.49	12.95	628	2021	943	8	0	0	0	0	3600	171.63	9.74	4.27	14.41	11.81	15.56	18.10	1.44	24.53	24.59
8/9/2023 9:28:02 AM	1.17	1.89	1.92	0.45	0.00	0.00	0.00	0.48	5.43	100.00	4.55	12.28	619	1892	863	14	0	0	0	0	3387	171.45	9.86	4.29	14.06	12.02	15.58	18.28	1.45	24.51	24.53
8/9/2023 9:28:04 AM	1.09	1.85	1.77	0.44	0.00	0.00	0.00	0.44	5.16	100.00	4.59	12.15	576	1852	798	13	0	0	0	0	3240	171.88	9.31	4.03	13.58	11.22	15.19	17.02	1.45	24.46	24.57
8/9/2023 9:28:06 AM	1.22	2.35	2.37	0.00	0.00	0.00	0.00	0.39	5.94	100.00	4.61	12.24	645	2348	1067	0	0	0	0	0	4060	171.68	9.69	4.52	15.67	11.56	15.98	17.91	1.45	24.43	24.52
8/9/2023 9:28:09 AM	1.28	1.98	1.79	0.38	0.00	0.00	0.00	0.43	5.43	100.00	4.66	12.54	678	1981	806	11	0	0	0	0	3477	171.29	9.34	4.34	14.29	11.41	15.53	17.41	1.46	24.36	24.52
8/9/2023 9:28:11 AM	1.18	2.07	1.79	0.30	0.00	0.00	0.00	0.42	5.34	100.00	4.71	12.58	625	2070	806	9	0	0	0	0	3510	171.20	9.04	4.40	14.45	11.06	15.40	16.63	1.46	24.35	24.53
8/9/2023 9:28:14 AM	1.22	2.29	2.02	0.00	0.00	0.00	0.00	0.38	5.52	100.00	4.74	12.52	647	2286	907	0	0	0	0	0	3840	171.13	8.78	4.30	15.27	10.79	15.07	16.24	1.46	24.30	24.52
8/9/2023 9:28:16 AM	1.17	2.04	1.81	0.23	0.00	0.00	0.00	0.41	5.25	100.00	4.81	12.49	620	2044	814	7	0	0	0	0	3485	171.05	8.80	4.33	14.19	10.84	14.99	16.29	1.47	24.27	24.46
8/9/2023 9:28:18 AM	0.82	1.95	1.77	0.06	0.00	0.00	0.00	0.39	4.60	100.00	4.87	12.50	435	1948	797	2	0	0	0	0	3182	171.37	7.86	3.91	13.02	9.74	13.59	14.10	1.48	24.22	24.48
8/9/2023 9:28:21 AM	0.83	1.84	1.43	0.14	0.00	0.00	0.00	0.39	4.24	100.00	4.91	12.56	442	1842	644	4	0	0	0	0	2931	170.76	7.23	3.56	12.31	9.21	13.22	12.94	1.48	24.17	24.47
8/9/2023 9:28:23 AM	1.03	1.89	1.53	0.05	0.00	0.00	0.00	0.37	4.50	100.00	4.96	12.48	547	1885	689	2	0	0	0	0	3123	171.30	7.28	3.59	12.58	9.31	13.30	13.47	1.49	24.11	24.48
8/9/2023 9:28:25 AM	0.91	1.95	1.52	0.00	0.00	0.00	0.00	0.38	4.38	100.00	5.00	12.32	484	1946	685	0	0	0	0	0	3114	171.04	7.13	3.55	12.81	9.22	13.06	12.94	1.49	24.10	24.44
8/9/2023 9:28:28 AM	0.82	1.89	1.43	0.04	0.00	0.00	0.00	0.39	4.17	100.00	5.01	12.39	434	1886	642	1	0	0	0	0	2962	171.07	6.94	3.65	12.34	9.08	12.91	12.49	1.49	24.03	24.41
8/9/2023 9:28:30 AM	0.98	2.06	1.51	0.00	0.00	0.00	0.00	0.38	4.56	100.00	5.03	12.51	522	2064	679	0	0	0	0	0	3265	170.96	7.22	3.77	13.33	9.38	13.64	13.15	1.49	23.99	24.39
8/9/2023 9:28:33 AM	1.05	2.01	1.35	0.00	0.00	0.00	0.00	0.38	4.41	100.00	5.07	12.63	556	2005	610	0	0	0	0	0	3171	171.06	6.86	3.53	13.16	9.15	13.09	12.64	1.50	23.96	24.42
8/9/2023 9:28:35 AM	1.21	2.03	1.42	0.00	0.00	0.00	0.00	0.35	4.65	100.00	5.08	12.75	639	2028	639	0	0	0	0	0	3307	170.39	7.06	3.70	13.42	9.25	13.39	13.24	1.50	23.90	24.39
8/9/2023 9:28:37 AM	1.22	1.87	1.31	0.16	0.00	0.00	0.00	0.39	4.57	100.00	5.10	12.77	649	1871	589	5	0	0	0	0	3114	170.44	7.26	3.57	12.68	9.59	13.68	13.75	1.50	23.87	24.37
8/9/2023 9:28:40 AM	1.16	2.09	1.57	0.00	0.00	0.00	0.00	0.36	4.82	100.00	5.11	12.78	613	2092	709	0	0	0	0	0	3413	170.42	7.45	3.83	13.73	9.52	13.88	13.81	1.50	23.83	24.38
8/9/2023 9:28:42 AM	0.85	2.07	1.47	0.00	0.00	0.00	0.00	0.39	4.39	100.00	5.15	12.91	451	2071	661	0	0	0	0	0	3183	169.90	7.07	3.79	13.20	9.22	13.53	12.62	1.50	23.78	24.38
8/9/2023 9:28:44 AM	0.82	1.96	1.41	0.01	0.00	0.00	0.00	0.39	4.21	100.00	5.18	12.91	436	1964	636	0	0	0	0	0	3036	169.80	6.88	3.55	12.57	9.03	13.18	12.31	1.51	23.76	24.31
8/9/2023 9:28:47 AM	1.02	1.91	1.34	0.00	0.00	0.00	0.00	0.37	4.27	100.00	5.21	12.74	540	1910	602	0	0	0	0	0	3051	170.63	6.68	3.36	12.34	8.91	13.02	12.37	1.51	23.69	24.33
8/9/2023 9:28:49 AM	1.05	1.71	1.08	0.26	0.00	0.00	0.00	0.39	4.11	100.00	5.23	12.59	557	1714	486	8	0	0	0	0	2764	169.82	6.81	3.43	11.83	9.04	13.03	12.60	1.51	23.67	24.33
8/9/2023 9:28:52 AM	0.88	1.77	1.33	0.12	0.00	0.00	0.00	0.41	4.09	100.00	5.24	12.47	467	1767	598	4	0	0	0	0	2836	170.02	6.94	3.32	11.83	9.20	12.83	12.68	1.51	23.62	24.26
8/9/2023 9:28:54 AM	0.92	1.93	1.40	0.00	0.00	0.00	0.00	0.41	4.26	100.00	5.28	12.43	490	1931	631	0	0	0	0	0	3052	170.30	6.92	3.44	12.56	9.36	13.00	12.72	1.52	23.58	24.25
8/9/2023 9:28:56 AM	0.93	1.93	1.36	0.00	0.00	0.00	0.00	0.37	4.23	100.00	5.31	12.47	496	1934	613	0	0	0	0	0	3042	170.38	6.72	3.63	12.65	8.90	12.78	12.25	1.52	23.52	24.26
8/9/2023 9:28:59 AM	0.82	1.83	1.34	0.12	0.00	0.00	0.00	0.41	4.12	100.00	5.34	12.54	436	1833	604	4	0	0	0	0	2877	170.25	7.00	3.43	12.12	9.18	13.07	12.58	1.52	23.49	24.23
8/9/2023 9:29:01 AM	0.86	1.71	1.05	0.12	0.00	0.00	0.00	0.41	3.74	100.00	5.36	12.63	454	1714	473	3	0	0	0	0	2644	170.14	6.20	3.10	11.27	8.63	12.30	11.33	1.53	23.43	24.20
8/9/2023 9:29:04 AM	0.89	1.84	1.25	0.00	0.00	0.00	0.00	0.40	3.98	100.00	5.37	12.73	470	1843	563	0	0	0	0	0	2876	170.12	6.44	3.22	11.99	8.83	12.42	11.78	1.53	23.40	24.18
8/9/2023 9:29:06 AM	1.00	2.01	1.40	0.00	0.00	0.00	0.00	0.38	4.41	100.00	5.40	12.81	533	2009	630	0	0	0	0	0	3171	170.48	6.95	3.52	13.08	9.20	13.24	12.73	1.53	23.37	24.18
8/9/2023 9:29:08 AM	0.74	1.69	1.21	0.13	0.00	0.00	0.00	0.42	3.76	100.00	5.44	12.75	390	1689	544	4	0	0	0	0	2627	170.37	6.55	3.21	11.27	8.81	12.29	11.75	1.53	23.31	24.17
8/9/2023 9:29:11 AM	0.87	1.84	1.38	0.00	0.00	0.00	0.00	0.39	4.09	100.00	5.45	12.67	461	1839	620	0	0	0	0	0	2920	170.03	6.69	3.36	11.99	8.95	12.59	12.23	1.53	23.29	24.10
8/9/2023 9:29:13 AM	0.69	1.78	1.15	0.00	0.00	0.00	0.00	0.42	3.63	100.00	5.51	12.10	367	1784	519	0	0	0	0	0	2670	170.06	6.10	3.04	11.43	8.59	11.97	10.90	1.54	23.23	24.16
8/9/2023 9:29:15 AM	0.79	1.83	1.30	0.00	0.00	0.00	0.00	0.42	3.92	100.00	5.55	11.59	421	1826	586	0	0	0	0	0	2833	170.00	6.52	3.33	11.85	8.96	12.37	11.85	1.54	23.19	24.07
8/9/2023 9:29:18 AM	0.74	1.83	1.22	0.13	0.00	0.00	0.00	0.41	3.91	100.00	5.58	11.63	390	1826	550	4	0	0	0	0	2770	169.72	6.70	3.26	11.87	8.93	12.93	11.85	1.55	23.17	24.10
8/9/2023 9:29:20 AM	0.74	1.93	1.52	0.02	0.00	0.00	0.00	0.40	4.20	100.00	5.59	11.78	390	1929	685	0	0	0	0	0	3005	169.89	7.09	3.53	12.44	9.16	13.11	12.58	1.55	23.12	24.06
8/9/2023 9:29:23 AM	0.73	1.86	1.49	0.02	0.00	0.00	0.00	0.40	4.10	100.00	5.62	11.96	384	1863	671	1	0	0	0	0	2919	169.72	6.98	3.46	12.11	9.10	12.80	12.45	1.55	23.07	24.03
8/9/2023 9:29:25 AM	0.77	1.94	1.29	0.00	0.00	0.00	0.00	0.40	4.01	100.00	5.71	11.83	409	1942	582	0	0	0	0	0	2933	169.40	6.54	3.31	12.32	8.80	12.84	11.61	1.56	23.02	24.01
8/9/2023 9:29:27 AM	0.85	1.77	1.21	0.13	0.00	0.00	0.00	0.41	3.96	100.00	5.78	11.69	451	1771	543	4	0	0	0	0	2768	169.91	6.66	3.25	11.71	8.95	12.75	12.07	1.57	22.97	24.02
8/9/2023 9:29:30 AM	0.82	1.86	1.26	0.00	0.00	0.00	0.00	0.40	3.94	100.00	5.87	11.69	437	1858	568	0	0	0	0	0	2863	169.96	6.42	3.22	11.94	8.74	12.51	11.61	1.57	22.94	23.98
8/9/2023 9:29:32 AM	0.73	1.84	1.26	0.00	0.00	0.00	0.00	0.42	3.83	100.00	5.93	11.61	386	1835	569	0	0	0	0	0	2790	169.80	6.42	3.20	11.82	8.86	12.30	11.51	1.58	22.90	23.97
8/9/2023 9:29:34 AM	0.88	1.64	1.07	0.22	0.00	0.00	0.00	0.42	3.81	100.00	6.00	11.54	468	1640	481	7	0	0	0	0	2595	169.55	6.58	3.16	11.21	8.97	12.48	12.05	1.59	22.84	23.93
8/9/2023 9:29:37 AM	0.74	1.80	1.25	0.02	0.00	0.00	0.00	0.42	3.81	100.00	6.06	11.62	390	1802	563	1	0	0	0	0	2755	169.58	6.41	3.24	11.59	8.83	12.34	11.53	1.59	22.79	23.92
8/9/2023 9:29:39 AM	0.91	1.92	1.24	0.00	0.00	0.00	0.00	0.40	4.07	100.00	6.11	11.79	484	1916	559	0	0	0	0	0	2959	169.31	6.50	3.24	12.38	8.92	12.70	11.86	1.60	22.77	23.90
8/9/2023 9:29:42 AM	0.87	1.87	1.21	0.00	0.00	0.00	0.00	0.42	3.95	100.00	6.15	12.04	462	1871	543	0	0	0	0	0	2877	169.64	6.40	3.18	11.97	8.99	12.60	11.73	1.60	22.72	23.90
8/9/2023 9:29:44 AM	0.71	1.95	1.34	0.00	0.00	0.00	0.00	0.42	4.00	100.00	6.20	12.14	378	1946	604	0	0	0	0	0	2927	169.52	6.70	3.31	12.38	9.07	12.84	11.86	1.61	22.67	23.91
8/9/2023 9:29:46 AM	0.72	1.63	1.03	0.29	0.00	0.00	0.00	0.45	3.66	100.00	6.23	12.06	379	1629	463	9	0	0	0	0	2479	169.59	6.68	3.12	11.12	9.11	12.60	11.90	1.61	22.63	23.90
8/9/2023 9:29:49 AM	0.82	1.72	1.03	0.19	0.00	0.00	0.00	0.44	3.76	100.00	6.26	12.11	434	1721	463	6	0	0	0	0	2624	169.58	6.46	3.19	11.43	8.99	12.62	11.70	1.61	22.60	23.86
8/9/2023 9:29:51 AM	0.95	1.90	1.15	0.00	0.00	0.00	0.00	0.40	3.99	100.00	6.31	12.05	503	1895	517	0	0	0	0	0	2915	169.75	6.27	3.38	12.22	8.82	12.51	11.58	1.62	22.56	23.83
8/9/2023 9:29:54 AM	0.98	1.96	1.19	0.00	0.00	0.00	0.00	0.40	4.13	100.00	6.35	11.82	519	1957	537	0	0	0	0	0	3012	169.60	6.44	3.41	12.64	8.94	12.76	11.84	1.62	22.52	23.82
8/9/2023 9:29:56 AM	0.85	1.81	1.24	0.00	0.00	0.00	0.00	0.40	3.89	100.00	6.36	11.77	450	1805	557	0	0	0	0	0	2812	168.99	6.35	2.96	11.54	8.74	12.50	11.60	1.62	22.48	23.77
8/9/2023 9:29:58 AM	0.92	1.88	1.12	0.00	0.00	0.00	0.00	0.42	3.91	100.00	6.42	11.78	486	1881	502	0	0	0	0	0	2869	169.39	6.22	3.19	12.13	8.87	12.39	11.45	1.63	22.44	23.81
8/9/2023 9:30:01 AM	0.75	1.81	1.17	0.00	0.00	0.00	0.00	0.42	3.73	100.00	6.49	11.83	398	1808	527	0	0	0	0	0	2734	169.13	6.18	3.13	11.64	8.66	12.09	11.13	1.64	22.39	23.75
8/9/2023 9:30:03 AM	0.77	1.86	1.23	0.00	0.00	0.00	0.00	0.44	3.86	100.00	6.53	11.76	410	1856	552	0	0	0	0	0	2818	169.30	6.44	3.13	11.96	9.06	12.38	11.65	1.64	22.37	23.71
8/9/2023 9:30:05 AM	0.97	2.06	1.25	0.00	0.00	0.00	0.00	0.41	4.28	100.00	6.57	11.65	514	2059	564	0	0	0	0	0	3137	169.11	6.70	3.42	13.20	9.19	13.23	12.18	1.64	22.32	23.72
8/9/2023 9:30:08 AM	1.03	1.82	1.03	0.20	0.00	0.00	0.00	0.41	4.08	100.00	6.61	11.81	548	1819	463	6	0	0	0	0	2837	169.21	6.62	3.29	12.04	9.13	13.23	12.26	1.65	22.28	23.72
8/9/2023 9:30:10 AM	0.93	1.97	1.36	0.00	0.00	0.00	0.00	0.40	4.26	100.00	6.67	11.91	494	1966	611	0	0	0	0	0	3071	169.45	6.81	3.45	12.61	9.21	13.16	12.47	1.65	22.24	23.70
8/9/2023 9:30:13 AM	0.83	1.84	1.21	0.00	0.00	0.00	0.00	0.44	3.87	100.00	6.73	11.89	438	1840	543	0	0	0	0	0	2821	169.22	6.41	3.11	11.88	9.09	12.36	11.72	1.66	22.22	23.68
8/9/2023 9:30:15 AM	0.75	1.85	1.25	0.00	0.00	0.00	0.00	0.42	3.85	100.00	6.82	11.81	395	1855	563	0	0	0	0	0	2813	169.19	6.41	3.13	11.78	8.83	12.53	11.49	1.67	22.16	23.65
8/9/2023 9:30:17 AM	0.69	1.78	1.09	0.00	0.00	0.00	0.00	0.44	3.57	100.00	6.91	11.71	365	1783	493	0	0	0	0	0	2641	169.49	6.00	2.94	11.39	8.62	11.89	10.74	1.68	22.12	23.62
8/9/2023 9:30:20 AM	0.71	1.81	1.14	0.00	0.00	0.00	0.00	0.44	3.65	100.00	6.96	11.64	374	1807	512	0	0	0	0	0	2694	168.90	6.14	3.07	11.45	8.82	12.17	11.06	1.68	22.09	23.56
8/9/2023 9:30:22 AM	0.81	1.81	1.06	0.00	0.00	0.00	0.00	0.43	3.68	100.00	7.00	11.48	431	1808	478	0	0	0	0	0	2717	168.84	5.99	3.08	11.72	8.66	11.89	10.91	1.69	22.06	23.56
8/9/2023 9:30:24 AM	0.66	1.87	1.20	0.00	0.00	0.00	0.00	0.45	3.73	100.00	7.06	11.42	349	1871	540	0	0	0	0	0	2760	169.16	6.34	3.05	11.85	8.93	12.38	11.22	1.69	22.01	23.57
8/9/2023 9:30:27 AM	0.67	1.81	1.21	0.00	0.00	0.00	0.00	0.45	3.70	100.00	7.16	11.35	354	1813	546	0	0	0	0	0	2714	168.18	6.33	3.08	11.56	8.97	12.22	11.33	1.70	21.97	23.57
8/9/2023 9:30:29 AM	0.70	1.77	1.15	0.00	0.00	0.00	0.00	0.43	3.63	100.00	7.24	11.38	373	1773	520	0	0	0	0	0	2666	168.63	6.12	3.01	11.34	8.68	12.00	11.00	1.71	21.95	23.55
8/9/2023 9:30:32 AM	0.70	1.79	1.12	0.00	0.00	0.00	0.00	0.44	3.60	100.00	7.35	11.46	369	1787	502	0	0	0	0	0	2658	168.59	6.07	2.92	11.45	8.69	11.94	10.87	1.72	21.90	23.48
8/9/2023 9:30:34 AM	0.70	1.79	1.08	0.00	0.00	0.00	0.00	0.45	3.57	100.00	7.43	11.54	370	1791	487	0	0	0	0	0	2648	169.23	6.00	3.02	11.36	8.72	11.99	10.80	1.73	21.86	23.52
8/9/2023 9:30:36 AM	0.88	1.80	1.09	0.00	0.00	0.00	0.00	0.41	3.78	100.00	7.47	11.63	469	1803	491	0	0	0	0	0	2763	168.93	6.07	3.04	11.73	8.67	12.02	11.17	1.73	21.82	23.41
8/9/2023 9:30:39 AM	1.00	1.98	1.19	0.00	0.00	0.00	0.00	0.40	4.17	100.00	7.49	11.69	532	1983	533	0	0	0	0	0	3048	168.80	6.48	3.35	12.85	9.00	12.82	11.92	1.73	21.79	23.47
8/9/2023 9:30:41 AM	0.73	1.83	1.14	0.00	0.00	0.00	0.00	0.44	3.70	100.00	7.56	11.79	386	1829	514	0	0	0	0	0	2729	168.26	6.18	3.04	11.69	8.81	12.16	11.10	1.74	21.74	23.42
8/9/2023 9:30:44 AM	0.70	1.85	1.15	0.00	0.00	0.00	0.00	0.44	3.70	100.00	7.64	11.77	373	1848	519	0	0	0	0	0	2740	169.00	6.23	3.07	11.89	8.87	12.11	11.12	1.75	21.72	23.36
8/9/2023 9:30:46 AM	0.81	1.89	1.18	0.00	0.00	0.00	0.00	0.45	3.88	100.00	7.71	11.74	432	1889	530	0	0	0	0	0	2851	168.83	6.40	2.99	11.91	9.15	12.72	11.65	1.76	21.66	23.37
8/9/2023 9:30:48 AM	0.69	1.89	1.27	0.00	0.00	0.00	0.00	0.45	3.85	100.00	7.79	11.75	368	1886	571	0	0	0	0	0	2825	168.72	6.54	3.20	11.91	9.18	12.66	11.70	1.76	21.64	23.32
8/9/2023 9:30:51 AM	0.83	1.81	1.14	0.00	0.00	0.00	0.00	0.44	3.79	100.00	7.86	11.66	443	1812	515	0	0	0	0	0	2770	168.75	6.23	3.05	11.66	8.95	12.23	11.45	1.77	21.59	23.32
8/9/2023 9:30:53 AM	0.95	1.98	1.10	0.00	0.00	0.00	0.00	0.43	4.02	100.00	7.93	11.63	503	1978	493	0	0	0	0	0	2974	168.66	6.30	3.21	12.65	9.03	12.74	11.55	1.78	21.55	23.36
8/9/2023 9:30:55 AM	0.77	1.86	1.26	0.00	0.00	0.00	0.00	0.43	3.90	100.00	7.99	11.63	409	1861	569	0	0	0	0	0	2839	168.82	6.49	3.16	11.92	9.03	12.53	11.73	1.78	21.53	23.30
8/9/2023 9:30:58 AM	0.69	1.94	1.13	0.00	0.00	0.00	0.00	0.45	3.76	100.00	8.02	11.58	367	1937	510	0	0	0	0	0	2814	168.57	6.27	3.01	12.24	8.91	12.49	11.05	1.79	21.48	23.20
8/9/2023 9:31:00 AM	0.93	2.02	0.99	0.00	0.00	0.00	0.00	0.43	3.94	100.00	8.07	11.65	495	2018	446	0	0	0	0	0	2960	168.92	6.09	3.21	12.92	8.87	12.57	11.06	1.79	21.44	23.24
8/9/2023 9:31:03 AM	0.83	1.63	1.04	0.15	0.00	0.00	0.00	0.45	3.65	100.00	8.12	11.72	442	1631	467	4	0	0	0	0	2544	168.71	6.31	2.94	10.90	9.02	12.15	11.66	1.80	21.41	23.19
8/9/2023 9:31:05 AM	1.02	1.91	1.16	0.00	0.00	0.00	0.00	0.42	4.10	100.00	8.19	11.78	543	1914	523	0	0	0	0	0	2980	168.73	6.41	3.19	12.29	9.12	12.81	12.00	1.80	21.39	23.21
8/9/2023 9:31:07 AM	0.83	1.91	1.19	0.00	0.00	0.00	0.00	0.41	3.94	100.00	8.24	11.74	441	1912	538	0	0	0	0	0	2890	167.97	6.36	3.21	12.15	8.86	12.68	11.50	1.81	21.35	23.20
8/9/2023 9:31:10 AM	0.86	1.93	1.09	0.00	0.00	0.00	0.00	0.44	3.89	100.00	8.29	11.59	457	1929	493	0	0	0	0	0	2879	168.44	6.24	3.08	12.27	8.99	12.58	11.36	1.81	21.31	23.16
8/9/2023 9:31:12 AM	0.63	1.82	1.08	0.04	0.00	0.00	0.00	0.48	3.58	100.00	8.35	11.61	335	1823	488	1	0	0	0	0	2647	168.44	6.18	3.05	11.43	9.02	12.37	11.01	1.82	21.28	23.09
8/9/2023 9:31:14 AM	0.87	1.82	0.99	0.00	0.00	0.00	0.00	0.45	3.68	100.00	8.43	11.58	460	1825	444	0	0	0	0	0	2729	168.24	5.92	2.99	11.75	8.83	11.97	10.93	1.83	21.24	23.14
8/9/2023 9:31:17 AM	0.73	1.84	1.05	0.00	0.00	0.00	0.00	0.46	3.63	100.00	8.49	11.50	388	1844	473	0	0	0	0	0	2705	168.63	6.03	2.94	11.65	8.85	12.18	10.86	1.83	21.21	23.10
8/9/2023 9:31:19 AM	0.75	1.81	1.15	0.00	0.00	0.00	0.00	0.44	3.71	100.00	8.56	11.42	399	1805	518	0	0	0	0	0	2722	168.61	6.21	2.89	11.63	8.84	12.09	11.21	1.84	21.20	23.06
8/9/2023 9:31:22 AM	0.93	2.02	1.13	0.00	0.00	0.00	0.00	0.43	4.09	100.00	8.62	11.41	494	2024	509	0	0	0	0	0	3027	168.74	6.44	3.26	12.97	9.15	12.87	11.71	1.84	21.15	23.10
8/9/2023 9:31:24 AM	0.85	1.85	1.19	0.00	0.00	0.00	0.00	0.43	3.89	100.00	8.67	11.45	450	1850	534	0	0	0	0	0	2835	167.79	6.35	3.07	11.83	9.01	12.51	11.65	1.85	21.13	23.01
8/9/2023 9:31:26 AM	0.85	1.89	1.02	0.07	0.00	0.00	0.00	0.45	3.82	100.00	8.68	11.44	448	1888	458	2	0	0	0	0	2797	168.56	6.24	3.06	11.86	9.05	12.91	11.35	1.85	21.08	23.02
8/9/2023 9:31:29 AM	0.92	2.03	1.13	0.00	0.00	0.00	0.00	0.43	4.08	100.00	8.72	11.57	486	2034	509	0	0	0	0	0	3030	168.26	6.42	3.17	12.83	9.12	13.10	11.65	1.85	21.04	23.04
8/9/2023 9:31:31 AM	0.92	1.96	1.06	0.00	0.00	0.00	0.00	0.45	3.94	100.00	8.79	11.61	487	1956	477	0	0	0	0	0	2921	168.56	6.23	3.08	12.33	9.11	12.80	11.46	1.86	21.02	22.95
8/9/2023 9:31:33 AM	0.92	2.01	1.12	0.00	0.00	0.00	0.00	0.44	4.05	100.00	8.86	11.59	485	2011	504	0	0	0	0	0	3001	167.92	6.42	3.23	12.86	9.24	12.84	11.71	1.87	20.98	22.91
8/9/2023 9:31:36 AM	0.90	1.85	1.11	0.00	0.00	0.00	0.00	0.44	3.86	100.00	8.91	11.48	475	1850	500	0	0	0	0	0	2825	168.42	6.24	3.01	11.91	9.04	12.35	11.53	1.87	20.95	22.97
8/9/2023 9:31:38 AM	0.92	1.80	1.16	0.01	0.00	0.00	0.00	0.44	3.89	100.00	8.92	11.42	486	1801	522	0	0	0	0	0	2809	167.74	6.34	2.97	11.53	9.15	12.52	11.86	1.87	20.93	22.89
8/9/2023 9:31:41 AM	0.91	1.87	1.09	0.00	0.00	0.00	0.00	0.45	3.87	100.00	9.02	11.47	483	1869	489	0	0	0	0	0	2840	167.85	6.23	2.98	11.92	9.16	12.50	11.58	1.88	20.88	22.87
8/9/2023 9:31:43 AM	0.85	1.75	1.04	0.00	0.00	0.00	0.00	0.44	3.65	100.00	9.11	11.45	453	1754	469	0	0	0	0	0	2676	168.45	5.97	2.77	11.29	8.79	11.94	11.07	1.89	20.87	22.82
8/9/2023 9:31:45 AM	0.81	1.81	0.93	0.00	0.00	0.00	0.00	0.47	3.54	100.00	9.20	11.43	429	1807	418	0	0	0	0	0	2653	168.36	5.79	2.99	11.51	8.91	11.87	10.70	1.90	20.82	22.80
8/9/2023 9:31:48 AM	0.73	1.73	0.92	0.00	0.00	0.00	0.00	0.47	3.38	100.00	9.29	11.41	388	1729	413	0	0	0	0	0	2530	168.06	5.66	2.82	11.01	8.71	11.55	10.37	1.91	20.80	22.84
8/9/2023 9:31:50 AM	0.71	1.80	1.00	0.00	0.00	0.00	0.00	0.46	3.52	100.00	9.43	11.35	379	1804	452	0	0	0	0	0	2634	168.50	5.89	2.90	11.44	8.78	11.92	10.63	1.92	20.77	22.75
8/9/2023 9:31:53 AM	0.64	1.67	0.95	0.00	0.00	0.00	0.00	0.48	3.26	100.00	9.57	11.32	341	1671	427	0	0	0	0	0	2439	167.58	5.65	2.66	10.63	8.64	11.37	10.24	1.94	20.73	22.72
8/9/2023 9:31:55 AM	0.77	1.78	0.96	0.00	0.00	0.00	0.00	0.47	3.50	100.00	9.68	11.30	409	1775	431	0	0	0	0	0	2615	167.60	5.80	2.85	11.31	8.79	11.80	10.63	1.95	20.71	22.75
8/9/2023 9:31:57 AM	0.71	1.68	0.87	0.00	0.00	0.00	0.00	0.48	3.25	100.00	9.80	11.29	376	1676	390	0	0	0	0	0	2443	167.78	5.50	2.63	10.68	8.61	11.31	10.11	1.96	20.68	22.74
