Date/Time	Green Algae	Bluegreen	Diatoms	Cryptophyta	#5	#6	#7	Yellow substances	Total conc.	Transmission	Depth	Temp. Sample	Green Algae	Bluegreen	Diatoms	Cryptophyta	#5	#6	#7	Yellow substances	Total cell count	Trans. 700 nm	LED 3 [525 nm]	LED 4 [570 nm]	LED 5 [610 nm]	LED 6 [370 nm]	LED 7 [590 nm]	LED 8 [470 nm]	Pressure	Temp. LEDs	Temp. Sensor
date	µg/l	µg/l	µg/l	µg/l	µg/l	µg/l	µg/l	r.u.	µg/l	%	m	°C	cells/ml	cells/ml	cells/ml	cells/ml	cells/ml	cells/ml	cells/ml	r.u.	cells/ml	digits	digits	digits	digits	digits	digits	digits	bar	°C	°C
9/15/2025 11:55:37 AM	12.48	10.08	3.89	0.13	0.00	0.00	0.00	0.00	26.58	63.75	0.19	22.08	6613	10075	1752	4	0	0	0	0	18444	116.29	22.38	10.33	53.60	44.70	51.25	62.40	1.02	23.25	23.17
9/15/2025 11:55:40 AM	12.80	9.28	3.12	0.58	0.00	0.00	0.00	0.00	25.78	64.71	0.24	22.06	6786	9284	1403	17	0	0	0	0	17489	118.03	21.58	10.47	51.49	43.69	49.51	62.06	1.02	23.29	23.19
9/15/2025 11:55:43 AM	12.36	9.69	4.03	0.14	0.00	0.00	0.00	0.00	26.22	64.20	0.22	21.87	6552	9688	1815	4	0	0	0	0	18059	117.11	22.33	10.53	52.42	44.41	49.79	62.56	1.02	23.31	23.22
9/15/2025 11:55:45 AM	12.54	10.66	4.05	0.19	0.00	0.00	0.00	0.00	27.45	63.89	0.26	21.87	6649	10660	1823	6	0	0	0	0	19138	116.54	23.22	10.57	56.10	45.28	53.79	64.06	1.03	23.34	23.20
9/15/2025 11:55:48 AM	11.84	10.51	4.44	0.36	0.00	0.00	0.00	0.00	27.15	64.12	0.36	21.85	6275	10514	1996	11	0	0	0	0	18795	116.96	23.93	11.43	56.04	44.58	53.32	64.07	1.03	23.38	23.22
9/15/2025 11:55:51 AM	13.12	10.35	3.15	0.65	0.00	0.00	0.00	0.00	27.27	64.06	0.40	21.70	6955	10351	1418	19	0	0	0	0	18744	116.85	22.68	11.08	55.83	45.13	53.76	64.11	1.04	23.43	23.30
9/15/2025 11:55:54 AM	12.79	10.86	4.26	0.00	0.00	0.00	0.00	0.00	27.91	63.75	0.46	21.73	6777	10859	1918	0	0	0	0	0	19554	116.29	23.26	10.92	57.02	45.68	53.96	65.31	1.05	23.46	23.33
9/15/2025 11:55:56 AM	13.53	10.75	4.14	0.67	0.00	0.00	0.00	0.00	29.09	63.92	0.57	21.83	7172	10745	1865	20	0	0	0	0	19802	116.60	25.32	12.06	58.71	48.81	56.32	69.73	1.06	23.49	23.30
9/15/2025 11:55:59 AM	14.33	10.17	5.57	2.10	0.00	0.00	0.00	0.00	32.17	64.15	0.63	21.57	7595	10168	2507	63	0	0	0	0	20333	117.02	32.82	13.49	61.58	57.67	62.04	83.15	1.06	23.47	23.25
9/15/2025 11:56:02 AM	14.85	9.67	4.89	3.31	0.00	0.00	0.00	0.00	32.72	63.90	0.72	21.51	7871	9666	2202	99	0	0	0	0	19838	116.57	34.92	15.08	62.41	60.13	64.20	86.38	1.07	23.53	23.30
9/15/2025 11:56:04 AM	14.92	10.17	6.23	5.41	0.00	0.00	0.00	0.00	36.73	63.63	0.77	21.52	7907	10167	2803	162	0	0	0	0	21040	116.08	44.12	19.40	70.84	68.23	74.48	100.84	1.08	23.55	23.38
9/15/2025 11:56:07 AM	17.21	9.72	6.24	12.79	0.00	0.00	0.00	0.00	45.96	62.75	0.80	21.50	9120	9716	2810	384	0	0	0	0	22030	114.46	66.69	29.61	88.42	90.53	101.34	137.23	1.08	23.58	23.48
9/15/2025 11:56:10 AM	16.59	10.71	7.66	11.87	0.00	0.00	0.00	0.00	46.83	62.45	0.80	21.45	8792	10707	3448	356	0	0	0	0	23303	113.91	67.37	29.74	90.78	91.26	102.11	137.56	1.08	23.58	23.32
9/15/2025 11:56:13 AM	17.14	10.15	7.21	12.71	0.00	0.00	0.00	0.00	47.22	62.77	0.86	21.38	9086	10149	3246	381	0	0	0	0	22862	114.50	68.65	30.68	90.98	92.46	103.10	141.06	1.08	23.60	23.32
9/15/2025 11:56:15 AM	17.47	9.29	6.27	15.96	0.00	0.00	0.00	0.00	48.98	62.17	0.91	21.34	9260	9286	2821	479	0	0	0	0	21845	113.42	75.76	34.19	94.74	98.00	111.27	150.67	1.09	23.64	23.41
9/15/2025 11:56:18 AM	17.84	10.16	7.30	14.91	0.00	0.00	0.00	0.00	50.21	62.26	0.96	21.23	9454	10165	3284	447	0	0	0	0	23350	113.58	75.72	33.64	96.73	99.64	111.83	152.19	1.09	23.66	23.46
9/15/2025 11:56:21 AM	15.75	8.72	6.73	14.24	0.00	0.00	0.00	0.00	45.44	62.06	1.03	20.91	8348	8719	3027	427	0	0	0	0	20521	113.21	70.52	30.89	87.37	91.06	102.55	139.64	1.10	23.71	23.49
9/15/2025 11:56:24 AM	15.42	8.93	6.59	14.16	0.00	0.00	0.00	0.00	45.11	62.45	1.09	20.70	8175	8930	2964	425	0	0	0	0	20494	113.91	69.93	30.85	87.59	89.80	102.57	137.86	1.11	23.70	23.48
9/15/2025 11:56:27 AM	15.40	8.39	6.30	15.08	0.00	0.00	0.00	0.00	45.17	62.20	1.12	20.68	8161	8392	2835	452	0	0	0	0	19840	113.46	71.58	31.82	87.59	90.64	103.66	140.14	1.11	23.73	23.46
9/15/2025 11:56:29 AM	15.30	7.71	6.08	18.06	0.00	0.00	0.00	0.00	47.15	61.81	1.15	20.67	8111	7711	2736	542	0	0	0	0	19099	112.74	79.20	34.01	91.52	95.47	112.53	150.98	1.11	23.74	23.49
9/15/2025 11:56:32 AM	15.51	8.80	7.11	16.89	0.00	0.00	0.00	0.00	48.30	61.92	1.18	20.74	8219	8799	3198	507	0	0	0	0	20723	112.96	78.62	34.92	94.51	96.07	112.37	151.92	1.12	23.76	23.49
9/15/2025 11:56:35 AM	16.59	8.44	7.18	24.07	0.00	0.00	0.00	0.00	56.29	60.54	1.24	20.85	8795	8441	3232	722	0	0	0	0	21191	110.43	99.82	44.33	111.23	113.80	138.15	184.91	1.12	23.77	23.52
9/15/2025 11:56:38 AM	17.88	10.30	8.33	32.68	0.00	0.00	0.00	0.00	69.19	59.29	1.36	20.44	9475	10304	3748	980	0	0	0	0	24508	108.16	129.55	58.06	140.14	141.77	177.54	227.63	1.13	23.79	23.51
9/15/2025 11:56:40 AM	16.27	10.10	8.46	29.61	0.00	0.00	0.00	0.00	64.44	58.97	1.36	20.21	8621	10102	3808	888	0	0	0	0	23419	107.58	120.25	53.57	130.53	132.81	164.67	209.46	1.13	23.80	23.52
9/15/2025 11:56:43 AM	17.21	11.09	9.16	28.67	0.00	0.00	0.00	0.00	66.13	58.97	1.39	20.27	9121	11089	4122	860	0	0	0	0	25192	107.56	119.81	53.64	133.87	133.82	165.83	213.06	1.14	23.83	23.49
9/15/2025 11:56:46 AM	15.39	8.09	7.63	21.51	0.00	0.00	0.00	0.00	52.62	59.15	1.44	20.31	8158	8092	3435	645	0	0	0	0	20330	107.90	93.28	39.92	102.21	109.47	127.68	170.02	1.14	23.82	23.54
9/15/2025 11:56:48 AM	15.81	8.51	6.64	15.10	0.00	0.00	0.00	0.00	46.07	58.71	1.45	20.36	8382	8511	2988	453	0	0	0	0	20334	107.10	73.13	32.35	88.32	94.56	104.73	141.63	1.14	23.85	23.57
9/15/2025 11:56:51 AM	15.69	8.56	7.10	16.62	0.00	0.00	0.00	0.00	47.98	58.21	1.48	20.17	8316	8561	3197	499	0	0	0	0	20572	106.18	78.35	34.31	92.50	98.13	110.88	149.66	1.15	23.84	23.57
9/15/2025 11:56:54 AM	15.97	8.40	6.74	16.60	0.00	0.00	0.00	0.00	47.71	58.38	1.51	20.39	8466	8402	3033	498	0	0	0	0	20398	106.49	77.60	34.56	91.85	98.04	109.86	148.77	1.15	23.84	23.65
9/15/2025 11:56:57 AM	15.91	9.20	7.33	16.05	0.00	0.00	0.00	0.00	48.49	58.14	1.54	20.56	8434	9197	3301	481	0	0	0	0	21413	106.06	77.66	35.55	94.35	98.55	110.53	149.15	1.15	23.87	23.64
9/15/2025 11:56:59 AM	15.33	8.55	7.42	15.09	0.00	0.00	0.00	0.00	46.40	58.02	1.57	20.68	8125	8553	3339	453	0	0	0	0	20469	105.84	74.52	32.55	88.81	95.24	105.24	143.24	1.15	23.89	23.64
9/15/2025 11:57:02 AM	13.94	7.31	6.81	13.13	0.00	0.00	0.00	0.00	41.19	57.06	1.59	20.68	7389	7307	3065	394	0	0	0	0	18155	104.08	66.09	28.52	77.69	85.84	92.37	127.51	1.16	23.93	23.67
9/15/2025 11:57:05 AM	14.11	8.87	6.90	10.62	0.00	0.00	0.00	0.00	40.50	57.61	1.63	20.64	7478	8870	3103	319	0	0	0	0	19770	105.08	59.95	27.24	78.13	81.61	88.19	119.16	1.16	23.89	23.65
9/15/2025 11:57:08 AM	14.56	8.32	6.74	13.07	0.00	0.00	0.00	0.00	42.69	57.42	1.65	20.74	7718	8316	3031	392	0	0	0	0	19457	104.74	66.65	30.36	82.12	87.57	95.29	129.45	1.16	23.94	23.64
9/15/2025 11:57:10 AM	16.51	9.38	6.64	13.80	0.00	0.00	0.00	0.00	46.32	57.64	1.67	20.73	8748	9377	2987	414	0	0	0	0	21526	105.14	70.32	32.94	89.42	94.49	102.56	138.56	1.16	23.94	23.69
9/15/2025 11:57:13 AM	14.97	8.42	6.52	12.72	0.00	0.00	0.00	0.00	42.62	57.01	1.70	20.56	7932	8415	2932	382	0	0	0	0	19661	104.00	65.47	28.95	81.50	87.07	95.00	128.67	1.17	23.95	23.64
9/15/2025 11:57:16 AM	14.67	7.55	6.05	12.52	0.00	0.00	0.00	0.00	40.79	57.06	1.72	20.49	7776	7553	2723	376	0	0	0	0	18427	104.08	63.08	27.65	77.19	83.82	90.80	124.95	1.17	23.95	23.67
9/15/2025 11:57:19 AM	14.34	8.64	7.39	11.56	0.00	0.00	0.00	0.00	41.93	56.93	1.76	20.24	7599	8641	3325	347	0	0	0	0	19911	103.85	63.53	28.51	80.34	84.54	91.48	126.08	1.17	23.96	23.67
9/15/2025 11:57:21 AM	13.26	6.43	5.48	12.07	0.00	0.00	0.00	0.00	37.24	56.97	1.79	19.98	7029	6427	2467	362	0	0	0	0	16285	103.93	59.37	24.72	69.63	78.33	84.40	115.12	1.18	23.95	23.70
9/15/2025 11:57:24 AM	12.25	5.93	5.62	10.38	0.00	0.00	0.00	0.00	34.18	57.28	1.82	19.83	6491	5931	2529	311	0	0	0	0	15262	104.49	53.93	21.96	63.03	72.42	75.99	105.21	1.18	23.95	23.67
9/15/2025 11:57:26 AM	13.19	8.61	7.05	8.59	0.00	0.00	0.00	0.00	37.44	58.28	1.88	19.97	6988	8611	3172	258	0	0	0	0	19029	106.32	53.93	24.29	71.55	76.04	79.42	107.88	1.18	23.97	23.69
9/15/2025 11:57:29 AM	10.25	6.22	4.87	3.94	0.00	0.00	0.00	0.16	25.28	62.49	1.93	19.34	5433	6224	2191	118	0	0	0	0	13966	113.99	33.00	14.32	47.03	54.07	50.73	70.99	1.19	24.01	23.75
9/15/2025 11:57:32 AM	8.78	5.21	3.55	2.71	0.00	0.00	0.00	0.32	20.26	64.34	1.94	18.77	4656	5212	1599	81	0	0	0	0	11548	117.37	25.40	11.10	38.06	45.75	40.65	57.07	1.19	23.96	23.70
9/15/2025 11:57:35 AM	9.21	5.02	3.47	2.84	0.00	0.00	0.00	0.32	20.53	64.51	1.94	18.88	4880	5017	1561	85	0	0	0	0	11542	117.68	25.70	10.89	37.83	46.60	40.86	58.53	1.19	23.99	23.75
9/15/2025 11:57:38 AM	9.50	5.51	3.91	2.44	0.00	0.00	0.00	0.27	21.36	64.59	1.95	19.13	5036	5513	1758	73	0	0	0	0	12380	117.81	25.88	11.11	39.44	47.21	41.62	59.55	1.19	23.99	23.78
9/15/2025 11:57:40 AM	9.37	5.40	4.01	2.53	0.00	0.00	0.00	0.30	21.30	64.24	1.96	19.40	4964	5402	1803	76	0	0	0	0	12245	117.18	26.26	10.99	39.16	47.63	41.66	59.99	1.19	23.99	23.80
9/15/2025 11:57:43 AM	9.53	5.77	4.40	2.41	0.00	0.00	0.00	0.27	22.11	64.52	1.96	19.46	5053	5766	1980	72	0	0	0	0	12871	117.69	27.03	11.42	40.77	48.66	42.86	61.58	1.19	24.00	23.83
9/15/2025 11:57:46 AM	10.58	5.03	3.31	3.36	0.00	0.00	0.00	0.24	22.28	64.20	2.00	19.46	5605	5033	1491	101	0	0	0	0	12230	117.11	27.52	11.91	40.14	49.68	43.61	63.89	1.20	23.98	23.78
9/15/2025 11:57:49 AM	9.61	5.33	3.79	1.88	0.00	0.00	0.00	0.40	20.62	64.34	2.05	19.17	5092	5335	1708	56	0	0	0	0	12190	117.37	24.20	10.20	37.53	47.46	39.06	58.16	1.20	23.99	23.78
9/15/2025 11:57:51 AM	9.93	4.96	3.34	1.50	0.00	0.00	0.00	0.51	19.73	65.16	2.13	18.77	5262	4960	1504	45	0	0	0	0	11771	118.87	22.27	9.05	35.09	47.35	36.46	56.61	1.21	23.99	23.78
9/15/2025 11:57:54 AM	9.93	4.73	3.21	0.86	0.00	0.00	0.00	0.65	18.73	65.29	2.17	18.62	5265	4734	1443	26	0	0	0	0	11468	119.09	20.23	7.90	32.69	47.14	33.41	54.51	1.21	23.99	23.80
9/15/2025 11:57:57 AM	10.14	4.79	3.10	1.02	0.00	0.00	0.00	0.65	19.06	65.57	2.20	18.62	5377	4795	1396	31	0	0	0	0	11598	119.60	20.64	8.34	33.43	47.85	34.16	55.44	1.22	23.99	23.80
9/15/2025 11:58:00 AM	10.09	5.21	3.63	0.54	0.00	0.00	0.00	0.63	19.47	65.43	2.25	18.78	5348	5210	1633	16	0	0	0	0	12207	119.36	20.55	8.22	34.29	47.91	34.23	55.48	1.22	23.98	23.81
9/15/2025 11:58:03 AM	11.00	4.89	3.24	0.73	0.00	0.00	0.00	0.65	19.87	65.07	2.30	18.76	5831	4895	1458	22	0	0	0	0	12206	118.69	20.64	8.05	33.93	49.63	34.34	57.75	1.23	24.00	23.80
9/15/2025 11:58:05 AM	11.60	5.00	3.50	0.37	0.00	0.00	0.00	0.57	20.47	64.60	2.35	18.52	6149	4998	1576	11	0	0	0	0	12734	117.83	20.33	7.95	34.24	49.70	33.96	58.80	1.23	23.98	23.78
9/15/2025 11:58:08 AM	12.30	4.99	3.63	0.19	0.00	0.00	0.00	0.59	21.11	64.37	2.41	18.58	6521	4986	1635	6	0	0	0	0	13148	117.42	20.52	7.79	34.50	51.51	34.01	61.09	1.24	23.97	23.81
9/15/2025 11:58:11 AM	14.11	5.13	3.92	0.00	0.00	0.00	0.00	0.44	23.16	63.10	2.48	18.61	7481	5129	1762	0	0	0	0	0	14372	115.10	21.39	7.73	36.47	54.10	35.30	66.46	1.24	23.99	23.83
9/15/2025 11:58:14 AM	13.84	5.25	3.87	0.00	0.00	0.00	0.00	0.46	22.96	62.61	2.53	18.49	7337	5245	1743	0	0	0	0	0	14325	114.21	21.25	7.96	36.62	53.70	35.42	65.55	1.25	23.97	23.81
9/15/2025 11:58:16 AM	13.73	5.06	3.93	0.00	0.00	0.00	0.00	0.39	22.72	62.71	2.58	18.55	7278	5056	1770	0	0	0	0	0	14103	114.39	21.06	7.62	35.95	52.45	34.65	64.88	1.25	23.98	23.89
9/15/2025 11:58:19 AM	15.98	5.35	4.04	0.00	0.00	0.00	0.00	0.59	25.38	61.14	2.61	18.32	8471	5349	1819	0	0	0	0	0	15639	111.53	23.18	8.50	39.20	61.17	37.51	74.26	1.26	23.97	23.86
9/15/2025 11:58:21 AM	16.05	5.32	4.18	0.00	0.00	0.00	0.00	0.61	25.54	61.17	2.69	18.20	8504	5318	1879	0	0	0	0	0	15701	111.59	23.51	8.45	39.17	61.87	37.72	75.11	1.26	23.99	23.83
9/15/2025 11:58:24 AM	16.37	5.35	3.94	0.00	0.00	0.00	0.00	1.08	25.67	60.48	2.75	18.16	8678	5349	1774	0	0	0	0	0	15802	110.33	24.25	8.35	39.65	68.53	38.06	78.50	1.27	23.95	23.86
9/15/2025 11:58:27 AM	16.05	5.25	3.93	0.00	0.00	0.00	0.00	1.10	25.23	60.68	2.84	18.00	8506	5245	1770	0	0	0	0	0	15521	110.69	24.02	8.36	39.07	67.95	37.37	77.51	1.28	23.94	23.89
9/15/2025 11:58:30 AM	15.27	5.04	3.57	0.00	0.00	0.00	0.00	1.30	23.88	61.09	2.89	17.43	8091	5038	1607	0	0	0	0	0	14736	111.45	23.10	7.88	37.31	67.79	35.95	74.83	1.28	23.94	23.86
9/15/2025 11:58:33 AM	14.50	4.87	3.56	0.00	0.00	0.00	0.00	1.29	22.93	61.76	2.96	16.86	7685	4867	1604	0	0	0	0	0	14155	112.67	22.51	7.69	35.95	65.73	34.84	72.19	1.29	23.94	23.85
9/15/2025 11:58:35 AM	13.24	4.63	3.16	0.00	0.00	0.00	0.00	1.34	21.04	62.59	3.04	16.85	7018	4632	1424	0	0	0	0	0	13075	114.17	20.91	7.29	33.82	62.25	32.54	66.73	1.30	23.94	23.86
9/15/2025 11:58:38 AM	13.10	4.63	3.08	0.00	0.00	0.00	0.00	1.29	20.81	63.01	3.13	17.10	6944	4626	1387	0	0	0	0	0	12957	114.94	20.55	7.23	33.72	60.97	32.13	65.56	1.31	23.93	23.83
9/15/2025 11:58:41 AM	11.98	4.33	2.89	0.00	0.00	0.00	0.00	1.29	19.20	63.63	3.20	16.57	6351	4325	1300	0	0	0	0	0	11977	116.07	19.32	6.59	31.26	57.69	30.36	61.08	1.31	23.92	23.88
9/15/2025 11:58:44 AM	11.53	4.28	2.79	0.00	0.00	0.00	0.00	1.30	18.61	64.12	3.27	15.67	6112	4284	1257	0	0	0	0	0	11653	116.96	18.84	6.56	30.66	56.47	29.73	59.26	1.32	23.88	23.91
9/15/2025 11:58:46 AM	11.35	4.22	2.85	0.00	0.00	0.00	0.00	1.29	18.42	63.99	3.33	15.41	6016	4219	1284	0	0	0	0	0	11518	116.72	18.79	6.50	30.28	55.95	29.46	58.79	1.33	23.89	23.83
9/15/2025 11:58:49 AM	10.16	4.03	2.56	0.00	0.00	0.00	0.00	1.33	16.75	64.53	3.43	15.60	5385	4027	1154	0	0	0	0	0	10566	117.72	17.48	6.06	28.45	52.81	27.50	53.94	1.34	23.88	23.91
9/15/2025 11:58:52 AM	9.53	3.91	2.53	0.00	0.00	0.00	0.00	1.27	15.98	65.19	3.47	15.71	5053	3911	1139	0	0	0	0	0	10104	118.91	16.86	5.93	27.48	50.39	26.50	51.33	1.34	23.87	23.93
9/15/2025 11:58:55 AM	9.05	3.78	2.26	0.00	0.00	0.00	0.00	1.29	15.09	65.37	3.54	15.66	4795	3776	1019	0	0	0	0	0	9590	119.25	15.96	5.71	26.33	48.73	25.41	48.76	1.35	23.84	23.93
9/15/2025 11:58:57 AM	8.67	3.66	2.31	0.00	0.00	0.00	0.00	1.30	14.64	65.73	3.58	15.60	4594	3662	1039	0	0	0	0	0	9295	119.89	15.78	5.47	25.45	47.95	25.01	47.72	1.35	23.81	23.93
9/15/2025 11:59:00 AM	8.47	3.68	2.25	0.00	0.00	0.00	0.00	1.31	14.39	65.57	3.63	15.80	4488	3678	1011	0	0	0	0	0	9177	119.61	15.58	5.43	25.34	47.52	24.79	46.91	1.36	23.82	23.93
9/15/2025 11:59:03 AM	8.11	3.48	2.23	0.00	0.00	0.00	0.00	1.30	13.82	65.83	3.66	15.89	4299	3477	1003	0	0	0	0	0	8779	120.08	15.15	5.28	24.14	46.22	23.96	45.49	1.36	23.81	23.93
9/15/2025 11:59:05 AM	7.89	3.44	2.10	0.00	0.00	0.00	0.00	1.31	13.44	65.74	3.73	15.85	4183	3442	946	0	0	0	0	0	8571	119.91	14.79	5.05	23.89	45.57	23.38	44.35	1.36	23.79	23.88
9/15/2025 11:59:08 AM	8.22	3.54	2.02	0.00	0.00	0.00	0.00	1.31	13.79	65.77	3.81	15.85	4356	3544	911	0	0	0	0	0	8811	119.97	14.87	5.28	24.64	46.18	23.68	45.11	1.37	23.79	23.93
9/15/2025 11:59:11 AM	7.40	3.46	2.06	0.00	0.00	0.00	0.00	1.30	12.92	65.64	3.85	15.42	3921	3461	928	0	0	0	0	0	8309	119.73	14.41	5.10	23.46	44.22	23.03	42.52	1.38	23.77	23.83
9/15/2025 11:59:14 AM	7.25	3.45	1.97	0.00	0.00	0.00	0.00	1.32	12.67	66.09	3.92	15.07	3844	3449	886	0	0	0	0	0	8179	120.55	14.15	5.04	23.26	43.81	22.74	41.75	1.38	23.74	23.86
9/15/2025 11:59:16 AM	7.13	3.41	1.96	0.00	0.00	0.00	0.00	1.29	12.49	65.85	4.00	14.91	3777	3409	881	0	0	0	0	0	8066	120.11	13.96	4.97	22.94	43.03	22.52	41.07	1.39	23.73	23.91
9/15/2025 11:59:19 AM	6.91	3.39	1.76	0.00	0.00	0.00	0.00	1.31	12.05	66.01	4.08	14.49	3663	3385	791	0	0	0	0	0	7839	120.40	13.45	4.88	22.54	42.32	22.04	39.72	1.40	23.70	23.93
9/15/2025 11:59:22 AM	6.81	3.36	1.88	0.00	0.00	0.00	0.00	1.32	12.05	66.31	4.16	14.39	3612	3360	844	0	0	0	0	0	7815	120.95	13.66	4.82	22.47	42.53	22.03	39.94	1.41	23.69	23.93
9/15/2025 11:59:25 AM	6.87	3.32	1.87	0.00	0.00	0.00	0.00	1.28	12.06	66.27	4.23	14.50	3643	3316	842	0	0	0	0	0	7801	120.89	13.56	4.83	22.28	42.08	21.96	39.84	1.41	23.65	23.86
9/15/2025 11:59:28 AM	6.59	3.36	1.85	0.00	0.00	0.00	0.00	1.31	11.80	66.34	4.29	14.44	3491	3360	832	0	0	0	0	0	7683	121.02	13.46	4.73	22.23	41.80	21.85	39.03	1.42	23.64	23.85
9/15/2025 11:59:30 AM	6.48	3.46	1.91	0.00	0.00	0.00	0.00	1.32	11.84	66.42	4.34	14.65	3433	3456	859	0	0	0	0	0	7748	121.15	13.60	4.93	22.60	41.84	22.06	38.97	1.43	23.62	23.83
9/15/2025 11:59:33 AM	6.70	3.48	2.01	0.00	0.00	0.00	0.00	1.30	12.19	65.95	4.35	14.88	3553	3480	903	0	0	0	0	0	7937	120.29	13.90	5.13	22.80	42.45	22.57	40.02	1.43	23.62	23.86
9/15/2025 11:59:36 AM	6.54	3.35	1.92	0.00	0.00	0.00	0.00	1.30	11.80	65.99	4.42	13.85	3464	3348	863	0	0	0	0	0	7676	120.38	13.53	4.82	22.10	41.66	21.93	39.05	1.43	23.56	23.85
9/15/2025 11:59:38 AM	6.47	3.29	1.84	0.00	0.00	0.00	0.00	1.30	11.60	66.19	4.46	13.94	3432	3285	828	0	0	0	0	0	7545	120.74	13.27	4.74	21.61	41.23	21.74	38.50	1.44	23.56	23.81
9/15/2025 11:59:41 AM	6.41	3.39	1.92	0.00	0.00	0.00	0.00	1.33	11.72	66.18	4.50	13.93	3398	3392	863	0	0	0	0	0	7653	120.72	13.55	4.82	22.13	41.82	22.03	38.86	1.44	23.53	23.89
9/15/2025 11:59:44 AM	6.18	3.35	1.85	0.00	0.00	0.00	0.00	1.32	11.37	65.85	4.52	13.97	3274	3347	831	0	0	0	0	0	7452	120.12	13.24	4.73	21.82	40.96	21.50	37.74	1.44	23.50	23.80
9/15/2025 11:59:46 AM	6.42	3.29	1.81	0.00	0.00	0.00	0.00	1.30	11.51	66.12	4.59	13.86	3401	3287	813	0	0	0	0	0	7501	120.61	13.18	4.74	21.65	41.05	21.54	38.19	1.45	23.50	23.85
9/15/2025 11:59:50 AM	6.13	3.39	1.79	0.00	0.00	0.00	0.00	1.33	11.31	66.23	4.64	13.58	3250	3387	807	0	0	0	0	0	7444	120.81	13.14	4.74	21.87	40.86	21.56	37.44	1.45	23.46	23.85
9/15/2025 11:59:52 AM	6.18	3.40	1.88	0.00	0.00	0.00	0.00	1.32	11.46	65.84	4.68	13.58	3275	3400	845	0	0	0	0	0	7520	120.10	13.33	4.72	21.98	41.04	21.78	37.86	1.46	23.44	23.78
9/15/2025 11:59:55 AM	6.25	3.37	1.87	0.00	0.00	0.00	0.00	1.29	11.49	66.03	4.72	13.60	3314	3365	840	0	0	0	0	0	7520	120.44	13.28	4.58	21.92	40.75	21.68	37.85	1.46	23.39	23.80
9/15/2025 11:59:58 AM	6.26	3.40	1.80	0.00	0.00	0.00	0.00	1.33	11.45	65.79	4.79	13.43	3317	3399	808	0	0	0	0	0	7524	120.01	13.24	4.66	22.02	41.20	21.72	37.88	1.47	23.36	23.78
9/15/2025 12:00:00 PM	6.07	3.45	1.86	0.00	0.00	0.00	0.00	1.33	11.38	65.79	4.87	13.44	3217	3451	836	0	0	0	0	0	7504	120.01	13.28	4.78	22.05	40.92	21.84	37.51	1.48	23.34	23.83
9/15/2025 12:00:03 PM	5.94	3.38	1.75	0.00	0.00	0.00	0.00	1.37	11.07	66.08	4.92	13.16	3147	3380	789	0	0	0	0	0	7316	120.53	13.04	4.58	21.59	40.86	21.45	36.92	1.48	23.32	23.78
9/15/2025 12:00:06 PM	6.11	3.44	1.72	0.00	0.00	0.00	0.00	1.33	11.27	65.78	5.03	13.26	3239	3437	776	0	0	0	0	0	7452	119.98	13.03	4.71	22.00	40.71	21.60	37.12	1.49	23.29	23.78
9/15/2025 12:00:09 PM	5.99	3.49	1.87	0.00	0.00	0.00	0.00	1.32	11.35	65.73	5.06	13.25	3175	3489	842	0	0	0	0	0	7505	119.89	13.30	4.62	22.14	40.70	21.93	37.26	1.50	23.23	23.80
9/15/2025 12:00:12 PM	5.97	3.51	1.84	0.00	0.00	0.00	0.00	1.35	11.32	65.83	5.15	13.34	3167	3513	827	0	0	0	0	0	7506	120.08	13.29	4.69	22.21	41.02	21.97	37.29	1.50	23.21	23.83
9/15/2025 12:00:14 PM	5.78	3.45	1.79	0.00	0.00	0.00	0.00	1.37	11.02	65.76	5.21	12.97	3066	3445	806	0	0	0	0	0	7317	119.95	13.10	4.52	21.80	40.67	21.54	36.60	1.51	23.22	23.80
9/15/2025 12:00:17 PM	5.66	3.40	1.62	0.00	0.00	0.00	0.00	1.39	10.68	65.71	5.26	13.18	2997	3404	727	0	0	0	0	0	7128	119.86	12.66	4.41	21.54	40.07	20.95	35.54	1.52	23.14	23.77
9/15/2025 12:00:20 PM	5.79	3.48	1.65	0.00	0.00	0.00	0.00	1.41	10.91	65.45	5.31	13.23	3066	3475	741	0	0	0	0	0	7282	119.39	12.90	4.35	21.90	40.81	21.42	36.26	1.52	23.12	23.81
9/15/2025 12:00:23 PM	5.77	3.53	1.68	0.00	0.00	0.00	0.00	1.44	10.98	65.58	5.38	13.05	3061	3528	757	0	0	0	0	0	7345	119.63	13.09	4.47	22.18	41.44	21.58	36.64	1.53	23.09	23.67
9/15/2025 12:00:25 PM	5.75	3.61	1.73	0.00	0.00	0.00	0.00	1.44	11.10	65.49	5.42	13.11	3047	3615	780	0	0	0	0	0	7441	119.46	13.24	4.43	22.47	41.48	21.96	36.74	1.53	23.07	23.77
9/15/2025 12:00:28 PM	5.74	3.50	1.60	0.00	0.00	0.00	0.00	1.44	10.84	65.24	5.47	13.21	3040	3502	719	0	0	0	0	0	7261	119.00	12.86	4.40	21.94	41.03	21.41	36.13	1.54	23.04	23.70
9/15/2025 12:00:31 PM	5.70	3.51	1.68	0.00	0.00	0.00	0.00	1.44	10.89	65.46	5.55	13.70	3021	3512	756	0	0	0	0	0	7290	119.41	13.03	4.41	21.92	41.25	21.62	36.40	1.54	23.00	23.73
9/15/2025 12:00:33 PM	5.98	3.69	1.72	0.00	0.00	0.00	0.00	1.44	11.39	65.22	5.65	13.26	3168	3695	774	0	0	0	0	0	7637	118.97	13.39	4.60	23.04	42.05	22.29	37.46	1.55	22.98	23.64
9/15/2025 12:00:36 PM	6.50	4.02	2.03	0.00	0.00	0.00	0.00	1.44	12.55	63.46	5.74	13.00	3444	4018	914	0	0	0	0	0	8377	115.75	14.58	4.92	24.77	44.40	24.30	40.54	1.56	22.93	23.70
