Date/Time	Green Algae	Bluegreen	Diatoms	Cryptophyta	#5	#6	#7	Yellow substances	Total conc.	Transmission	Depth	Temp. Sample	Green Algae	Bluegreen	Diatoms	Cryptophyta	#5	#6	#7	Yellow substances	Total cell count	Trans. 700 nm	LED 3 [525 nm]	LED 4 [570 nm]	LED 5 [610 nm]	LED 6 [370 nm]	LED 7 [590 nm]	LED 8 [470 nm]	Pressure	Temp. LEDs	Temp. Sensor
date	µg/l	µg/l	µg/l	µg/l	µg/l	µg/l	µg/l	r.u.	µg/l	%	m	°C	cells/ml	cells/ml	cells/ml	cells/ml	cells/ml	cells/ml	cells/ml	r.u.	cells/ml	digits	digits	digits	digits	digits	digits	digits	bar	°C	°C
8/4/2025 12:03:50 PM	8.54	8.95	2.21	0.00	0.00	0.00	0.00	0.00	19.70	72.31	0.01	24.31	4526	8954	993	0	0	0	0	0	14473	131.89	15.76	11.62	46.45	31.84	38.86	40.54	1.00	20.86	20.34
8/4/2025 12:03:54 PM	8.91	6.68	0.00	3.48	0.00	0.00	0.00	0.00	19.08	72.02	0.07	24.29	4724	6681	0	104	0	0	0	0	11510	131.36	18.64	11.32	40.22	34.53	47.14	45.45	1.01	20.88	20.29
8/4/2025 12:03:56 PM	3.14	10.07	5.81	0.81	0.00	0.00	0.00	0.00	19.84	70.54	0.09	24.18	1666	10072	2614	24	0	0	0	0	14377	128.67	24.39	7.91	47.19	32.73	49.81	39.41	1.01	20.90	20.38
8/4/2025 12:03:59 PM	6.03	9.19	3.34	0.36	0.00	0.00	0.00	0.00	18.92	74.05	0.13	24.21	3196	9190	1505	11	0	0	0	0	13901	135.07	17.98	9.57	44.80	29.40	43.11	38.57	1.01	20.95	20.34
8/4/2025 12:04:02 PM	7.05	9.56	3.99	0.00	0.00	0.00	0.00	0.00	20.60	71.00	0.16	24.29	3735	9559	1795	0	0	0	0	0	15090	129.50	20.22	7.22	49.81	34.88	41.16	41.73	1.02	20.98	20.38
8/4/2025 12:04:04 PM	4.66	10.70	4.77	0.00	0.00	0.00	0.00	0.00	20.13	66.95	0.17	24.23	2471	10703	2144	0	0	0	0	0	15319	122.12	20.79	7.60	54.46	29.18	42.70	39.33	1.02	21.02	20.42
8/4/2025 12:04:07 PM	1.44	10.43	7.33	0.22	0.00	0.00	0.00	0.18	19.42	73.58	0.18	24.18	761	10433	3299	7	0	0	0	0	14499	134.22	25.31	12.86	48.95	34.13	46.29	38.85	1.02	21.04	20.42
8/4/2025 12:04:10 PM	4.57	8.69	5.11	0.90	0.00	0.00	0.00	0.06	19.27	70.91	0.19	24.12	2423	8694	2299	27	0	0	0	0	13443	129.34	23.21	6.10	42.58	34.41	46.49	41.54	1.02	21.06	20.44
8/4/2025 12:04:13 PM	7.69	9.21	3.99	0.00	0.00	0.00	0.00	0.00	20.89	70.56	0.20	23.97	4075	9211	1798	0	0	0	0	0	15083	128.70	19.37	7.63	47.02	33.36	43.33	45.74	1.02	21.11	20.44
8/4/2025 12:04:16 PM	7.41	9.62	4.28	0.00	0.00	0.00	0.00	0.00	21.31	69.49	0.21	23.85	3929	9619	1927	0	0	0	0	0	15475	126.76	20.63	5.81	51.45	33.80	41.97	46.00	1.02	21.13	20.49
8/4/2025 12:04:18 PM	3.49	9.23	7.28	0.00	0.00	0.00	0.00	0.05	19.99	70.82	0.21	23.79	1848	9226	3274	0	0	0	0	0	14347	129.17	24.79	9.42	45.37	35.42	43.74	43.27	1.02	21.16	20.49
8/4/2025 12:04:21 PM	7.70	8.78	3.90	0.00	0.00	0.00	0.00	0.00	20.38	71.29	0.24	23.90	4083	8775	1756	0	0	0	0	0	14614	130.04	19.72	4.43	45.58	34.80	41.57	43.87	1.02	21.21	20.46
8/4/2025 12:04:24 PM	5.75	9.65	5.59	0.00	0.00	0.00	0.00	0.00	20.99	72.32	0.28	23.96	3046	9649	2515	0	0	0	0	0	15211	131.91	22.15	10.19	47.88	34.58	44.79	44.87	1.03	21.21	20.50
8/4/2025 12:04:27 PM	7.90	10.50	3.15	0.00	0.00	0.00	0.00	0.08	21.56	72.14	0.29	23.99	4189	10501	1419	0	0	0	0	0	16109	131.58	19.51	7.27	49.62	37.08	48.08	41.84	1.03	21.26	20.52
8/4/2025 12:04:29 PM	9.98	8.88	0.00	2.39	0.00	0.00	0.00	0.00	21.25	72.19	0.32	23.98	5291	8880	0	72	0	0	0	0	14243	131.67	18.26	10.96	48.53	33.65	49.77	46.97	1.03	21.26	20.58
8/4/2025 12:04:32 PM	5.86	10.08	5.12	0.00	0.00	0.00	0.00	0.00	21.06	70.12	0.34	24.00	3107	10077	2303	0	0	0	0	0	15487	127.90	21.57	9.27	49.44	33.78	45.70	43.61	1.03	21.31	20.58
8/4/2025 12:04:35 PM	9.35	10.60	2.21	0.00	0.00	0.00	0.00	0.20	22.16	71.84	0.34	23.96	4955	10602	995	0	0	0	0	0	16552	131.03	18.67	6.99	50.86	39.81	48.22	43.63	1.03	21.31	20.62
8/4/2025 12:04:37 PM	6.78	9.62	5.20	0.00	0.00	0.00	0.00	0.00	21.59	70.92	0.35	23.98	3593	9617	2338	0	0	0	0	0	15549	129.36	22.25	8.05	46.99	37.15	46.57	45.87	1.03	21.36	20.63
8/4/2025 12:04:40 PM	5.92	10.44	5.46	0.00	0.00	0.00	0.00	0.00	21.81	71.77	0.36	23.89	3137	10435	2457	0	0	0	0	0	16029	130.92	22.66	8.68	51.21	34.92	47.37	45.36	1.03	21.40	20.58
8/4/2025 12:04:42 PM	8.35	10.02	4.03	0.00	0.00	0.00	0.00	0.00	22.41	71.65	0.36	23.90	4428	10023	1814	0	0	0	0	0	16265	130.68	20.95	9.77	50.06	38.65	46.19	46.24	1.04	21.41	20.63
8/4/2025 12:04:45 PM	7.79	9.75	4.56	0.00	0.00	0.00	0.00	0.00	22.09	72.53	0.37	23.88	4128	9746	2051	0	0	0	0	0	15925	132.29	21.00	8.56	48.33	36.01	46.92	48.10	1.04	21.45	20.62
8/4/2025 12:04:48 PM	7.02	10.12	4.95	0.00	0.00	0.00	0.00	0.00	22.10	70.78	0.39	23.91	3723	10123	2228	0	0	0	0	0	16073	129.11	21.99	11.00	51.32	36.84	45.20	46.30	1.04	21.47	20.68
8/4/2025 12:04:51 PM	6.90	10.21	5.29	0.00	0.00	0.00	0.00	0.00	22.40	71.74	0.39	23.90	3658	10209	2380	0	0	0	0	0	16247	130.86	22.47	9.31	51.77	35.83	46.52	48.41	1.04	21.51	20.70
8/4/2025 12:04:53 PM	8.15	10.10	4.25	0.00	0.00	0.00	0.00	0.00	22.50	71.82	0.41	23.73	4322	10104	1911	0	0	0	0	0	16337	130.99	21.13	10.26	49.62	38.35	47.38	46.79	1.04	21.55	20.70
8/4/2025 12:04:56 PM	7.30	10.82	4.56	0.00	0.00	0.00	0.00	0.00	22.69	71.65	0.45	23.58	3870	10821	2053	0	0	0	0	0	16744	130.69	21.74	9.68	52.46	36.73	49.12	46.11	1.04	21.57	20.74
8/4/2025 12:04:59 PM	7.11	10.23	4.78	0.00	0.00	0.00	0.00	0.00	22.13	71.80	0.50	23.49	3770	10233	2151	0	0	0	0	0	16154	130.97	21.77	9.95	49.77	37.08	47.59	45.71	1.05	21.62	20.78
8/4/2025 12:05:02 PM	8.32	9.93	3.87	0.00	0.00	0.00	0.00	0.00	22.12	71.62	0.62	23.54	4408	9927	1742	0	0	0	0	0	16077	130.64	20.44	7.37	50.22	36.64	45.67	46.44	1.06	21.64	20.78
8/4/2025 12:05:04 PM	8.72	10.46	3.38	0.00	0.00	0.00	0.00	0.00	22.56	71.67	0.72	23.67	4621	10463	1521	0	0	0	0	0	16606	130.73	19.98	8.07	51.13	37.32	48.08	45.59	1.07	21.67	20.79
8/4/2025 12:05:07 PM	6.99	10.32	5.15	0.00	0.00	0.00	0.00	0.00	22.46	72.67	0.75	23.71	3704	10321	2319	0	0	0	0	0	16343	132.55	22.54	9.13	51.15	37.00	47.62	47.34	1.07	21.70	20.81
8/4/2025 12:05:10 PM	9.40	10.32	3.35	0.00	0.00	0.00	0.00	0.00	23.07	71.08	0.78	23.71	4983	10323	1506	0	0	0	0	0	16812	129.65	20.04	6.85	50.74	37.87	49.00	48.27	1.08	21.72	20.84
8/4/2025 12:05:12 PM	7.73	9.92	4.89	0.00	0.00	0.00	0.00	0.00	22.53	71.56	0.81	23.66	4094	9918	2201	0	0	0	0	0	16213	130.53	21.80	10.52	50.25	37.14	46.27	49.06	1.08	21.76	20.87
8/4/2025 12:05:16 PM	9.03	10.29	3.66	0.18	0.00	0.00	0.00	0.00	23.16	72.23	0.86	23.60	4788	10285	1649	5	0	0	0	0	16728	131.75	21.08	8.81	50.14	39.39	49.90	48.20	1.08	21.81	20.89
8/4/2025 12:05:18 PM	8.00	10.15	4.75	0.00	0.00	0.00	0.00	0.00	22.90	71.75	0.88	23.59	4239	10146	2139	0	0	0	0	0	16524	130.87	22.18	9.48	49.65	39.12	48.60	48.43	1.09	21.83	20.92
8/4/2025 12:05:21 PM	7.77	10.32	4.62	0.00	0.00	0.00	0.00	0.00	22.70	71.96	0.91	23.54	4116	10318	2077	0	0	0	0	0	16510	131.26	21.77	8.94	50.21	37.68	48.85	47.63	1.09	21.87	20.97
8/4/2025 12:05:24 PM	8.58	10.12	4.73	0.00	0.00	0.00	0.00	0.00	23.44	71.65	0.94	23.50	4550	10117	2131	0	0	0	0	0	16798	130.69	22.39	9.43	50.15	40.14	48.92	50.48	1.09	21.86	20.94
8/4/2025 12:05:26 PM	8.54	10.20	4.56	0.00	0.00	0.00	0.00	0.01	23.29	71.04	0.97	23.46	4526	10198	2050	0	0	0	0	0	16775	129.58	22.29	9.67	50.23	40.78	48.69	48.97	1.10	21.93	20.97
8/4/2025 12:05:29 PM	8.08	10.09	5.60	0.00	0.00	0.00	0.00	0.00	23.77	70.90	0.99	23.48	4284	10090	2519	0	0	0	0	0	16892	129.33	23.88	9.99	52.26	40.31	47.43	52.79	1.10	21.92	20.97
8/4/2025 12:05:32 PM	8.10	10.20	5.41	0.00	0.00	0.00	0.00	0.00	23.71	71.57	1.00	23.51	4291	10202	2435	0	0	0	0	0	16928	130.55	23.66	9.78	51.31	40.68	48.78	51.63	1.10	21.96	20.99
8/4/2025 12:05:35 PM	8.50	10.36	5.04	0.00	0.00	0.00	0.00	0.00	23.90	71.26	1.02	23.50	4506	10357	2267	0	0	0	0	0	17130	129.98	23.26	8.74	52.85	40.31	48.51	51.87	1.10	21.96	21.05
8/4/2025 12:05:37 PM	10.01	10.40	3.51	0.00	0.00	0.00	0.00	0.00	23.92	72.18	1.04	23.49	5306	10403	1579	0	0	0	0	0	17288	131.67	20.89	9.68	52.21	41.05	48.59	50.07	1.10	22.02	21.07
8/4/2025 12:05:40 PM	7.51	10.28	5.14	0.00	0.00	0.00	0.00	0.00	22.94	71.86	1.05	23.52	3981	10283	2315	0	0	0	0	0	16579	131.08	23.02	9.69	50.46	39.62	48.54	48.02	1.10	22.08	21.13
8/4/2025 12:05:43 PM	7.99	10.49	4.96	0.00	0.00	0.00	0.00	0.00	23.44	71.87	1.06	23.46	4235	10487	2232	0	0	0	0	0	16954	131.10	23.00	9.53	51.21	40.30	49.75	49.03	1.10	22.07	21.11
8/4/2025 12:05:45 PM	9.10	10.31	4.25	0.00	0.00	0.00	0.00	0.01	23.67	71.74	1.06	23.42	4825	10313	1914	0	0	0	0	0	17051	130.85	22.11	9.38	51.25	41.49	48.84	49.65	1.10	22.11	21.10
8/4/2025 12:05:48 PM	9.11	10.25	4.05	0.00	0.00	0.00	0.00	0.00	23.42	71.72	1.08	23.43	4830	10251	1824	0	0	0	0	0	16904	130.82	21.48	8.54	51.09	39.92	48.51	49.41	1.11	22.12	21.11
8/4/2025 12:05:50 PM	8.95	10.24	4.49	0.00	0.00	0.00	0.00	0.00	23.68	71.79	1.08	23.35	4744	10239	2020	0	0	0	0	0	17002	130.95	22.12	10.01	51.53	40.31	48.38	50.85	1.11	22.16	21.18
8/4/2025 12:05:53 PM	7.74	10.57	5.24	0.00	0.00	0.00	0.00	0.00	23.54	71.93	1.09	23.31	4100	10566	2358	0	0	0	0	0	17024	131.19	23.54	9.20	52.66	39.98	49.07	49.65	1.11	22.20	21.21
8/4/2025 12:05:56 PM	8.54	10.24	5.09	0.00	0.00	0.00	0.00	0.00	23.88	71.54	1.11	23.26	4528	10245	2292	0	0	0	0	0	17065	130.49	23.09	10.32	51.35	40.63	49.17	52.11	1.11	22.19	21.23
8/4/2025 12:05:59 PM	8.91	10.29	4.80	0.00	0.00	0.00	0.00	0.00	24.00	71.89	1.12	23.33	4722	10294	2158	0	0	0	0	0	17174	131.13	23.20	9.16	52.67	41.91	48.05	51.32	1.11	22.25	21.21
8/4/2025 12:06:01 PM	7.65	10.68	5.97	0.00	0.00	0.00	0.00	0.00	24.30	71.96	1.16	23.33	4052	10677	2688	0	0	0	0	0	17417	131.26	25.02	9.13	53.25	41.20	50.74	52.66	1.11	22.27	21.23
8/4/2025 12:06:04 PM	8.93	10.65	4.63	0.35	0.00	0.00	0.00	0.00	24.56	71.62	1.19	23.28	4733	10649	2085	10	0	0	0	0	17478	130.63	23.75	10.62	53.07	42.12	52.06	52.61	1.12	22.27	21.26
8/4/2025 12:06:07 PM	8.50	10.53	5.49	0.00	0.00	0.00	0.00	0.00	24.53	71.59	1.24	23.27	4506	10534	2472	0	0	0	0	0	17512	130.57	24.44	10.35	53.46	42.57	49.58	53.07	1.12	22.32	21.27
8/4/2025 12:06:10 PM	7.57	10.62	6.30	0.00	0.00	0.00	0.00	0.00	24.49	72.37	1.26	23.35	4012	10616	2837	0	0	0	0	0	17465	132.00	25.56	10.93	53.24	42.18	50.46	53.48	1.12	22.33	21.36
8/4/2025 12:06:12 PM	7.60	10.66	6.27	0.00	0.00	0.00	0.00	0.00	24.53	71.61	1.28	23.34	4027	10661	2821	0	0	0	0	0	17510	130.62	25.46	9.91	53.43	41.50	50.91	53.92	1.13	22.37	21.34
8/4/2025 12:06:15 PM	8.15	10.27	5.58	0.00	0.00	0.00	0.00	0.00	24.00	71.52	1.31	23.30	4321	10270	2512	0	0	0	0	0	17103	130.45	24.06	9.81	51.91	41.01	49.16	52.72	1.13	22.37	21.34
8/4/2025 12:06:18 PM	8.21	10.43	6.08	0.00	0.00	0.00	0.00	0.00	24.72	71.47	1.35	23.27	4352	10428	2735	0	0	0	0	0	17515	130.37	25.31	9.55	52.73	42.56	50.61	54.91	1.13	22.40	21.40
8/4/2025 12:06:20 PM	8.25	10.66	6.93	0.00	0.00	0.00	0.00	0.00	25.84	71.77	1.36	23.31	4372	10663	3117	0	0	0	0	0	18152	130.90	27.19	10.53	54.72	44.54	51.94	58.80	1.13	22.45	21.42
8/4/2025 12:06:23 PM	8.35	10.53	6.41	0.00	0.00	0.00	0.00	0.00	25.29	71.64	1.38	23.29	4425	10530	2883	0	0	0	0	0	17839	130.67	26.10	10.16	54.07	43.50	50.79	56.91	1.14	22.44	21.45
8/4/2025 12:06:26 PM	8.16	10.77	6.96	0.00	0.00	0.00	0.00	0.00	25.89	71.20	1.42	23.26	4325	10773	3130	0	0	0	0	0	18228	129.87	27.37	10.68	55.14	44.88	52.08	58.38	1.14	22.50	21.44
8/4/2025 12:06:29 PM	8.11	10.51	7.40	0.00	0.00	0.00	0.00	0.00	26.02	71.53	1.45	23.31	4296	10513	3329	0	0	0	0	0	18138	130.48	28.05	9.87	54.22	45.22	52.22	60.19	1.14	22.52	21.47
8/4/2025 12:06:31 PM	8.14	10.52	7.06	0.00	0.00	0.00	0.00	0.00	25.72	71.89	1.49	23.25	4315	10516	3178	0	0	0	0	0	18009	131.12	27.33	10.75	54.12	44.70	51.51	58.81	1.15	22.52	21.45
8/4/2025 12:06:34 PM	7.92	10.39	7.06	0.00	0.00	0.00	0.00	0.00	25.37	71.64	1.53	23.26	4200	10392	3176	0	0	0	0	0	17768	130.67	27.07	10.14	53.76	43.61	50.82	58.37	1.15	22.55	21.60
8/4/2025 12:06:37 PM	7.41	10.60	7.44	0.00	0.00	0.00	0.00	0.00	25.46	71.57	1.54	23.27	3929	10605	3350	0	0	0	0	0	17884	130.56	27.89	10.19	54.53	43.94	51.37	58.01	1.15	22.58	21.56
8/4/2025 12:06:40 PM	7.94	10.76	7.66	0.00	0.00	0.00	0.00	0.00	26.36	71.85	1.55	23.23	4207	10757	3449	0	0	0	0	0	18413	131.06	28.84	10.44	55.97	46.07	52.19	60.49	1.15	22.62	21.52
8/4/2025 12:06:42 PM	7.89	10.45	6.88	0.00	0.00	0.00	0.00	0.00	25.22	71.79	1.57	23.20	4182	10449	3095	0	0	0	0	0	17725	130.95	26.71	10.39	53.27	43.48	51.21	57.31	1.15	22.62	21.55
8/4/2025 12:06:45 PM	8.34	10.55	7.45	0.00	0.00	0.00	0.00	0.00	26.34	71.54	1.60	23.19	4420	10548	3353	0	0	0	0	0	18322	130.49	28.28	10.52	55.28	45.76	51.79	61.31	1.16	22.62	21.58
8/4/2025 12:06:48 PM	7.58	10.65	7.33	0.00	0.00	0.00	0.00	0.00	25.56	71.32	1.63	23.22	4017	10652	3297	0	0	0	0	0	17966	130.09	27.88	10.26	54.87	44.52	51.27	57.78	1.16	22.69	21.64
8/4/2025 12:06:51 PM	7.99	10.63	6.60	0.00	0.00	0.00	0.00	0.00	25.21	71.36	1.70	23.19	4232	10631	2968	0	0	0	0	0	17831	130.16	26.41	9.91	54.20	43.25	51.18	56.45	1.17	22.68	21.60
8/4/2025 12:06:53 PM	7.66	10.72	5.81	0.00	0.00	0.00	0.00	0.00	24.19	71.49	1.73	23.16	4061	10719	2615	0	0	0	0	0	17395	130.41	24.74	9.74	53.42	41.18	50.38	51.87	1.17	22.69	21.68
8/4/2025 12:06:56 PM	7.77	10.87	5.99	0.00	0.00	0.00	0.00	0.00	24.62	71.29	1.77	23.10	4116	10866	2694	0	0	0	0	0	17676	130.04	25.08	10.31	53.84	41.55	51.57	53.27	1.17	22.72	21.74
8/4/2025 12:06:59 PM	8.05	10.76	5.92	0.00	0.00	0.00	0.00	0.00	24.73	71.82	1.81	23.01	4268	10760	2663	0	0	0	0	0	17691	131.00	25.22	9.81	53.61	42.56	51.32	53.48	1.18	22.74	21.68
8/4/2025 12:07:02 PM	7.96	10.94	5.81	0.00	0.00	0.00	0.00	0.00	24.71	71.47	1.83	22.99	4221	10937	2613	0	0	0	0	0	17771	130.36	25.06	9.45	54.92	41.76	51.01	53.11	1.18	22.78	21.72
8/4/2025 12:07:05 PM	7.38	10.78	4.84	0.00	0.00	0.00	0.00	0.00	22.99	71.59	1.87	22.96	3911	10776	2176	0	0	0	0	0	16863	130.57	22.44	10.03	52.37	38.13	49.38	47.06	1.18	22.78	21.72
8/4/2025 12:07:07 PM	7.49	10.37	5.05	0.00	0.00	0.00	0.00	0.00	22.91	71.49	1.94	22.98	3971	10372	2273	0	0	0	0	0	16615	130.40	22.71	10.11	51.35	38.74	48.09	48.07	1.19	22.81	21.72
8/4/2025 12:07:10 PM	7.32	10.52	5.07	0.00	0.00	0.00	0.00	0.00	22.92	71.81	1.98	23.01	3881	10524	2283	0	0	0	0	0	16688	130.98	22.88	9.20	51.68	38.56	48.76	47.62	1.19	22.83	21.81
8/4/2025 12:07:13 PM	7.45	10.79	4.81	0.00	0.00	0.00	0.00	0.00	23.05	71.57	2.07	22.98	3949	10789	2165	0	0	0	0	0	16903	130.55	22.66	9.25	52.66	38.71	49.26	46.86	1.20	22.85	21.84
8/4/2025 12:07:15 PM	7.26	10.79	4.69	0.00	0.00	0.00	0.00	0.00	22.74	71.93	2.15	22.99	3846	10790	2110	0	0	0	0	0	16746	131.20	22.18	9.34	52.37	37.61	49.06	45.97	1.21	22.88	21.89
8/4/2025 12:07:18 PM	7.20	10.43	4.29	0.00	0.00	0.00	0.00	0.00	21.93	63.32	2.21	22.93	3817	10433	1931	0	0	0	0	0	16181	115.51	20.89	9.36	50.56	35.77	47.56	44.40	1.22	22.88	21.87
8/4/2025 12:07:21 PM	6.63	11.19	4.38	0.00	0.00	0.00	0.00	0.00	22.20	62.57	2.24	22.81	3514	11189	1969	0	0	0	0	0	16673	114.13	21.22	9.76	53.73	34.72	48.96	43.43	1.22	22.90	21.97