Date/Time	Green Algae	Bluegreen	Diatoms	Cryptophyta	#5	#6	#7	Yellow substances	Total conc.	Transmission	Depth	Temp. Sample	Green Algae	Bluegreen	Diatoms	Cryptophyta	#5	#6	#7	Yellow substances	Total cell count	Trans. 700 nm	LED 3 [525 nm]	LED 4 [570 nm]	LED 5 [610 nm]	LED 6 [370 nm]	LED 7 [590 nm]	LED 8 [470 nm]	Pressure	Temp. LEDs	Temp. Sensor
date	µg/l	µg/l	µg/l	µg/l	µg/l	µg/l	µg/l	r.u.	µg/l	%	m	°C	cells/ml	cells/ml	cells/ml	cells/ml	cells/ml	cells/ml	cells/ml	r.u.	cells/ml	digits	digits	digits	digits	digits	digits	digits	bar	°C	°C
7/7/2025 10:39:58 AM	5.09	5.46	1.54	0.53	0.00	0.00	0.00	0.00	12.62	70.13	0.03	26.84	2696	5459	694	16	0	0	0	0	8864	127.92	12.10	5.77	28.41	22.20	29.14	26.40	1.00	24.72	24.62
7/7/2025 10:40:01 AM	4.75	5.43	2.01	0.35	0.00	0.00	0.00	0.14	12.53	69.76	0.08	26.84	2517	5426	905	10	0	0	0	0	8858	127.25	12.63	6.82	28.46	24.25	28.03	27.36	1.01	24.75	24.60
7/7/2025 10:40:04 AM	4.62	5.49	2.88	0.00	0.00	0.00	0.00	0.00	12.99	69.55	0.11	26.86	2447	5489	1296	0	0	0	0	0	9233	126.86	12.99	5.45	28.58	22.26	28.07	28.83	1.01	24.78	24.67
7/7/2025 10:40:07 AM	5.23	4.34	1.08	1.20	0.00	0.00	0.00	0.00	11.85	70.17	0.15	26.83	2773	4339	485	36	0	0	0	0	7632	127.99	12.36	5.45	25.56	21.83	27.64	27.49	1.01	24.79	24.65
7/7/2025 10:40:09 AM	5.13	5.41	1.93	0.27	0.00	0.00	0.00	0.01	12.74	69.14	0.18	26.75	2719	5415	869	8	0	0	0	0	9011	126.12	12.18	6.17	28.24	22.91	28.13	27.07	1.02	24.83	24.65
7/7/2025 10:40:12 AM	5.99	5.29	1.29	0.52	0.00	0.00	0.00	0.00	13.09	70.36	0.21	26.67	3175	5293	578	16	0	0	0	0	9061	128.35	11.35	6.54	29.15	21.43	28.46	29.73	1.02	24.86	24.65
7/7/2025 10:40:15 AM	4.53	5.67	2.88	0.00	0.00	0.00	0.00	0.00	13.08	69.59	0.30	26.40	2403	5672	1294	0	0	0	0	0	9369	126.93	12.98	4.80	29.49	21.49	28.56	29.07	1.03	24.88	24.67
7/7/2025 10:40:18 AM	4.71	5.70	2.86	0.00	0.00	0.00	0.00	0.00	13.26	69.77	0.34	26.56	2495	5697	1286	0	0	0	0	0	9479	127.26	13.10	6.00	29.53	22.56	28.61	29.11	1.03	24.90	24.67
7/7/2025 10:40:21 AM	5.61	5.17	1.61	0.77	0.00	0.00	0.00	0.00	13.15	69.56	0.40	26.73	2972	5168	724	23	0	0	0	0	8887	126.88	12.93	7.24	28.90	23.80	28.82	29.34	1.04	24.94	24.71
7/7/2025 10:40:23 AM	6.33	4.47	0.93	0.93	0.00	0.00	0.00	0.00	12.65	69.34	0.42	26.76	3355	4467	416	28	0	0	0	0	8266	126.47	11.63	5.43	26.52	22.32	27.67	30.28	1.04	24.95	24.76
7/7/2025 10:40:26 AM	4.75	5.48	2.76	0.17	0.00	0.00	0.00	0.00	13.16	70.08	0.45	26.79	2519	5479	1242	5	0	0	0	0	9244	127.83	13.16	4.44	28.51	21.85	29.48	29.99	1.04	25.01	24.81
7/7/2025 10:40:29 AM	4.36	5.60	3.07	0.35	0.00	0.00	0.00	0.00	13.39	70.13	0.50	26.72	2312	5605	1383	11	0	0	0	0	9310	127.92	14.16	7.58	30.22	22.71	29.06	30.41	1.05	25.00	24.76
7/7/2025 10:40:31 AM	5.49	5.71	2.54	0.00	0.00	0.00	0.00	0.00	13.74	70.12	0.53	26.73	2910	5710	1144	0	0	0	0	0	9764	127.90	12.96	5.18	29.71	23.76	29.31	30.33	1.05	25.05	24.78
7/7/2025 10:40:34 AM	4.32	4.90	1.81	1.24	0.00	0.00	0.00	0.00	12.27	69.11	0.56	26.74	2289	4903	813	37	0	0	0	0	8043	126.06	13.69	6.31	27.93	21.16	29.48	28.33	1.05	25.08	24.78
7/7/2025 10:40:37 AM	4.54	5.08	1.73	1.17	0.00	0.00	0.00	0.00	12.52	70.44	0.59	26.69	2406	5083	779	35	0	0	0	0	8302	128.49	13.49	6.88	28.74	21.34	29.61	28.60	1.06	25.09	24.79
7/7/2025 10:40:39 AM	5.23	5.52	2.39	0.00	0.00	0.00	0.00	0.00	13.14	69.62	0.63	26.57	2772	5524	1074	0	0	0	0	0	9370	126.98	12.44	4.21	28.49	22.72	28.63	28.70	1.06	25.11	24.83
7/7/2025 10:40:42 AM	4.41	5.25	3.69	0.05	0.00	0.00	0.00	0.03	13.39	69.69	0.66	26.58	2337	5249	1658	1	0	0	0	0	9245	127.13	14.84	6.19	28.15	25.13	28.02	30.94	1.06	25.18	24.87
7/7/2025 10:40:45 AM	6.70	4.74	0.62	1.04	0.00	0.00	0.00	0.00	13.10	68.83	0.69	26.45	3549	4737	279	31	0	0	0	0	8596	125.55	11.74	5.94	27.81	23.17	28.86	30.62	1.07	25.16	24.91
7/7/2025 10:40:48 AM	5.52	5.12	1.46	1.05	0.00	0.00	0.00	0.00	13.15	69.78	0.71	26.43	2927	5125	656	31	0	0	0	0	8739	127.28	13.12	6.54	29.12	22.68	29.96	30.33	1.07	25.20	24.89
7/7/2025 10:40:50 AM	5.97	5.21	2.07	0.49	0.00	0.00	0.00	0.00	13.74	69.23	0.74	26.57	3162	5209	931	15	0	0	0	0	9317	126.29	12.90	5.96	29.29	23.00	29.28	32.82	1.07	25.22	24.91
7/7/2025 10:40:53 AM	4.98	5.66	3.05	0.00	0.00	0.00	0.00	0.00	13.70	70.06	0.77	26.61	2641	5664	1373	0	0	0	0	0	9678	127.79	13.65	4.07	29.56	23.00	29.69	31.22	1.08	25.27	24.95
7/7/2025 10:40:56 AM	4.35	5.44	3.48	0.07	0.00	0.00	0.00	0.00	13.35	70.12	0.82	26.53	2307	5439	1568	2	0	0	0	0	9317	127.90	14.23	7.00	29.15	23.35	28.03	30.58	1.08	25.28	24.91
7/7/2025 10:40:59 AM	6.90	5.93	1.47	0.05	0.00	0.00	0.00	0.00	14.35	69.67	0.92	26.48	3656	5934	662	1	0	0	0	0	10253	127.09	11.60	5.92	30.83	24.50	30.19	31.06	1.09	25.30	24.95
7/7/2025 10:41:02 AM	4.61	6.04	4.06	0.00	0.00	0.00	0.00	0.00	14.70	69.37	0.99	26.43	2442	6037	1827	0	0	0	0	0	10305	126.53	15.91	5.43	31.72	25.33	31.22	33.85	1.10	25.32	24.97
7/7/2025 10:41:04 AM	6.05	5.77	2.86	0.54	0.00	0.00	0.00	0.00	15.22	69.33	1.04	26.41	3208	5767	1288	16	0	0	0	0	10278	126.46	15.41	6.88	32.00	26.84	32.08	35.81	1.10	25.36	25.02
7/7/2025 10:41:07 AM	5.97	5.63	3.33	0.00	0.00	0.00	0.00	0.00	14.92	69.15	1.10	26.37	3162	5625	1498	0	0	0	0	0	10285	126.14	14.92	5.28	30.79	26.83	29.94	34.97	1.11	25.40	25.05
7/7/2025 10:41:10 AM	5.62	5.80	4.90	0.00	0.00	0.00	0.00	0.00	16.33	69.85	1.18	26.19	2979	5803	2207	0	0	0	0	0	10990	127.40	17.93	6.57	32.55	29.19	32.01	40.84	1.12	25.40	25.00
7/7/2025 10:41:13 AM	9.13	7.17	8.34	0.00	0.00	0.00	0.00	0.00	24.64	68.89	1.22	25.99	4841	7166	3754	0	0	0	0	0	15761	125.65	28.54	9.96	43.88	48.63	42.07	65.53	1.12	25.46	25.07
7/7/2025 10:41:15 AM	11.47	8.16	12.08	0.11	0.00	0.00	0.00	0.00	31.83	68.23	1.29	25.22	6081	8162	5438	3	0	0	0	0	19685	124.46	38.70	12.23	52.92	63.89	51.89	89.38	1.13	25.46	25.07
7/7/2025 10:41:18 AM	20.34	10.93	24.75	2.17	0.00	0.00	0.00	0.06	58.20	68.04	1.32	24.26	10782	10934	11136	65	0	0	0	0	32917	124.10	79.25	23.16	86.97	125.76	88.07	177.60	1.13	25.48	25.07
7/7/2025 10:41:21 AM	19.49	10.50	26.18	2.57	0.00	0.00	0.00	0.00	58.74	67.36	1.38	23.50	10327	10502	11781	77	0	0	0	0	32687	122.88	82.43	24.00	87.15	126.42	88.61	181.94	1.14	25.52	25.08
7/7/2025 10:41:24 AM	23.54	13.83	32.95	4.47	0.00	0.00	0.00	0.00	74.79	66.91	1.52	22.46	12478	13832	14829	134	0	0	0	0	41273	122.04	106.89	31.33	113.48	159.06	116.82	231.46	1.15	25.54	25.15
7/7/2025 10:41:27 AM	21.66	15.93	28.62	5.92	0.00	0.00	0.00	0.00	72.13	66.71	1.54	22.03	11482	15929	12877	178	0	0	0	0	40465	121.69	102.12	32.48	118.75	148.47	123.54	214.45	1.15	25.55	25.13
7/7/2025 10:41:29 AM	21.61	14.60	27.87	6.76	0.00	0.00	0.00	0.00	70.85	66.66	1.58	21.73	11456	14601	12541	203	0	0	0	0	38800	121.60	102.03	31.97	115.07	147.12	121.62	214.44	1.16	25.56	25.20
7/7/2025 10:41:32 AM	19.98	20.18	23.73	8.58	0.00	0.00	0.00	0.00	72.46	66.06	1.64	21.22	10591	20175	10677	257	0	0	0	0	41700	120.49	100.80	37.55	135.03	139.87	140.84	202.37	1.16	25.58	25.21
7/7/2025 10:41:35 AM	19.21	22.30	18.96	11.74	0.00	0.00	0.00	0.00	72.20	65.66	1.65	20.67	10183	22297	8532	352	0	0	0	0	41364	119.78	100.84	40.55	144.65	135.15	154.54	193.76	1.16	25.59	25.24
7/7/2025 10:41:38 AM	19.58	25.24	19.58	11.71	0.00	0.00	0.00	0.00	76.11	65.37	1.72	20.43	10377	25236	8813	351	0	0	0	0	44777	119.25	104.19	44.02	156.59	139.74	164.54	198.30	1.17	25.60	25.24
7/7/2025 10:41:40 AM	17.64	35.40	16.63	13.94	0.00	0.00	0.00	0.00	83.61	64.12	1.75	20.44	9350	35404	7483	418	0	0	0	0	52655	116.96	109.72	52.51	194.66	139.16	202.25	193.04	1.17	25.63	25.24
7/7/2025 10:41:43 AM	19.81	32.44	13.55	17.14	0.00	0.00	0.00	0.00	82.94	64.44	1.79	20.36	10502	32439	6096	514	0	0	0	0	49551	117.54	112.01	53.71	189.85	143.12	202.76	198.58	1.17	25.62	25.26
7/7/2025 10:41:46 AM	16.56	46.42	15.23	16.47	0.00	0.00	0.00	0.00	94.68	63.46	1.87	20.65	8779	46421	6852	494	0	0	0	0	62546	115.76	120.61	64.39	239.07	146.72	245.19	197.67	1.18	25.65	25.26
7/7/2025 10:41:49 AM	16.55	52.10	13.00	17.65	0.00	0.00	0.00	0.00	99.30	62.24	1.95	20.43	8773	52099	5849	530	0	0	0	0	67251	113.53	123.31	66.81	259.47	148.53	267.56	194.87	1.19	25.66	25.31
7/7/2025 10:41:52 AM	13.95	63.50	16.68	15.63	0.00	0.00	0.00	0.00	109.76	61.40	2.03	19.42	7391	63502	7506	469	0	0	0	0	78869	112.00	131.04	75.24	298.63	154.22	298.70	197.55	1.20	25.66	25.34
7/7/2025 10:41:54 AM	15.01	64.88	15.22	16.89	0.00	0.00	0.00	0.00	112.00	61.22	2.06	19.54	7957	64877	6851	507	0	0	0	0	80192	111.67	133.36	76.49	305.49	157.96	307.84	199.96	1.20	25.66	25.36
7/7/2025 10:41:57 AM	14.27	75.89	14.81	16.99	0.00	0.00	0.00	0.00	121.97	60.40	2.09	19.84	7565	75894	6665	510	0	0	0	0	90634	110.18	139.58	85.00	345.22	163.42	343.56	199.96	1.21	25.67	25.31
7/7/2025 10:42:00 AM	12.84	82.42	15.29	15.75	0.00	0.00	0.00	0.00	126.32	60.53	2.14	18.92	6808	82423	6882	473	0	0	0	0	96585	110.42	140.28	88.81	365.92	162.37	359.70	195.01	1.21	25.68	25.37
7/7/2025 10:42:02 AM	12.26	79.71	11.77	16.35	0.00	0.00	0.00	0.00	120.08	59.45	2.16	18.41	6500	79707	5295	490	0	0	0	0	91993	108.45	132.75	85.07	352.73	153.15	349.57	179.30	1.21	25.73	25.44
7/7/2025 10:42:05 AM	12.64	80.82	11.15	14.44	0.00	0.00	0.00	0.00	119.05	59.46	2.18	18.77	6697	80823	5018	433	0	0	0	0	92972	108.47	126.67	81.91	351.92	147.95	346.76	171.60	1.21	25.69	25.42
7/7/2025 10:42:08 AM	12.81	74.71	8.58	13.07	0.00	0.00	0.00	0.00	109.17	59.82	2.21	18.97	6789	74708	3861	392	0	0	0	0	85750	109.13	113.76	73.88	323.26	136.43	319.57	152.99	1.22	25.71	25.48
7/7/2025 10:42:11 AM	12.66	67.39	5.39	11.56	0.00	0.00	0.00	0.00	97.00	60.31	2.22	18.46	6708	67392	2426	347	0	0	0	0	76873	110.02	97.87	64.04	289.17	120.18	287.24	130.71	1.22	25.71	25.40
7/7/2025 10:42:13 AM	11.22	62.27	7.95	5.49	0.00	0.00	0.00	0.00	86.92	61.03	2.24	17.69	5946	62268	3576	165	0	0	0	0	71954	111.34	81.10	55.38	258.54	104.63	248.17	111.14	1.22	25.70	25.45
7/7/2025 10:42:16 AM	12.70	59.28	6.87	6.09	0.00	0.00	0.00	0.00	84.94	60.95	2.26	17.74	6733	59281	3091	183	0	0	0	0	69288	111.18	79.28	52.91	249.13	103.89	241.01	113.63	1.22	25.71	25.45
7/7/2025 10:42:19 AM	13.33	55.99	6.99	5.63	0.00	0.00	0.00	0.00	81.93	61.36	2.31	18.16	7065	55986	3143	169	0	0	0	0	66364	111.94	76.79	50.05	236.20	104.01	229.05	112.01	1.23	25.71	25.44
7/7/2025 10:42:22 AM	14.17	50.99	5.68	4.87	0.00	0.00	0.00	0.00	75.72	60.73	2.33	17.59	7512	50994	2558	146	0	0	0	0	61210	110.79	69.03	45.69	215.75	97.90	208.72	104.54	1.23	25.70	25.52
7/7/2025 10:42:24 AM	14.85	51.10	6.22	3.81	0.00	0.00	0.00	0.00	75.97	60.82	2.37	17.42	7869	51098	2799	114	0	0	0	0	61880	110.95	67.39	45.13	215.04	97.98	206.02	105.11	1.23	25.68	25.48
7/7/2025 10:42:27 AM	13.03	56.11	9.32	1.62	0.00	0.00	0.00	0.00	80.08	60.73	2.44	17.25	6907	56108	4192	49	0	0	0	0	67256	110.78	69.55	47.69	230.34	98.60	215.79	105.58	1.24	25.66	25.48
7/7/2025 10:42:30 AM	14.58	49.35	8.02	1.61	0.00	0.00	0.00	0.00	73.57	61.44	2.52	16.88	7730	49354	3610	48	0	0	0	0	60742	112.08	63.38	42.40	205.41	95.09	193.30	102.50	1.25	25.68	25.52
7/7/2025 10:42:33 AM	16.32	44.99	5.34	3.58	0.00	0.00	0.00	0.00	70.22	61.43	2.54	16.37	8650	44985	2401	107	0	0	0	0	56144	112.07	61.93	40.31	192.23	95.66	185.15	102.54	1.25	25.66	25.50
7/7/2025 10:42:35 AM	16.93	41.69	5.05	2.70	0.00	0.00	0.00	0.00	66.37	61.54	2.59	16.88	8974	41689	2272	81	0	0	0	0	53016	112.25	56.85	36.76	178.44	91.74	171.16	98.99	1.25	25.66	25.52
7/7/2025 10:42:38 AM	17.09	40.25	7.30	0.50	0.00	0.00	0.00	0.00	65.14	61.75	2.63	16.78	9056	40248	3285	15	0	0	0	0	52604	112.64	54.32	35.17	170.84	91.63	159.89	99.36	1.26	25.66	25.57
7/7/2025 10:42:40 AM	20.19	36.91	6.59	0.00	0.00	0.00	0.00	0.00	63.69	61.64	2.66	16.41	10701	36905	2967	0	0	0	0	0	50573	112.45	51.28	31.78	159.79	94.92	148.05	102.73	1.26	25.61	25.55
7/7/2025 10:42:43 AM	20.31	35.06	5.50	1.09	0.00	0.00	0.00	0.00	61.96	61.30	2.71	16.38	10762	35056	2477	33	0	0	0	0	48328	111.82	50.91	31.45	153.70	93.77	145.86	102.35	1.27	25.62	25.57
7/7/2025 10:42:46 AM	21.77	31.57	5.51	0.00	0.00	0.00	0.00	0.09	58.85	60.85	2.77	15.71	11536	31570	2480	0	0	0	0	0	45587	111.00	46.58	27.65	141.07	93.38	130.06	102.41	1.27	25.61	25.57
7/7/2025 10:42:49 AM	22.07	31.44	5.76	0.00	0.00	0.00	0.00	0.18	59.28	60.52	2.81	16.14	11698	31444	2594	0	0	0	0	0	45736	110.40	47.29	27.76	140.22	95.78	131.19	105.01	1.28	25.59	25.57
7/7/2025 10:42:52 AM	21.99	29.07	5.87	0.00	0.00	0.00	0.00	0.24	56.94	59.36	2.83	16.94	11657	29073	2643	0	0	0	0	0	43373	108.29	45.95	26.09	131.26	94.78	123.84	105.04	1.28	25.57	25.60
7/7/2025 10:42:54 AM	22.40	27.28	5.40	0.33	0.00	0.00	0.00	0.40	55.41	59.25	2.86	17.16	11870	27281	2432	10	0	0	0	0	41593	108.08	45.25	25.03	125.43	96.03	119.08	106.36	1.28	25.54	25.58
7/7/2025 10:42:57 AM	23.18	27.78	5.70	0.00	0.00	0.00	0.00	0.34	56.66	58.99	2.91	17.07	12285	27778	2567	0	0	0	0	0	42630	107.61	45.59	25.37	127.66	97.45	120.11	108.61	1.29	25.53	25.60
7/7/2025 10:43:00 AM	23.50	27.54	5.29	0.00	0.00	0.00	0.00	0.35	56.33	58.16	2.94	16.80	12456	27539	2382	0	0	0	0	0	42377	106.10	44.83	25.28	127.78	97.16	117.93	108.01	1.29	25.52	25.57
7/7/2025 10:43:03 AM	22.98	26.43	5.75	0.00	0.00	0.00	0.00	0.43	55.16	58.73	2.99	16.87	12178	26432	2587	0	0	0	0	0	41197	107.13	44.82	24.90	123.02	97.20	115.11	108.39	1.29	25.49	25.57
7/7/2025 10:43:05 AM	22.96	24.86	5.30	0.27	0.00	0.00	0.00	0.53	53.39	58.65	3.03	16.75	12169	24857	2384	8	0	0	0	0	39417	107.00	43.80	23.46	117.00	96.84	111.13	107.91	1.30	25.45	25.60
7/7/2025 10:43:08 AM	23.03	24.63	5.45	0.27	0.00	0.00	0.00	0.59	53.38	58.35	3.08	16.10	12204	24629	2452	8	0	0	0	0	39293	106.44	44.12	23.46	116.42	97.97	110.56	109.07	1.30	25.44	25.58
7/7/2025 10:43:11 AM	22.36	24.79	5.52	0.00	0.00	0.00	0.00	0.64	52.68	57.75	3.13	15.91	11853	24793	2486	0	0	0	0	0	39132	105.36	43.37	23.32	116.48	96.79	109.07	106.54	1.31	25.46	25.58
7/7/2025 10:43:14 AM	22.31	25.24	5.31	0.36	0.00	0.00	0.00	0.76	53.22	57.86	3.19	15.55	11824	25240	2390	11	0	0	0	0	39465	105.55	44.46	24.24	118.30	99.09	112.14	107.88	1.31	25.40	25.58
7/7/2025 10:43:17 AM	20.68	23.64	5.79	0.06	0.00	0.00	0.00	0.99	50.17	56.80	3.26	15.24	10960	23636	2608	2	0	0	0	0	37206	103.62	43.08	22.83	111.01	97.53	104.94	104.46	1.32	25.36	25.61
7/7/2025 10:43:19 AM	19.81	22.61	5.15	0.32	0.00	0.00	0.00	1.13	47.89	56.43	3.32	14.74	10501	22613	2316	10	0	0	0	0	35439	102.94	41.60	21.73	106.47	95.55	101.45	100.70	1.33	25.35	25.58
7/7/2025 10:43:22 AM	18.62	21.75	4.41	0.85	0.00	0.00	0.00	1.15	45.62	55.60	3.37	14.63	9867	21746	1984	26	0	0	0	0	33623	101.43	40.36	21.47	102.89	91.71	98.78	95.75	1.33	25.33	25.58
7/7/2025 10:43:25 AM	15.09	20.53	4.36	0.02	0.00	0.00	0.00	1.14	40.00	54.10	3.47	14.73	7999	20529	1960	1	0	0	0	0	30489	98.69	34.95	19.28	93.64	80.05	88.67	80.36	1.34	25.32	25.58
7/7/2025 10:43:28 AM	15.28	20.60	4.17	0.09	0.00	0.00	0.00	1.15	40.15	54.12	3.53	14.17	8099	20605	1877	3	0	0	0	0	30584	98.72	34.96	19.32	94.05	80.44	89.21	80.62	1.35	25.25	25.58
7/7/2025 10:43:30 AM	14.60	20.22	3.97	0.04	0.00	0.00	0.00	1.09	38.83	53.88	3.55	14.12	7736	20222	1786	1	0	0	0	0	29744	98.28	33.62	18.57	91.67	77.03	87.08	76.84	1.35	25.25	25.58
7/7/2025 10:43:33 AM	14.63	19.99	3.20	0.69	0.00	0.00	0.00	1.14	38.52	53.87	3.56	14.31	7755	19994	1441	21	0	0	0	0	29210	98.28	33.88	19.00	91.67	77.38	88.01	76.72	1.35	25.21	25.58
7/7/2025 10:43:35 AM	14.75	20.82	4.03	0.00	0.00	0.00	0.00	1.12	39.61	53.83	3.56	14.65	7819	20823	1814	0	0	0	0	0	30457	98.19	34.19	19.44	94.37	78.36	88.63	77.79	1.35	25.15	25.57
7/7/2025 10:43:38 AM	14.85	20.33	3.39	0.57	0.00	0.00	0.00	1.13	39.14	53.69	3.55	15.03	7869	20333	1525	17	0	0	0	0	29744	97.94	34.21	19.40	93.04	78.09	88.91	77.66	1.35	25.15	25.58
7/7/2025 10:43:41 AM	14.35	20.30	3.64	0.00	0.00	0.00	0.00	1.09	38.29	53.73	3.60	15.00	7604	20303	1637	0	0	0	0	0	29544	98.01	32.73	18.40	91.53	75.63	86.49	74.57	1.35	25.10	25.58
7/7/2025 10:43:44 AM	14.06	20.35	3.57	0.00	0.00	0.00	0.00	1.10	37.98	53.23	3.64	14.69	7451	20352	1607	0	0	0	0	0	29410	97.11	32.50	18.32	91.70	74.90	86.05	73.40	1.36	25.07	25.57
7/7/2025 10:43:47 AM	13.14	19.66	3.26	0.00	0.00	0.00	0.00	1.09	36.07	53.21	3.68	14.43	6967	19660	1468	0	0	0	0	0	28095	97.06	30.88	17.55	88.32	71.38	82.51	68.96	1.36	25.04	25.52
7/7/2025 10:43:49 AM	13.27	19.34	3.17	0.10	0.00	0.00	0.00	1.13	35.89	53.14	3.72	14.50	7032	19343	1428	3	0	0	0	0	27807	96.94	30.82	17.68	86.81	71.86	82.48	69.56	1.36	25.00	25.57
7/7/2025 10:43:52 AM	12.26	18.59	2.15	0.00	0.00	0.00	0.00	1.13	33.00	52.96	3.78	14.69	6496	18589	968	0	0	0	0	0	26053	96.61	27.45	16.24	83.68	66.18	76.05	61.55	1.37	25.01	25.57
7/7/2025 10:43:55 AM	11.06	17.56	2.22	0.00	0.00	0.00	0.00	1.19	30.83	52.79	3.89	13.96	5861	17558	998	0	0	0	0	0	24417	96.31	26.25	15.09	77.71	63.45	73.23	58.05	1.38	24.94	25.52
7/7/2025 10:43:58 AM	10.43	17.13	1.85	0.00	0.00	0.00	0.00	1.25	29.41	52.66	3.93	13.46	5529	17132	833	0	0	0	0	0	23494	96.07	24.94	14.76	75.40	61.54	70.87	54.83	1.39	24.92	25.52
7/7/2025 10:44:00 AM	10.64	16.94	1.39	0.00	0.00	0.00	0.00	1.23	28.97	52.77	3.92	13.32	5637	16941	625	0	0	0	0	0	23203	96.26	23.95	14.21	74.97	60.36	69.38	53.40	1.38	24.88	25.48
7/7/2025 10:44:03 AM	10.87	17.69	1.12	0.00	0.00	0.00	0.00	1.27	29.68	52.91	3.95	13.56	5762	17688	503	0	0	0	0	0	23952	96.53	24.14	14.63	77.91	61.51	71.54	53.60	1.39	24.84	25.48
7/7/2025 10:44:05 AM	9.81	16.28	0.99	0.00	0.00	0.00	0.00	1.29	27.08	52.64	4.02	13.70	5197	16282	445	0	0	0	0	0	21924	96.03	22.33	13.42	71.50	57.78	66.22	49.37	1.39	24.79	25.48
7/7/2025 10:44:08 AM	9.62	16.68	1.16	0.00	0.00	0.00	0.00	1.32	27.45	52.39	4.03	13.64	5096	16677	523	0	0	0	0	0	22296	95.57	22.87	14.01	72.57	58.50	67.93	49.76	1.40	24.76	25.47
7/7/2025 10:44:11 AM	9.56	16.50	1.23	0.00	0.00	0.00	0.00	1.30	27.30	52.67	4.13	13.54	5066	16502	556	0	0	0	0	0	22124	96.09	22.83	13.49	71.57	58.12	67.85	49.69	1.41	24.70	25.44
7/7/2025 10:44:14 AM	9.67	16.51	0.80	0.00	0.00	0.00	0.00	1.29	26.97	52.69	4.20	13.17	5125	16508	358	0	0	0	0	0	21991	96.13	21.97	13.65	72.08	57.09	66.57	48.17	1.41	24.67	25.45
7/7/2025 10:44:17 AM	8.76	15.37	0.76	0.00	0.00	0.00	0.00	1.35	24.89	53.35	4.23	13.29	4640	15372	343	0	0	0	0	0	20356	97.32	20.73	12.32	66.56	54.79	62.82	45.20	1.41	24.63	25.39
7/7/2025 10:44:19 AM	9.18	16.06	0.82	0.00	0.00	0.00	0.00	1.36	26.06	53.16	4.25	13.28	4865	16056	370	0	0	0	0	0	21291	96.98	21.58	13.16	69.76	56.59	65.12	47.04	1.42	24.59	25.40
7/7/2025 10:44:22 AM	9.11	15.89	0.92	0.00	0.00	0.00	0.00	1.37	25.92	53.06	4.30	13.31	4829	15889	415	0	0	0	0	0	21133	96.80	21.61	13.05	68.76	56.62	65.09	47.23	1.42	24.57	25.42
7/7/2025 10:44:25 AM	9.05	16.33	0.76	0.00	0.00	0.00	0.00	1.36	26.14	53.22	4.31	13.46	4799	16326	343	0	0	0	0	0	21468	97.09	21.58	13.28	70.63	56.40	65.82	46.48	1.42	24.50	25.37
7/7/2025 10:44:28 AM	9.28	16.18	0.64	0.00	0.00	0.00	0.00	1.39	26.10	53.28	4.34	13.70	4921	16175	288	0	0	0	0	0	21383	97.19	21.43	13.01	70.29	56.95	65.29	46.91	1.42	24.46	25.37
7/7/2025 10:44:30 AM	9.39	16.32	0.36	0.00	0.00	0.00	0.00	1.37	26.08	53.35	4.35	13.77	4979	16322	164	0	0	0	0	0	21465	97.33	21.04	13.03	71.44	56.38	64.72	46.04	1.43	24.43	25.36
7/7/2025 10:44:33 AM	8.87	15.75	0.42	0.00	0.00	0.00	0.00	1.40	25.03	53.98	4.45	13.58	4700	15746	187	0	0	0	0	0	20632	98.47	20.42	12.56	67.96	55.17	63.55	44.60	1.44	24.40	25.39
7/7/2025 10:44:36 AM	9.05	16.56	0.50	0.00	0.00	0.00	0.00	1.40	26.10	53.73	4.48	13.31	4796	16557	223	0	0	0	0	0	21576	98.02	21.28	13.31	71.46	56.48	66.10	45.73	1.44	24.37	25.39
7/7/2025 10:44:39 AM	8.94	16.50	0.55	0.00	0.00	0.00	0.00	1.41	26.00	53.71	4.51	13.42	4740	16502	249	0	0	0	0	0	21491	97.99	21.28	13.24	70.80	56.45	66.37	45.67	1.44	24.32	25.36
7/7/2025 10:44:41 AM	9.37	17.31	0.17	0.00	0.00	0.00	0.00	1.39	26.85	53.77	4.52	13.66	4966	17311	76	0	0	0	0	0	22354	98.09	21.34	13.48	74.88	56.88	67.80	45.55	1.44	24.27	25.31
7/7/2025 10:44:44 AM	9.78	17.61	0.00	0.00	0.00	0.00	0.00	1.37	27.39	53.43	4.55	13.63	5183	17610	0	0	0	0	0	0	22793	97.48	21.30	13.81	76.84	57.38	68.18	46.12	1.45	24.23	25.26
7/7/2025 10:44:46 AM	9.33	17.02	0.03	0.00	0.00	0.00	0.00	1.41	26.38	53.79	4.58	13.51	4946	17022	11	0	0	0	0	0	21980	98.12	20.86	13.26	73.77	56.48	66.57	44.91	1.45	24.21	25.29
7/7/2025 10:44:49 AM	9.30	17.55	0.03	0.00	0.00	0.00	0.00	1.41	26.88	53.80	4.61	13.22	4929	17549	15	0	0	0	0	0	22493	98.15	21.19	13.81	75.37	56.93	68.59	45.02	1.45	24.18	25.29
7/7/2025 10:44:52 AM	8.85	17.08	0.42	0.00	0.00	0.00	0.00	1.45	26.35	53.77	4.63	13.20	4688	17084	191	0	0	0	0	0	21963	98.09	21.42	13.70	72.78	56.88	68.05	45.23	1.45	24.12	25.28
7/7/2025 10:44:55 AM	9.15	17.54	0.00	0.00	0.00	0.00	0.00	1.40	26.68	54.04	4.71	13.36	4848	17536	0	0	0	0	0	0	22384	98.59	20.96	13.59	74.99	56.29	68.60	44.29	1.46	24.07	25.18
7/7/2025 10:44:58 AM	8.45	16.31	0.43	0.00	0.00	0.00	0.00	1.42	25.19	54.35	4.78	13.00	4476	16309	195	0	0	0	0	0	20980	99.15	20.65	12.97	69.69	54.97	65.10	43.57	1.47	24.03	25.20
7/7/2025 10:45:00 AM	8.96	17.58	0.08	0.00	0.00	0.00	0.00	1.43	26.62	54.46	4.84	12.56	4747	17577	38	0	0	0	0	0	22362	99.35	21.16	13.73	75.18	56.45	68.54	44.20	1.47	23.99	25.23
7/7/2025 10:45:03 AM	8.63	17.56	0.44	0.00	0.00	0.00	0.00	1.44	26.63	54.24	4.90	12.54	4573	17555	200	0	0	0	0	0	22329	98.94	21.69	13.60	74.36	56.65	69.49	44.63	1.48	23.98	25.15
7/7/2025 10:45:06 AM	8.93	17.51	0.15	0.00	0.00	0.00	0.00	1.42	26.59	54.28	4.92	12.46	4731	17510	67	0	0	0	0	0	22308	99.03	21.16	13.62	74.40	56.32	68.99	44.28	1.48	23.89	25.10
7/7/2025 10:45:09 AM	8.89	18.05	0.13	0.00	0.00	0.00	0.00	1.41	27.08	54.35	4.95	12.61	4712	18054	60	0	0	0	0	0	22826	99.14	21.47	14.09	76.60	56.52	70.44	44.16	1.49	23.88	25.12
7/7/2025 10:45:11 AM	8.90	17.39	0.09	0.00	0.00	0.00	0.00	1.42	26.38	54.56	5.02	12.48	4715	17390	41	0	0	0	0	0	22146	99.53	21.00	13.44	74.32	56.11	68.06	43.95	1.49	23.82	25.13
7/7/2025 10:45:14 AM	9.03	18.34	0.07	0.00	0.00	0.00	0.00	1.42	27.44	54.25	5.08	12.42	4783	18339	34	0	0	0	0	0	23156	98.96	21.63	14.15	77.51	57.05	71.67	44.51	1.50	23.79	25.08
7/7/2025 10:45:17 AM	8.96	18.30	0.07	0.00	0.00	0.00	0.00	1.45	27.33	54.54	5.13	12.62	4750	18300	30	0	0	0	0	0	23079	99.50	21.65	14.24	77.66	57.36	71.12	44.50	1.50	23.74	25.13
7/7/2025 10:45:20 AM	8.95	18.04	0.05	0.00	0.00	0.00	0.00	1.45	27.05	54.47	5.25	12.43	4743	18043	24	0	0	0	0	0	22810	99.36	21.45	13.80	76.66	57.00	70.32	44.30	1.51	23.69	25.07
7/7/2025 10:45:23 AM	8.94	18.61	0.27	0.00	0.00	0.00	0.00	1.42	27.82	54.39	5.35	12.15	4737	18608	123	0	0	0	0	0	23468	99.23	22.22	14.40	78.60	57.68	72.70	45.15	1.52	23.64	25.12
7/7/2025 10:45:25 AM	9.12	19.29	0.00	0.00	0.00	0.00	0.00	1.44	28.41	54.62	5.41	12.18	4835	19292	0	0	0	0	0	0	24127	99.64	22.24	14.80	81.62	58.30	74.20	44.96	1.53	23.63	24.97
7/7/2025 10:45:28 AM	8.74	18.22	0.40	0.00	0.00	0.00	0.00	1.46	27.36	54.64	5.48	12.07	4630	18224	179	0	0	0	0	0	23033	99.68	22.12	14.09	76.38	57.74	72.29	45.19	1.54	23.56	25.00
7/7/2025 10:45:31 AM	8.98	19.52	0.08	0.00	0.00	0.00	0.00	1.44	28.58	54.69	5.50	12.00	4757	19518	38	0	0	0	0	0	24313	99.77	22.50	14.97	81.89	58.28	75.46	44.86	1.54	23.55	24.94
7/7/2025 10:45:34 AM	8.54	18.55	0.16	0.00	0.00	0.00	0.00	1.54	27.26	54.76	5.52	12.33	4527	18550	74	0	0	0	0	0	23151	99.91	21.89	14.28	77.25	57.96	72.97	44.19	1.54	23.48	24.95
7/7/2025 10:45:36 AM	9.07	19.77	0.00	0.00	0.00	0.00	0.00	1.50	28.84	54.54	5.53	12.49	4809	19770	0	0	0	0	0	0	24579	99.49	22.60	15.25	83.37	59.30	75.74	45.28	1.54	23.45	24.91
7/7/2025 10:45:39 AM	8.67	18.68	0.00	0.00	0.00	0.00	0.00	1.52	27.34	54.74	5.59	12.81	4593	18677	0	0	0	0	0	0	23269	99.86	21.61	14.32	78.32	57.73	72.62	43.84	1.55	23.38	24.92
7/7/2025 10:45:42 AM	8.87	19.52	0.00	0.00	0.00	0.00	0.00	1.48	28.39	54.93	5.61	12.87	4703	19518	0	0	0	0	0	0	24221	100.21	21.95	14.38	82.81	58.47	74.34	44.44	1.55	23.34	24.92
7/7/2025 10:45:45 AM	8.64	19.44	0.00	0.00	0.00	0.00	0.00	1.56	28.07	54.64	5.66	12.85	4577	19437	0	0	0	0	0	0	24014	99.68	22.01	14.45	81.29	58.89	75.03	44.21	1.55	23.33	24.89
7/7/2025 10:45:48 AM	8.62	19.02	0.00	0.00	0.00	0.00	0.00	1.57	27.65	54.52	5.68	12.77	4570	19023	0	0	0	0	0	0	23593	99.46	21.97	14.48	79.47	58.61	73.89	44.14	1.56	23.28	24.81
7/7/2025 10:45:50 AM	8.68	18.86	0.00	0.00	0.00	0.00	0.00	1.55	27.55	54.65	5.72	12.41	4601	18864	0	0	0	0	0	0	23465	99.70	21.83	14.11	79.45	58.42	72.89	44.16	1.56	23.22	24.84
7/7/2025 10:45:53 AM	8.91	19.60	0.00	0.00	0.00	0.00	0.00	1.53	28.52	54.78	5.74	12.05	4723	19604	0	0	0	0	0	0	24327	99.93	22.10	14.68	83.08	59.39	74.76	44.97	1.56	23.20	24.75
7/7/2025 10:45:56 AM	8.85	19.09	0.00	0.00	0.00	0.00	0.00	1.55	27.95	54.45	5.74	12.15	4693	19092	0	0	0	0	0	0	23785	99.33	22.00	14.39	79.99	59.03	74.25	44.81	1.56	23.14	24.81
7/7/2025 10:45:58 AM	8.93	19.67	0.00	0.00	0.00	0.00	0.00	1.53	28.61	54.13	5.75	12.30	4735	19671	0	0	0	0	0	0	24406	98.75	22.32	14.48	82.70	59.38	75.71	45.03	1.56	23.14	24.75
7/7/2025 10:46:02 AM	8.80	19.42	0.00	0.00	0.00	0.00	0.00	1.54	28.22	54.09	5.74	12.51	4666	19418	0	0	0	0	0	0	24085	98.68	22.19	14.87	81.50	58.93	74.82	44.59	1.56	23.07	24.73
7/7/2025 10:46:04 AM	8.76	19.01	0.01	0.00	0.00	0.00	0.00	1.54	27.78	54.02	5.76	12.75	4644	19006	3	0	0	0	0	0	23653	98.54	22.05	14.49	79.47	58.47	73.96	44.39	1.56	23.02	24.70
7/7/2025 10:46:07 AM	8.61	19.66	0.00	0.00	0.00	0.00	0.00	1.55	28.28	54.10	5.77	12.87	4565	19664	0	0	0	0	0	0	24229	98.70	22.11	14.80	83.09	58.96	74.66	44.12	1.57	22.98	24.63
7/7/2025 10:46:10 AM	8.68	20.08	0.00	0.00	0.00	0.00	0.00	1.53	28.76	54.08	5.77	12.98	4603	20078	0	0	0	0	0	0	24680	98.66	22.19	15.21	85.22	59.18	75.47	44.29	1.57	22.97	24.63
7/7/2025 10:46:12 AM	8.80	19.50	0.00	0.00	0.00	0.00	0.00	1.55	28.30	54.51	5.79	12.98	4665	19497	0	0	0	0	0	0	24162	99.45	22.10	14.44	81.89	59.21	75.11	44.70	1.57	22.94	24.67
7/7/2025 10:46:15 AM	8.55	19.27	0.00	0.00	0.00	0.00	0.00	1.58	27.82	54.32	5.82	12.76	4533	19272	0	0	0	0	0	0	23805	99.09	22.08	14.34	80.47	58.78	74.56	44.02	1.57	22.87	24.60
7/7/2025 10:46:18 AM	8.42	19.59	0.00	0.00	0.00	0.00	0.00	1.58	28.02	53.93	5.81	12.59	4463	19595	0	0	0	0	0	0	24058	98.38	22.23	14.85	81.43	58.78	75.59	43.70	1.57	22.85	24.62
7/7/2025 10:46:21 AM	8.56	19.66	0.00	0.00	0.00	0.00	0.00	1.55	28.22	53.85	5.82	12.68	4537	19659	0	0	0	0	0	0	24196	98.24	22.19	14.93	81.78	58.74	75.89	43.96	1.57	22.82	24.59
7/7/2025 10:46:23 AM	8.65	20.16	0.00	0.00	0.00	0.00	0.00	1.57	28.81	53.75	5.82	12.71	4585	20158	0	0	0	0	0	0	24742	98.05	22.71	14.81	83.96	59.60	77.41	44.49	1.57	22.78	24.59
7/7/2025 10:46:26 AM	8.35	18.51	0.00	0.00	0.00	0.00	0.00	1.61	26.86	54.40	5.89	12.53	4426	18508	0	0	0	0	0	0	22935	99.24	21.44	13.91	77.39	58.16	72.03	43.41	1.58	22.75	24.55
7/7/2025 10:46:29 AM	8.60	19.27	0.00	0.00	0.00	0.00	0.00	1.65	27.87	53.74	5.91	12.34	4558	19267	0	0	0	0	0	0	23825	98.05	22.17	14.55	80.44	59.92	74.70	44.70	1.58	22.71	24.47
7/7/2025 10:46:32 AM	8.71	19.86	0.00	0.00	0.00	0.00	0.00	1.64	28.56	53.44	5.95	12.23	4615	19856	0	0	0	0	0	0	24471	97.49	22.60	14.76	83.32	60.48	76.08	45.08	1.58	22.67	24.49
7/7/2025 10:46:35 AM	8.73	20.54	0.00	0.00	0.00	0.00	0.00	1.63	29.26	53.23	5.95	11.98	4625	20535	0	0	0	0	0	0	25160	97.10	23.20	15.51	85.89	61.04	78.18	45.30	1.58	22.61	24.49
7/7/2025 10:46:37 AM	8.75	20.41	0.00	0.00	0.00	0.00	0.00	1.64	29.16	53.44	5.98	12.04	4639	20405	0	0	0	0	0	0	25044	97.49	23.02	15.56	85.23	61.08	78.00	45.40	1.59	22.56	24.44
7/7/2025 10:46:40 AM	8.70	20.35	0.00	0.00	0.00	0.00	0.00	1.68	29.05	53.52	6.01	12.33	4612	20348	0	0	0	0	0	0	24961	97.64	22.94	15.27	85.09	61.49	77.75	45.50	1.59	22.58	24.39
7/7/2025 10:46:43 AM	8.46	19.92	0.00	0.00	0.00	0.00	0.00	1.76	28.38	53.54	6.11	12.20	4485	19919	0	0	0	0	0	0	24404	97.67	22.67	14.73	82.73	61.71	76.92	45.20	1.60	22.52	24.33
7/7/2025 10:46:46 AM	8.59	20.63	0.00	0.00	0.00	0.00	0.00	1.81	29.21	53.19	6.14	11.96	4551	20628	0	0	0	0	0	0	25179	97.03	23.31	15.21	86.20	63.27	78.59	46.09	1.60	22.49	24.31
7/7/2025 10:46:49 AM	8.74	20.69	0.00	0.00	0.00	0.00	0.00	1.80	29.43	53.45	6.17	11.97	4630	20690	0	0	0	0	0	0	25321	97.50	23.52	15.52	86.92	63.48	78.44	46.50	1.60	22.42	24.30
7/7/2025 10:46:51 AM	8.60	20.28	0.00	0.00	0.00	0.00	0.00	1.77	28.88	53.22	6.17	12.07	4560	20277	0	0	0	0	0	0	24837	97.09	23.07	15.09	85.28	62.48	76.99	45.78	1.60	22.40	24.26
7/7/2025 10:46:54 AM	8.49	20.00	0.00	0.00	0.00	0.00	0.00	1.84	28.49	53.38	6.18	12.19	4501	20003	0	0	0	0	0	0	24504	97.37	22.91	14.92	83.24	62.92	77.09	45.85	1.61	22.39	24.31
7/7/2025 10:46:57 AM	8.70	22.10	0.00	0.00	0.00	0.00	0.00	1.81	30.80	52.86	6.20	12.39	4613	22100	0	0	0	0	0	0	26713	96.43	24.12	16.23	92.03	64.86	83.23	46.88	1.61	22.33	24.26
7/7/2025 10:46:59 AM	8.71	21.58	0.00	0.00	0.00	0.00	0.00	1.82	30.29	52.50	6.26	12.21	4616	21583	0	0	0	0	0	0	26199	95.78	23.98	15.72	89.81	64.54	81.90	46.83	1.61	22.33	24.28
7/7/2025 10:47:02 AM	10.10	28.83	0.00	0.00	0.00	0.00	0.00	1.90	38.93	51.92	6.41	11.86	5353	28831	0	0	0	0	0	0	34184	94.71	29.26	20.77	118.95	75.03	105.63	53.77	1.63	22.26	24.25
7/7/2025 10:47:05 AM	12.43	35.52	0.00	0.00	0.00	0.00	0.00	1.89	47.95	50.43	6.55	11.32	6587	35524	0	0	0	0	0	0	42111	91.99	35.53	25.31	145.03	85.98	130.01	63.11	1.64	22.22	24.14
