Date/Time	Green Algae	Bluegreen	Diatoms	Cryptophyta	#5	#6	#7	Yellow substances	Total conc.	Transmission	Depth	Temp. Sample	Green Algae	Bluegreen	Diatoms	Cryptophyta	#5	#6	#7	Yellow substances	Total cell count	Trans. 700 nm	LED 3 [525 nm]	LED 4 [570 nm]	LED 5 [610 nm]	LED 6 [370 nm]	LED 7 [590 nm]	LED 8 [470 nm]	Pressure	Temp. LEDs	Temp. Sensor
date	µg/l	µg/l	µg/l	µg/l	µg/l	µg/l	µg/l	r.u.	µg/l	%	m	°C	cells/ml	cells/ml	cells/ml	cells/ml	cells/ml	cells/ml	cells/ml	r.u.	cells/ml	digits	digits	digits	digits	digits	digits	digits	bar	°C	°C
7/7/2025 12:59:14 PM	5.72	7.63	1.66	0.00	0.00	0.00	0.00	0.00	15.01	83.09	0.02	27.89	3032	7630	748	0	0	0	0	0	11409	151.56	12.53	1.21	42.52	19.43	29.91	30.90	1.00	22.92	25.10
7/7/2025 12:59:16 PM	1.55	8.83	7.49	0.00	0.00	0.00	0.00	0.00	17.87	92.48	0.07	27.30	822	8829	3371	0	0	0	0	0	13021	168.67	22.89	8.51	46.22	25.36	38.29	40.75	1.01	22.97	25.07
7/7/2025 12:59:19 PM	6.92	6.75	1.84	0.00	0.00	0.00	0.00	0.00	15.52	79.25	0.07	27.29	3670	6749	830	0	0	0	0	0	11248	144.55	13.27	3.93	33.38	26.91	34.11	32.05	1.01	23.03	25.08
7/7/2025 12:59:22 PM	1.85	7.60	0.57	0.00	0.00	0.00	0.00	1.15	10.02	74.48	0.10	26.74	980	7603	257	0	0	0	0	0	8840	135.85	10.97	3.68	32.68	28.68	31.01	18.22	1.01	23.04	25.08
7/7/2025 12:59:24 PM	6.74	5.86	0.00	1.12	0.00	0.00	0.00	0.00	13.73	74.69	0.14	26.56	3572	5862	0	34	0	0	0	0	9468	136.24	10.29	7.21	31.45	20.98	32.90	30.29	1.01	23.11	25.10
7/7/2025 12:59:27 PM	4.52	7.22	0.00	2.24	0.00	0.00	0.00	0.12	13.99	73.66	0.15	26.62	2398	7223	0	67	0	0	0	0	9688	134.35	12.55	11.95	35.27	24.69	40.80	26.25	1.01	23.14	25.13
7/7/2025 12:59:29 PM	7.96	6.88	0.00	0.59	0.00	0.00	0.00	0.00	15.43	76.91	0.18	26.47	4220	6882	0	18	0	0	0	0	11119	140.28	10.04	7.78	34.73	24.03	35.38	32.10	1.02	23.16	25.10
7/7/2025 12:59:32 PM	5.70	6.91	0.00	1.12	0.00	0.00	0.00	0.00	13.73	70.15	0.22	26.40	3019	6911	0	34	0	0	0	0	9964	127.96	11.50	6.83	34.15	21.33	35.39	25.67	1.02	23.22	25.16
7/7/2025 12:59:35 PM	4.24	6.41	1.19	1.53	0.00	0.00	0.00	0.54	13.37	73.22	0.24	26.39	2246	6412	538	46	0	0	0	0	9241	133.55	15.66	7.99	33.41	30.15	35.10	29.92	1.02	23.27	25.21
7/7/2025 12:59:38 PM	3.94	6.71	0.00	2.34	0.00	0.00	0.00	0.53	12.99	73.74	0.28	26.34	2088	6710	0	70	0	0	0	0	8868	134.50	15.40	8.07	34.53	28.58	38.24	27.28	1.03	23.31	25.23
7/7/2025 12:59:41 PM	6.87	6.87	0.00	1.44	0.00	0.00	0.00	0.00	15.18	74.19	0.32	26.32	3640	6874	0	43	0	0	0	0	10557	135.33	12.93	8.21	36.13	24.48	36.88	31.01	1.03	23.32	25.23
7/7/2025 12:59:43 PM	6.56	7.69	1.37	0.00	0.00	0.00	0.00	0.00	15.62	74.98	0.34	26.31	3477	7691	617	0	0	0	0	0	11785	136.76	12.17	6.75	38.41	23.71	34.00	30.56	1.03	23.38	25.21
7/7/2025 12:59:46 PM	6.57	7.30	1.58	0.00	0.00	0.00	0.00	0.00	15.45	74.34	0.36	26.32	3484	7295	712	0	0	0	0	0	11491	135.60	12.70	2.64	35.31	24.39	35.49	31.01	1.03	23.43	25.28
7/7/2025 12:59:49 PM	5.80	6.90	1.01	0.69	0.00	0.00	0.00	0.11	14.42	74.99	0.42	26.34	3076	6902	457	21	0	0	0	0	10456	136.77	13.16	6.34	33.92	25.86	35.03	28.32	1.04	23.46	25.23
7/7/2025 12:59:52 PM	3.97	6.98	2.01	1.59	0.00	0.00	0.00	0.00	14.55	74.31	0.45	26.33	2106	6977	902	48	0	0	0	0	10033	135.54	16.38	8.62	36.25	23.51	37.43	29.82	1.04	23.48	25.24
7/7/2025 12:59:54 PM	6.32	7.15	1.73	0.00	0.00	0.00	0.00	0.00	15.19	73.71	0.49	26.24	3350	7146	777	0	0	0	0	0	11273	134.44	12.42	6.69	35.53	24.02	33.32	30.76	1.05	23.53	25.28
7/7/2025 12:59:57 PM	9.01	7.44	0.00	0.32	0.00	0.00	0.00	0.00	16.77	75.34	0.52	26.10	4775	7443	0	10	0	0	0	0	12228	137.42	11.30	10.48	38.39	28.17	34.60	33.27	1.05	23.58	25.29
7/7/2025 1:00:00 PM	6.60	8.00	1.67	0.00	0.00	0.00	0.00	0.00	16.27	75.76	0.56	26.06	3500	7997	753	0	0	0	0	0	12249	138.18	12.93	5.86	39.15	24.16	36.47	32.45	1.05	23.64	25.28
7/7/2025 1:00:03 PM	4.46	8.08	3.85	0.00	0.00	0.00	0.00	0.00	16.40	75.58	0.61	26.09	2366	8083	1733	0	0	0	0	0	12183	137.87	17.07	4.55	38.19	26.62	38.69	32.76	1.06	23.66	25.29
7/7/2025 1:00:06 PM	7.33	8.91	1.19	0.18	0.00	0.00	0.00	0.00	17.62	75.07	0.64	26.09	3885	8914	537	5	0	0	0	0	13341	136.92	13.31	7.68	42.30	25.92	40.93	33.85	1.06	23.69	25.31
7/7/2025 1:00:08 PM	4.70	7.22	1.54	1.57	0.00	0.00	0.00	0.17	15.03	73.70	0.69	25.98	2492	7219	693	47	0	0	0	0	10451	134.44	16.47	9.72	37.35	27.77	37.87	30.63	1.07	23.74	25.34
7/7/2025 1:00:11 PM	6.89	7.41	0.84	1.39	0.00	0.00	0.00	0.00	16.53	73.96	0.74	26.00	3653	7405	379	42	0	0	0	0	11479	134.90	15.44	6.97	37.99	27.87	40.24	33.76	1.07	23.79	25.32
7/7/2025 1:00:14 PM	6.58	7.23	1.36	0.61	0.00	0.00	0.00	0.13	15.79	73.57	0.77	26.11	3490	7232	611	18	0	0	0	0	11351	134.19	14.37	6.57	35.87	28.94	36.88	32.19	1.08	23.83	25.37
7/7/2025 1:00:17 PM	6.02	7.95	1.88	0.51	0.00	0.00	0.00	0.00	16.36	73.35	0.83	26.01	3190	7954	847	15	0	0	0	0	12006	133.79	14.86	7.13	38.48	26.51	38.80	31.92	1.08	23.87	25.40
7/7/2025 1:00:19 PM	7.32	7.99	1.24	0.95	0.00	0.00	0.00	0.00	17.51	73.73	0.90	25.99	3882	7993	559	28	0	0	0	0	12463	134.49	15.58	9.67	40.64	29.87	39.87	34.84	1.09	23.88	25.44
7/7/2025 1:00:22 PM	6.11	7.90	1.17	1.41	0.00	0.00	0.00	0.12	16.60	74.55	0.92	26.07	3238	7903	526	42	0	0	0	0	11710	135.98	16.24	11.80	40.90	29.69	39.34	33.01	1.09	23.93	25.42
7/7/2025 1:00:24 PM	7.18	7.57	2.06	0.40	0.00	0.00	0.00	0.00	17.21	74.50	0.95	26.04	3805	7567	928	12	0	0	0	0	12312	135.90	15.25	7.99	38.34	29.16	37.65	35.93	1.09	23.95	25.40
7/7/2025 1:00:27 PM	8.51	7.29	0.38	0.93	0.00	0.00	0.00	0.00	17.10	75.53	0.98	25.98	4513	7288	169	28	0	0	0	0	11997	137.76	13.47	8.03	38.33	28.09	38.00	36.25	1.10	24.00	25.45
7/7/2025 1:00:30 PM	7.73	7.73	1.37	0.50	0.00	0.00	0.00	0.00	17.33	73.67	1.01	25.80	4096	7734	615	15	0	0	0	0	12460	134.38	14.22	8.99	39.53	28.30	37.79	35.96	1.10	24.04	25.45
7/7/2025 1:00:33 PM	6.72	6.52	0.75	2.36	0.00	0.00	0.00	0.00	16.34	73.64	1.03	25.81	3560	6518	335	71	0	0	0	0	10485	134.31	16.80	10.02	38.06	27.12	39.13	37.49	1.10	24.09	25.47
7/7/2025 1:00:36 PM	6.29	7.43	2.61	0.63	0.00	0.00	0.00	0.00	16.96	74.29	1.06	25.80	3332	7435	1173	19	0	0	0	0	11959	135.50	16.64	6.66	37.56	28.92	38.77	35.97	1.10	24.10	25.55
7/7/2025 1:00:38 PM	7.30	7.06	1.17	1.48	0.00	0.00	0.00	0.11	17.00	73.71	1.08	25.73	3870	7056	526	44	0	0	0	0	11496	134.45	16.68	8.54	37.96	31.80	39.28	36.89	1.11	24.14	25.53
7/7/2025 1:00:41 PM	6.16	7.92	3.32	0.54	0.00	0.00	0.00	0.00	17.94	73.53	1.11	25.71	3265	7924	1492	16	0	0	0	0	12698	134.13	17.88	8.90	40.47	29.95	39.66	38.61	1.11	24.20	25.57
7/7/2025 1:00:44 PM	6.33	7.57	2.39	0.81	0.00	0.00	0.00	0.00	17.09	72.76	1.13	25.59	3354	7569	1074	24	0	0	0	0	12022	132.72	16.52	8.06	38.91	28.15	39.02	36.57	1.11	24.20	25.55
7/7/2025 1:00:46 PM	6.49	8.25	1.94	0.60	0.00	0.00	0.00	0.00	17.29	72.84	1.15	25.57	3440	8254	875	18	0	0	0	0	12587	132.85	15.40	8.83	40.95	27.25	39.84	34.86	1.11	24.25	25.55
7/7/2025 1:00:49 PM	7.19	8.47	2.98	0.00	0.00	0.00	0.00	0.00	18.63	73.56	1.19	25.54	3808	8468	1340	0	0	0	0	0	13616	134.18	16.64	8.13	41.61	31.04	40.15	38.44	1.12	24.29	25.58
7/7/2025 1:00:52 PM	7.08	7.22	1.56	1.54	0.00	0.00	0.00	0.00	17.40	73.62	1.21	25.54	3753	7215	701	46	0	0	0	0	11716	134.29	16.98	9.19	39.44	29.12	39.94	38.62	1.12	24.29	25.60
7/7/2025 1:00:54 PM	6.82	7.33	2.46	0.97	0.00	0.00	0.00	0.00	17.58	73.20	1.24	25.57	3613	7333	1106	29	0	0	0	0	12081	133.52	17.18	9.03	39.25	29.52	38.82	39.15	1.12	24.36	25.60
7/7/2025 1:00:57 PM	6.67	7.09	1.77	1.57	0.00	0.00	0.00	0.00	17.11	72.25	1.28	25.56	3536	7094	798	47	0	0	0	0	11475	131.79	17.20	9.23	38.96	28.61	39.48	38.24	1.13	24.40	25.63
7/7/2025 1:01:00 PM	6.19	7.68	3.14	0.53	0.00	0.00	0.00	0.00	17.53	73.32	1.31	25.43	3278	7677	1411	16	0	0	0	0	12382	133.74	17.55	9.39	39.38	30.50	38.28	37.08	1.13	24.40	25.61
7/7/2025 1:01:03 PM	5.69	6.93	2.78	1.68	0.00	0.00	0.00	0.00	17.08	73.42	1.32	25.33	3014	6930	1251	50	0	0	0	0	11246	133.91	19.22	9.89	38.63	29.87	39.34	38.75	1.13	24.45	25.63
7/7/2025 1:01:05 PM	8.01	6.26	0.00	2.88	0.00	0.00	0.00	0.00	17.14	73.07	1.35	25.27	4245	6258	0	86	0	0	0	0	10589	133.27	17.56	8.09	37.22	30.87	42.09	39.63	1.13	24.47	25.61
7/7/2025 1:01:08 PM	7.45	7.01	1.36	1.95	0.00	0.00	0.00	0.00	17.77	72.89	1.37	25.25	3949	7011	612	58	0	0	0	0	11631	132.95	17.86	8.65	39.45	30.24	41.32	40.58	1.13	24.53	25.71
7/7/2025 1:01:11 PM	7.44	7.14	2.03	1.58	0.00	0.00	0.00	0.00	18.20	72.74	1.40	25.21	3945	7144	915	47	0	0	0	0	12051	132.67	18.66	8.04	39.24	32.39	41.40	41.01	1.14	24.55	25.71
7/7/2025 1:01:14 PM	7.99	7.14	1.45	1.61	0.00	0.00	0.00	0.00	18.18	73.70	1.41	25.10	4233	7136	651	48	0	0	0	0	12068	134.43	17.47	9.41	39.93	31.41	40.49	41.17	1.14	24.55	25.71
7/7/2025 1:01:17 PM	8.27	7.46	2.08	1.02	0.00	0.00	0.00	0.00	18.83	72.91	1.44	24.90	4385	7461	936	31	0	0	0	0	12813	132.99	17.70	8.89	40.26	33.42	40.43	41.80	1.14	24.59	25.69
7/7/2025 1:01:19 PM	7.90	7.03	2.46	1.18	0.00	0.00	0.00	0.00	18.57	72.74	1.46	24.66	4186	7029	1107	35	0	0	0	0	12358	132.69	18.66	8.85	38.92	34.23	39.69	42.15	1.14	24.64	25.74
7/7/2025 1:01:22 PM	7.52	6.64	2.96	1.26	0.00	0.00	0.00	0.00	18.38	73.47	1.49	24.59	3986	6640	1333	38	0	0	0	0	11998	134.01	19.41	9.14	38.02	34.20	38.67	43.25	1.15	24.67	25.76
7/7/2025 1:01:25 PM	8.22	5.22	1.84	1.77	0.00	0.00	0.00	0.17	17.06	73.32	1.53	24.56	4359	5224	829	53	0	0	0	0	10465	133.74	18.38	7.99	33.42	35.69	35.68	43.70	1.15	24.68	25.74
7/7/2025 1:01:28 PM	6.48	5.76	4.06	0.67	0.00	0.00	0.00	0.19	16.97	73.97	1.55	24.61	3434	5763	1828	20	0	0	0	0	11044	134.92	19.36	7.36	33.43	35.20	34.36	42.93	1.15	24.72	25.76
7/7/2025 1:01:31 PM	7.01	5.94	3.64	0.67	0.00	0.00	0.00	0.19	17.26	73.92	1.58	24.53	3716	5937	1638	20	0	0	0	0	11311	134.83	18.85	7.86	34.28	35.55	34.72	43.05	1.15	24.74	25.79
7/7/2025 1:01:33 PM	6.51	5.64	4.47	0.71	0.00	0.00	0.00	0.17	17.33	74.03	1.60	24.11	3449	5639	2012	21	0	0	0	0	11122	135.02	20.23	7.97	33.65	36.03	34.25	44.66	1.16	24.77	25.82
7/7/2025 1:01:36 PM	7.20	6.10	4.32	0.03	0.00	0.00	0.00	0.20	17.65	74.01	1.63	23.91	3817	6103	1942	1	0	0	0	0	11864	134.99	18.58	8.44	34.58	36.39	33.20	44.03	1.16	24.79	25.82
7/7/2025 1:01:39 PM	7.10	5.27	3.91	0.55	0.00	0.00	0.00	0.21	16.83	73.75	1.65	23.92	3762	5271	1760	16	0	0	0	0	10810	134.52	18.69	7.51	31.98	35.82	32.30	43.89	1.16	24.82	25.85
7/7/2025 1:01:41 PM	8.13	4.85	4.49	0.38	0.00	0.00	0.00	0.10	17.84	74.09	1.67	23.82	4309	4849	2018	11	0	0	0	0	11188	135.15	19.56	6.21	31.05	37.45	32.21	48.10	1.16	24.83	25.84
7/7/2025 1:01:44 PM	8.60	5.67	5.40	0.11	0.00	0.00	0.00	0.06	19.79	74.24	1.69	23.72	4559	5674	2431	3	0	0	0	0	12667	135.42	21.33	8.87	35.37	40.30	34.10	52.20	1.17	24.85	25.85
7/7/2025 1:01:47 PM	8.84	3.60	2.07	2.58	0.00	0.00	0.00	0.33	17.08	74.17	1.70	23.73	4683	3603	930	77	0	0	0	0	9292	135.29	20.81	8.42	30.30	40.52	33.85	50.40	1.17	24.87	25.87
7/7/2025 1:01:49 PM	7.09	4.54	4.64	0.85	0.00	0.00	0.00	0.53	17.12	73.79	1.72	23.75	3759	4544	2086	26	0	0	0	0	10414	134.60	21.32	7.83	30.88	42.13	31.84	49.96	1.17	24.92	25.92
7/7/2025 1:01:53 PM	8.58	3.46	2.86	1.93	0.00	0.00	0.00	0.44	16.82	74.67	1.76	23.04	4546	3456	1285	58	0	0	0	0	9345	136.19	20.62	7.24	28.67	41.73	31.92	50.97	1.17	24.92	25.90
7/7/2025 1:01:55 PM	8.29	3.07	3.18	2.17	0.00	0.00	0.00	0.25	16.71	74.60	1.77	22.73	4392	3071	1432	65	0	0	0	0	8960	136.08	21.27	6.13	27.39	39.44	32.12	50.79	1.17	24.94	25.90
7/7/2025 1:01:58 PM	7.80	2.50	3.00	2.33	0.00	0.00	0.00	0.31	15.63	73.27	1.81	22.74	4136	2501	1350	70	0	0	0	0	8057	133.65	20.76	6.75	25.47	38.59	29.76	49.35	1.18	24.95	25.93
7/7/2025 1:02:01 PM	7.25	3.18	3.69	1.48	0.00	0.00	0.00	0.36	15.60	74.72	1.84	22.47	3845	3181	1660	44	0	0	0	0	8729	136.28	19.91	7.61	26.65	38.19	28.49	47.56	1.18	24.99	25.97
7/7/2025 1:02:03 PM	7.97	2.59	2.57	1.93	0.00	0.00	0.00	0.40	15.06	74.27	1.86	22.24	4224	2589	1158	58	0	0	0	0	8028	135.46	18.98	6.58	24.79	38.26	28.15	47.30	1.18	25.02	26.03
7/7/2025 1:02:06 PM	7.70	2.44	2.60	2.16	0.00	0.00	0.00	0.27	14.90	74.96	1.89	21.84	4081	2437	1171	65	0	0	0	0	7753	136.73	19.10	8.19	25.03	36.40	27.40	46.50	1.19	25.00	26.02
7/7/2025 1:02:09 PM	7.91	2.11	1.61	2.45	0.00	0.00	0.00	0.28	14.08	74.16	1.92	21.97	4192	2106	725	74	0	0	0	0	7096	135.27	17.77	7.55	23.59	35.02	26.80	44.33	1.19	25.03	26.00
7/7/2025 1:02:12 PM	8.31	2.01	1.33	2.61	0.00	0.00	0.00	0.36	14.26	74.42	1.94	22.02	4405	2005	600	78	0	0	0	0	7088	135.74	17.95	7.70	23.70	36.60	27.10	45.63	1.19	25.05	26.02
7/7/2025 1:02:14 PM	7.34	2.38	2.82	1.97	0.00	0.00	0.00	0.32	14.50	73.95	1.97	21.57	3890	2377	1269	59	0	0	0	0	7595	134.89	18.86	7.96	24.30	36.27	26.44	45.79	1.19	25.05	26.06
7/7/2025 1:02:17 PM	8.14	2.09	1.63	2.68	0.00	0.00	0.00	0.26	14.54	75.17	2.00	21.21	4316	2089	732	80	0	0	0	0	7218	137.11	18.59	7.50	24.12	35.92	27.97	45.92	1.20	25.06	26.05
7/7/2025 1:02:20 PM	9.76	1.89	0.93	2.74	0.00	0.00	0.00	0.09	15.34	75.07	2.04	21.45	5175	1894	420	82	0	0	0	0	7572	136.94	17.69	7.41	24.22	35.66	28.03	47.50	1.20	25.07	26.05
7/7/2025 1:02:23 PM	7.82	2.00	2.25	2.29	0.00	0.00	0.00	0.20	14.35	74.76	2.06	21.57	4144	1999	1012	69	0	0	0	0	7224	136.37	18.36	7.39	23.29	34.78	26.39	45.37	1.20	25.09	26.06
7/7/2025 1:02:25 PM	7.48	2.52	2.64	2.14	0.00	0.00	0.00	0.30	14.78	74.44	2.09	21.55	3966	2525	1188	64	0	0	0	0	7743	135.78	19.24	6.36	24.51	36.43	28.52	46.09	1.20	25.09	26.08
7/7/2025 1:02:28 PM	7.47	2.07	2.23	2.69	0.00	0.00	0.00	0.21	14.47	74.17	2.12	21.29	3960	2072	1005	81	0	0	0	0	7118	135.29	19.48	6.66	23.73	35.10	28.50	45.79	1.21	25.09	26.10
7/7/2025 1:02:31 PM	8.56	1.75	0.66	3.18	0.00	0.00	0.00	0.31	14.15	74.66	2.14	20.21	4538	1745	297	95	0	0	0	0	6676	136.18	18.07	7.79	23.53	36.09	27.95	45.58	1.21	25.11	26.11
7/7/2025 1:02:34 PM	7.49	2.07	1.51	2.54	0.00	0.00	0.00	0.23	13.61	74.15	2.18	19.71	3970	2068	680	76	0	0	0	0	6794	135.24	17.46	7.50	23.17	33.30	26.54	42.55	1.21	25.14	26.18
7/7/2025 1:02:37 PM	7.38	2.17	1.86	2.05	0.00	0.00	0.00	0.19	13.46	74.08	2.21	19.79	3912	2170	835	62	0	0	0	0	6978	135.13	16.73	6.32	22.40	32.19	25.74	41.43	1.22	25.10	26.11
7/7/2025 1:02:39 PM	7.43	1.66	0.82	3.03	0.00	0.00	0.00	0.23	12.94	74.53	2.25	20.00	3939	1664	368	91	0	0	0	0	6062	135.94	17.06	8.02	22.27	32.20	26.01	41.31	1.22	25.10	26.10
7/7/2025 1:02:42 PM	6.26	2.41	2.34	1.74	0.00	0.00	0.00	0.37	12.75	74.81	2.28	19.58	3318	2411	1051	52	0	0	0	0	6833	136.46	16.74	6.67	22.32	32.71	24.82	39.81	1.22	25.10	26.14
7/7/2025 1:02:45 PM	7.07	1.88	1.54	2.65	0.00	0.00	0.00	0.20	13.15	74.10	2.30	19.35	3747	1885	693	80	0	0	0	0	6405	135.16	17.49	6.51	22.09	32.05	26.54	41.44	1.23	25.13	26.16
7/7/2025 1:02:48 PM	8.40	1.85	0.70	4.82	0.00	0.00	0.00	0.21	15.77	74.07	2.33	19.36	4451	1853	314	145	0	0	0	0	6763	135.10	22.74	10.33	27.65	38.55	33.93	50.82	1.23	25.10	26.16
7/7/2025 1:02:50 PM	9.99	2.61	1.31	8.64	0.00	0.00	0.00	0.00	22.55	71.66	2.34	19.29	5294	2612	591	259	0	0	0	0	8756	130.71	36.30	14.75	40.54	50.40	52.93	72.21	1.23	25.11	26.16
7/7/2025 1:02:53 PM	11.70	2.15	0.00	12.83	0.00	0.00	0.00	0.00	26.68	71.42	2.38	19.05	6199	2150	0	385	0	0	0	0	8734	130.28	45.84	22.01	49.27	60.36	65.86	89.08	1.23	25.10	26.18
7/7/2025 1:02:56 PM	12.33	2.36	0.00	13.59	0.00	0.00	0.00	0.00	28.28	70.43	2.41	19.06	6533	2360	0	408	0	0	0	0	9301	128.47	48.87	22.40	52.48	63.50	69.86	94.38	1.24	25.10	26.19
7/7/2025 1:02:58 PM	12.67	2.98	0.18	18.43	0.00	0.00	0.00	0.00	34.26	69.97	2.45	19.00	6715	2980	83	553	0	0	0	0	10330	127.64	63.62	29.78	66.99	74.88	89.60	116.52	1.24	25.12	26.21
7/7/2025 1:03:01 PM	12.35	2.83	0.33	17.06	0.00	0.00	0.00	0.00	32.57	70.12	2.48	18.70	6545	2833	149	512	0	0	0	0	10039	127.90	59.70	27.97	63.13	71.40	83.99	110.50	1.24	25.10	26.21
7/7/2025 1:03:04 PM	12.89	3.07	0.00	16.42	0.00	0.00	0.00	0.00	32.38	70.93	2.52	18.11	6832	3071	0	493	0	0	0	0	10395	129.38	57.53	26.94	62.40	70.69	82.88	108.43	1.25	25.08	26.16
7/7/2025 1:03:06 PM	12.56	2.65	0.00	16.33	0.00	0.00	0.00	0.00	31.54	70.25	2.57	18.12	6657	2653	0	490	0	0	0	0	9801	128.13	56.46	26.71	60.35	68.89	81.08	107.25	1.25	25.06	26.24
7/7/2025 1:03:09 PM	11.74	3.26	1.15	14.38	0.00	0.00	0.00	0.00	30.52	70.28	2.60	17.86	6220	3255	515	431	0	0	0	0	10422	128.19	53.57	23.76	58.36	65.78	76.65	101.56	1.25	25.05	26.18
7/7/2025 1:03:12 PM	11.37	4.09	1.62	14.14	0.00	0.00	0.00	0.00	31.21	70.22	2.63	17.35	6024	4094	728	424	0	0	0	0	11269	128.09	53.81	24.69	61.57	64.59	78.38	102.63	1.26	25.08	26.22
7/7/2025 1:03:15 PM	12.31	4.50	1.62	18.77	0.00	0.00	0.00	0.00	37.20	68.24	2.68	17.61	6523	4499	727	563	0	0	0	0	12313	124.47	67.84	30.92	74.87	76.41	97.45	125.10	1.26	25.05	26.22
7/7/2025 1:03:17 PM	13.88	8.08	4.39	30.07	0.00	0.00	0.00	0.00	56.42	65.87	2.70	17.78	7356	8080	1973	902	0	0	0	0	18312	120.15	109.16	51.86	119.73	112.61	153.05	189.22	1.26	25.03	26.21
7/7/2025 1:03:20 PM	12.83	6.13	4.15	29.68	0.00	0.00	0.00	0.00	52.79	67.06	2.73	17.34	6799	6131	1867	890	0	0	0	0	15687	122.32	106.20	48.06	109.52	109.10	145.04	181.30	1.27	25.04	26.21
7/7/2025 1:03:23 PM	12.77	5.27	2.84	24.38	0.00	0.00	0.00	0.00	45.27	67.56	2.76	16.98	6770	5273	1278	731	0	0	0	0	14053	123.23	87.54	40.58	92.70	94.04	121.29	153.89	1.27	25.01	26.18
7/7/2025 1:03:26 PM	13.86	5.05	1.51	22.37	0.00	0.00	0.00	0.00	42.79	67.42	2.79	17.16	7345	5048	677	671	0	0	0	0	13741	122.98	79.32	37.56	86.84	88.78	112.75	143.93	1.27	25.02	26.24
7/7/2025 1:03:28 PM	13.94	4.71	1.32	20.01	0.00	0.00	0.00	0.00	39.98	66.85	2.83	17.41	7388	4713	594	600	0	0	0	0	13295	121.94	71.95	33.30	79.65	83.07	103.39	133.84	1.28	24.97	26.21
7/7/2025 1:03:31 PM	13.20	4.51	2.11	20.12	0.00	0.00	0.00	0.00	39.94	67.16	2.85	17.41	6998	4513	950	603	0	0	0	0	13065	122.51	73.44	34.06	79.44	83.63	103.00	134.79	1.28	24.94	26.26
7/7/2025 1:03:34 PM	12.92	5.65	4.00	15.63	0.00	0.00	0.00	0.00	38.20	65.04	2.90	17.35	6845	5650	1801	469	0	0	0	0	14765	118.64	64.85	28.48	74.54	77.22	92.74	124.76	1.28	24.94	26.21
7/7/2025 1:03:36 PM	13.33	5.13	2.81	17.19	0.00	0.00	0.00	0.00	38.46	65.29	2.93	17.06	7063	5129	1265	516	0	0	0	0	13972	119.10	66.59	29.89	75.68	77.84	95.75	127.74	1.29	24.93	26.22
7/7/2025 1:03:39 PM	13.55	5.16	3.44	16.30	0.00	0.00	0.00	0.00	38.45	64.85	2.99	16.55	7182	5164	1547	489	0	0	0	0	14382	118.30	65.65	28.78	74.26	78.59	93.56	127.01	1.29	24.92	26.26
7/7/2025 1:03:42 PM	15.43	4.90	3.16	10.40	0.00	0.00	0.00	0.00	33.89	63.54	3.04	15.90	8176	4903	1422	312	0	0	0	0	14814	115.90	48.89	21.33	60.80	69.48	72.32	108.09	1.30	24.86	26.21
7/7/2025 1:03:45 PM	14.58	5.16	3.90	9.64	0.00	0.00	0.00	0.00	33.29	63.90	3.08	16.46	7729	5164	1755	289	0	0	0	0	14937	116.57	48.10	20.26	59.72	68.21	70.74	105.06	1.30	24.85	26.19
7/7/2025 1:03:47 PM	14.83	5.10	4.03	8.05	0.00	0.00	0.00	0.00	32.01	63.71	3.10	16.55	7862	5096	1813	242	0	0	0	0	15011	116.21	43.93	19.12	56.26	66.10	64.58	99.64	1.30	24.84	26.19
7/7/2025 1:03:50 PM	15.79	4.91	3.23	7.73	0.00	0.00	0.00	0.00	31.65	63.96	3.13	16.21	8367	4913	1451	232	0	0	0	0	14963	116.68	41.74	17.94	54.68	65.64	63.02	98.11	1.31	24.82	26.19
7/7/2025 1:03:53 PM	15.73	4.75	2.60	8.60	0.00	0.00	0.00	0.00	31.68	64.27	3.17	15.88	8337	4755	1168	258	0	0	0	0	14518	117.23	42.77	18.60	55.46	65.73	65.05	98.84	1.31	24.82	26.24
7/7/2025 1:03:56 PM	15.72	4.25	2.97	6.25	0.00	0.00	0.00	0.00	29.19	64.61	3.21	15.61	8332	4248	1337	187	0	0	0	0	14105	117.86	36.75	15.35	48.11	62.46	55.20	89.77	1.31	24.75	26.19
7/7/2025 1:03:59 PM	15.26	3.95	3.27	5.96	0.00	0.00	0.00	0.00	28.43	64.86	3.25	15.67	8086	3946	1472	179	0	0	0	0	13683	118.31	36.19	14.57	46.06	61.54	53.21	87.98	1.32	24.74	26.24
7/7/2025 1:04:01 PM	16.00	4.40	2.81	6.79	0.00	0.00	0.00	0.00	30.00	64.84	3.30	16.08	8482	4396	1264	204	0	0	0	0	14346	118.28	38.27	16.20	49.99	64.18	57.71	92.18	1.32	24.71	26.19
7/7/2025 1:04:04 PM	15.59	4.64	3.22	7.11	0.00	0.00	0.00	0.00	30.55	64.75	3.33	16.35	8262	4639	1448	213	0	0	0	0	14562	118.12	39.86	16.99	51.83	64.56	59.67	94.17	1.33	24.70	26.18
7/7/2025 1:04:07 PM	15.73	4.20	2.92	6.18	0.00	0.00	0.00	0.00	29.03	65.25	3.38	16.38	8339	4202	1314	185	0	0	0	0	14041	119.02	36.41	15.01	47.69	62.09	54.86	89.38	1.33	24.66	26.18
7/7/2025 1:04:10 PM	15.77	3.77	2.36	4.53	0.00	0.00	0.00	0.09	26.44	66.07	3.43	16.35	8359	3774	1062	136	0	0	0	0	13331	120.51	30.63	12.80	41.65	59.25	46.80	80.27	1.34	24.64	26.14
7/7/2025 1:04:12 PM	14.38	3.59	2.16	3.77	0.00	0.00	0.00	0.27	23.90	66.52	3.46	16.42	7624	3592	970	113	0	0	0	0	12299	121.34	27.43	11.24	37.88	55.96	42.32	73.17	1.34	24.61	26.13
7/7/2025 1:04:15 PM	14.07	3.68	2.53	3.37	0.00	0.00	0.00	0.31	23.64	67.51	3.48	16.65	7458	3677	1136	101	0	0	0	0	12373	123.15	27.03	10.78	37.34	55.83	41.36	72.42	1.34	24.58	26.16
7/7/2025 1:04:18 PM	14.92	3.95	2.60	3.74	0.00	0.00	0.00	0.23	25.21	67.06	3.51	16.78	7907	3949	1170	112	0	0	0	0	13138	122.33	28.77	11.75	39.99	58.08	44.23	76.46	1.34	24.54	26.13
7/7/2025 1:04:20 PM	15.71	3.78	2.07	5.28	0.00	0.00	0.00	0.08	26.83	66.30	3.55	16.87	8324	3780	929	158	0	0	0	0	13192	120.94	32.14	13.51	42.98	60.06	49.25	81.66	1.35	24.54	26.14
7/7/2025 1:04:23 PM	13.91	3.39	2.23	4.01	0.00	0.00	0.00	0.25	23.54	66.97	3.58	15.26	7374	3392	1003	120	0	0	0	0	11889	122.17	27.87	11.15	37.29	55.13	42.34	72.62	1.35	24.49	26.08
7/7/2025 1:04:26 PM	12.50	3.38	1.79	3.05	0.00	0.00	0.00	0.50	20.71	68.83	3.61	14.41	6623	3377	807	91	0	0	0	0	10899	125.55	23.84	9.75	33.60	51.92	37.32	64.33	1.35	24.44	26.06
7/7/2025 1:04:29 PM	11.87	3.40	1.87	2.76	0.00	0.00	0.00	0.48	19.90	69.10	3.65	14.21	6292	3399	839	83	0	0	0	0	10613	126.05	22.77	9.31	32.56	49.55	35.93	61.29	1.36	24.43	26.03
7/7/2025 1:04:31 PM	12.35	3.29	1.65	3.02	0.00	0.00	0.00	0.47	20.31	69.10	3.69	14.19	6547	3290	741	91	0	0	0	0	10668	126.05	23.22	9.44	32.89	50.55	36.70	62.87	1.36	24.40	26.06
7/7/2025 1:04:34 PM	12.53	3.35	1.80	3.43	0.00	0.00	0.00	0.45	21.11	68.76	3.73	13.94	6641	3347	811	103	0	0	0	0	10902	125.42	24.87	10.38	34.44	52.15	38.54	65.56	1.37	24.40	26.06
7/7/2025 1:04:37 PM	10.18	3.01	1.92	2.65	0.00	0.00	0.00	0.38	17.77	69.89	3.74	13.22	5395	3013	864	80	0	0	0	0	9352	127.48	21.14	8.61	29.47	43.71	32.90	54.71	1.37	24.32	25.98
7/7/2025 1:04:40 PM	9.88	2.90	1.49	2.83	0.00	0.00	0.00	0.42	17.08	69.88	3.78	13.16	5234	2896	669	85	0	0	0	0	8884	127.47	20.57	8.57	28.80	42.87	32.50	52.92	1.37	24.30	26.05
7/7/2025 1:04:42 PM	10.18	3.08	1.68	2.82	0.00	0.00	0.00	0.34	17.75	69.67	3.79	13.56	5393	3084	755	84	0	0	0	0	9317	127.08	21.07	8.85	29.88	43.11	33.43	54.15	1.37	24.26	26.03
7/7/2025 1:04:45 PM	9.49	3.08	2.02	2.77	0.00	0.00	0.00	0.20	17.36	69.38	3.82	13.40	5030	3085	910	83	0	0	0	0	9107	126.55	20.97	8.79	29.46	40.20	32.95	52.06	1.37	24.23	26.02
7/7/2025 1:04:48 PM	10.76	3.11	1.76	2.85	0.00	0.00	0.00	0.23	18.48	69.29	3.83	13.21	5704	3107	793	86	0	0	0	0	9689	126.39	21.45	8.93	30.55	43.22	34.14	55.75	1.38	24.20	26.00
7/7/2025 1:04:51 PM	10.81	3.10	1.66	2.97	0.00	0.00	0.00	0.33	18.55	69.26	3.86	13.31	5732	3105	745	89	0	0	0	0	9671	126.33	21.85	9.05	30.80	44.84	34.60	56.71	1.38	24.15	25.97
7/7/2025 1:04:53 PM	10.37	3.27	1.97	2.51	0.00	0.00	0.00	0.36	18.12	69.10	3.90	13.01	5497	3274	885	75	0	0	0	0	9731	126.04	21.07	8.89	30.38	43.99	33.32	54.97	1.38	24.10	25.92
7/7/2025 1:04:56 PM	11.01	3.33	2.09	2.40	0.00	0.00	0.00	0.40	18.83	69.05	3.94	12.89	5837	3326	940	72	0	0	0	0	10175	125.96	21.50	8.50	30.84	46.04	33.98	57.40	1.39	24.07	25.90
7/7/2025 1:04:58 PM	9.88	3.08	2.10	2.30	0.00	0.00	0.00	0.13	17.36	68.73	3.99	13.08	5236	3076	946	69	0	0	0	0	9327	125.36	19.85	7.93	28.64	39.18	31.75	51.39	1.39	24.05	25.89
7/7/2025 1:05:01 PM	9.04	3.00	2.05	2.41	0.00	0.00	0.00	0.00	16.50	68.50	4.04	13.03	4791	3001	923	72	0	0	0	0	8788	124.94	19.21	8.08	27.92	35.36	30.95	48.05	1.40	24.03	25.92
7/7/2025 1:05:04 PM	6.30	2.79	2.17	1.79	0.00	0.00	0.00	0.00	13.05	67.13	4.08	13.00	3339	2793	975	54	0	0	0	0	7161	122.45	15.75	6.55	23.70	26.55	26.02	37.69	1.40	23.94	25.89
7/7/2025 1:05:07 PM	6.08	2.72	1.89	2.06	0.00	0.00	0.00	0.00	12.75	67.42	4.12	13.11	3224	2724	848	62	0	0	0	0	6858	122.99	15.53	6.78	23.89	24.94	26.26	37.57	1.40	23.90	25.89
7/7/2025 1:05:10 PM	6.79	2.79	1.84	2.15	0.00	0.00	0.00	0.00	13.56	67.69	4.15	13.12	3598	2789	827	64	0	0	0	0	7278	123.48	16.27	7.14	24.77	27.37	27.26	39.64	1.41	23.88	25.89
7/7/2025 1:05:12 PM	6.91	2.60	1.63	2.24	0.00	0.00	0.00	0.00	13.37	67.23	4.19	13.28	3660	2595	735	67	0	0	0	0	7057	122.64	16.08	6.96	24.12	27.33	26.92	39.43	1.41	23.84	25.84
7/7/2025 1:05:15 PM	6.31	2.59	1.77	2.14	0.00	0.00	0.00	0.00	12.81	67.30	4.21	12.80	3347	2591	796	64	0	0	0	0	6798	122.76	15.71	6.55	23.46	25.87	26.32	37.74	1.41	23.81	25.82
7/7/2025 1:05:18 PM	6.40	2.70	1.70	2.04	0.00	0.00	0.00	0.00	12.85	67.52	4.25	12.20	3394	2702	767	61	0	0	0	0	6924	123.17	15.40	6.72	23.72	25.79	26.21	37.40	1.42	23.78	25.79
7/7/2025 1:05:21 PM	5.71	2.43	1.42	1.92	0.00	0.00	0.00	0.00	11.48	67.40	4.28	12.37	3028	2433	638	58	0	0	0	0	6157	122.95	13.99	6.20	21.49	23.49	24.05	33.06	1.42	23.73	25.79
7/7/2025 1:05:23 PM	3.45	1.94	1.13	1.11	0.00	0.00	0.00	0.00	7.63	67.87	4.32	12.70	1827	1945	507	33	0	0	0	0	4312	123.81	9.46	4.22	15.55	15.33	17.48	20.99	1.42	23.69	25.76
7/7/2025 1:05:26 PM	3.47	2.25	1.33	0.93	0.00	0.00	0.00	0.00	7.98	68.27	4.36	12.60	1841	2247	599	28	0	0	0	0	4715	124.53	9.58	4.53	16.54	15.73	17.93	21.28	1.43	23.64	25.74
7/7/2025 1:05:29 PM	3.36	1.92	1.04	1.12	0.00	0.00	0.00	0.00	7.43	68.21	4.38	12.44	1779	1916	469	34	0	0	0	0	4196	124.41	9.20	4.15	15.34	14.75	17.27	20.47	1.43	23.60	25.69
7/7/2025 1:05:32 PM	3.12	2.04	1.21	0.95	0.00	0.00	0.00	0.00	7.32	68.36	4.42	12.30	1656	2045	542	28	0	0	0	0	4271	124.70	9.04	4.18	15.38	14.47	16.98	19.63	1.43	23.56	25.73
7/7/2025 1:05:35 PM	2.81	1.79	0.99	0.76	0.00	0.00	0.00	0.00	6.35	68.96	4.46	12.28	1487	1793	446	23	0	0	0	0	3749	125.79	7.74	3.55	13.45	12.82	15.03	16.70	1.44	23.52	25.61
7/7/2025 1:05:37 PM	2.58	1.83	1.07	0.53	0.00	0.00	0.00	0.00	6.01	69.52	4.49	12.15	1370	1826	479	16	0	0	0	0	3691	126.81	7.16	3.37	12.94	12.09	14.17	15.32	1.44	23.46	25.60
7/7/2025 1:05:40 PM	2.55	1.82	1.01	0.52	0.00	0.00	0.00	0.00	5.90	69.41	4.54	12.07	1351	1818	455	16	0	0	0	0	3640	126.61	6.97	3.16	12.76	11.76	14.10	14.99	1.44	23.41	25.60
7/7/2025 1:05:43 PM	2.60	1.61	0.64	0.62	0.00	0.00	0.00	0.00	5.48	69.78	4.57	11.95	1381	1605	290	19	0	0	0	0	3295	127.29	6.42	3.10	11.92	11.23	13.42	13.93	1.45	23.40	25.60
7/7/2025 1:05:46 PM	2.39	1.46	0.55	0.57	0.00	0.00	0.00	0.02	4.96	70.10	4.60	11.99	1265	1461	247	17	0	0	0	0	2989	127.86	5.87	2.86	10.99	10.52	12.47	12.67	1.45	23.32	25.58
7/7/2025 1:05:48 PM	2.24	1.63	0.75	0.38	0.00	0.00	0.00	0.03	5.00	70.44	4.66	11.71	1188	1631	337	11	0	0	0	0	3168	128.50	5.80	2.90	11.28	10.51	12.39	12.40	1.46	23.30	25.60
7/7/2025 1:05:51 PM	2.15	1.77	0.88	0.26	0.00	0.00	0.00	0.04	5.06	70.40	4.70	11.70	1141	1767	395	8	0	0	0	0	3312	128.41	5.79	2.95	11.58	10.60	12.43	12.28	1.46	23.27	25.55
7/7/2025 1:05:54 PM	2.12	1.79	1.05	0.10	0.00	0.00	0.00	0.02	5.07	70.57	4.73	11.67	1125	1792	473	3	0	0	0	0	3394	128.72	5.65	2.73	11.41	10.25	12.13	12.11	1.46	23.22	25.53
7/7/2025 1:05:56 PM	2.05	1.40	0.48	0.41	0.00	0.00	0.00	0.05	4.34	70.73	4.78	11.50	1084	1398	217	12	0	0	0	0	2712	129.02	5.10	2.56	10.07	9.50	11.37	10.87	1.47	23.18	25.44
7/7/2025 1:05:59 PM	1.77	1.60	0.82	0.10	0.00	0.00	0.00	0.06	4.29	70.83	4.82	11.46	938	1601	369	3	0	0	0	0	2911	129.20	4.92	2.36	10.18	9.22	11.06	10.24	1.47	23.12	25.47
7/7/2025 1:06:02 PM	1.77	1.42	0.54	0.22	0.00	0.00	0.00	0.06	3.95	70.75	4.86	11.38	939	1415	244	7	0	0	0	0	2605	129.04	4.56	2.31	9.53	8.76	10.60	9.59	1.48	23.08	25.44
7/7/2025 1:06:05 PM	1.86	1.48	0.49	0.23	0.00	0.00	0.00	0.06	4.07	70.90	4.87	11.46	987	1477	222	7	0	0	0	0	2693	129.33	4.57	2.49	9.85	8.92	10.80	9.74	1.48	23.03	25.45
7/7/2025 1:06:07 PM	1.67	1.43	0.48	0.25	0.00	0.00	0.00	0.08	3.83	70.88	4.91	11.69	885	1429	214	8	0	0	0	0	2536	129.28	4.49	2.34	9.51	8.66	10.60	9.21	1.48	22.97	25.39
7/7/2025 1:06:10 PM	1.53	1.46	0.63	0.08	0.00	0.00	0.00	0.08	3.70	71.14	4.97	11.76	813	1457	281	2	0	0	0	0	2554	129.77	4.27	2.04	9.20	8.35	10.19	8.74	1.49	22.94	25.40
7/7/2025 1:06:13 PM	1.31	1.31	0.49	0.07	0.00	0.00	0.00	0.11	3.19	71.33	5.02	11.40	695	1314	219	2	0	0	0	0	2230	130.11	3.78	1.95	8.40	7.77	9.34	7.60	1.49	22.89	25.37
7/7/2025 1:06:16 PM	1.36	1.43	0.53	0.00	0.00	0.00	0.00	0.12	3.32	71.50	5.06	11.17	721	1434	237	0	0	0	0	0	2392	130.43	3.78	2.00	8.77	8.01	9.52	7.72	1.50	22.84	25.32
7/7/2025 1:06:18 PM	1.45	1.36	0.46	0.02	0.00	0.00	0.00	0.10	3.29	71.38	5.12	11.18	767	1361	208	1	0	0	0	0	2337	130.19	3.67	1.98	8.56	7.85	9.36	7.72	1.50	22.81	25.29
7/7/2025 1:06:21 PM	1.43	1.31	0.41	0.07	0.00	0.00	0.00	0.10	3.23	71.43	5.17	11.42	759	1314	187	2	0	0	0	0	2262	130.30	3.67	1.92	8.42	7.75	9.36	7.64	1.51	22.78	25.28
7/7/2025 1:06:24 PM	1.50	1.46	0.55	0.02	0.00	0.00	0.00	0.09	3.52	71.44	5.20	11.61	793	1456	246	1	0	0	0	0	2495	130.32	3.91	2.04	9.00	8.05	9.81	8.14	1.51	22.75	25.28
7/7/2025 1:06:27 PM	1.50	1.33	0.42	0.07	0.00	0.00	0.00	0.10	3.32	71.44	5.24	11.55	794	1328	189	2	0	0	0	0	2313	130.32	3.73	1.95	8.54	7.88	9.47	7.87	1.51	22.67	25.20
7/7/2025 1:06:29 PM	1.48	1.39	0.39	0.03	0.00	0.00	0.00	0.10	3.29	71.44	5.27	11.40	784	1391	176	1	0	0	0	0	2352	130.31	3.58	1.94	8.63	7.79	9.47	7.57	1.52	22.63	25.20
7/7/2025 1:06:32 PM	1.51	1.36	0.44	0.06	0.00	0.00	0.00	0.09	3.38	71.56	5.32	11.00	803	1362	198	2	0	0	0	0	2365	130.53	3.75	1.91	8.64	7.86	9.59	7.90	1.52	22.61	25.16
7/7/2025 1:06:35 PM	2.15	4.92	1.75	0.66	0.00	0.00	0.00	0.00	9.47	35.70	5.37	10.95	1137	4916	787	20	0	0	0	0	6860	65.14	9.73	4.30	25.52	10.26	26.03	21.68	1.53	22.57	25.16
7/7/2025 1:06:37 PM	0.97	11.70	6.64	2.03	0.00	0.00	0.00	0.00	21.34	15.51	5.39	11.00	512	11698	2989	61	0	0	0	0	15260	28.33	26.18	12.83	59.21	19.81	57.13	50.62	1.53	22.52	25.13
7/7/2025 1:06:40 PM	1.92	6.93	3.67	2.34	0.00	0.00	0.00	0.00	14.86	33.81	5.40	11.16	1016	6934	1653	70	0	0	0	0	9673	61.69	19.11	7.17	38.91	15.83	41.24	38.71	1.53	22.47	25.12
7/7/2025 1:06:43 PM	1.80	5.02	3.67	0.21	0.00	0.00	0.00	0.00	10.71	52.12	5.40	11.43	952	5024	1654	6	0	0	0	0	7636	95.07	12.73	5.39	26.31	14.85	25.89	25.40	1.53	22.41	25.03
7/7/2025 1:06:46 PM	2.90	2.34	1.44	1.25	0.00	0.00	0.00	0.00	7.93	46.82	5.39	11.64	1539	2338	649	38	0	0	0	0	4563	85.42	10.24	3.82	17.19	14.04	19.64	22.12	1.53	22.37	24.99
7/7/2025 1:06:48 PM	1.91	2.87	1.87	0.00	0.00	0.00	0.00	0.00	6.65	44.47	5.35	11.84	1014	2868	841	0	0	0	0	0	4723	81.13	7.37	3.24	16.25	10.62	15.80	15.57	1.52	22.32	24.95
7/7/2025 1:06:51 PM	3.07	3.00	1.70	0.00	0.00	0.00	0.00	0.00	7.77	56.24	5.35	11.82	1626	2998	766	0	0	0	0	0	5390	102.59	7.62	3.38	17.60	12.53	17.06	19.10	1.52	22.29	24.95
7/7/2025 1:06:54 PM	2.23	2.81	0.92	0.00	0.00	0.00	0.00	0.00	5.96	60.31	5.35	11.39	1182	2809	415	0	0	0	0	0	4406	110.02	5.83	2.85	16.33	9.97	13.68	12.08	1.52	22.24	24.92
7/7/2025 1:06:57 PM	2.46	2.36	0.83	0.00	0.00	0.00	0.00	0.00	5.65	62.66	5.35	11.19	1302	2360	373	0	0	0	0	0	4035	114.29	5.35	2.77	13.53	10.08	13.57	12.23	1.52	22.17	24.89
7/7/2025 1:07:00 PM	2.28	2.91	1.26	0.00	0.00	0.00	0.00	0.00	6.45	52.57	5.35	11.45	1208	2906	569	0	0	0	0	0	4682	95.91	6.47	3.17	16.64	10.51	14.91	13.99	1.52	22.12	24.87
7/7/2025 1:07:02 PM	2.45	3.47	1.50	0.00	0.00	0.00	0.00	0.00	7.43	63.32	5.35	11.59	1298	3473	677	0	0	0	0	0	5447	115.50	7.39	3.88	19.67	11.54	16.61	15.97	1.52	22.08	24.84
7/7/2025 1:07:05 PM	2.47	3.20	1.48	0.00	0.00	0.00	0.00	0.00	7.16	61.84	5.36	11.61	1310	3204	666	0	0	0	0	0	5180	112.81	7.17	3.75	17.86	11.62	16.52	15.68	1.52	22.07	24.86
7/7/2025 1:07:08 PM	2.54	1.62	0.11	0.95	0.00	0.00	0.00	0.00	5.22	68.29	5.36	11.64	1347	1622	49	28	0	0	0	0	3047	124.56	6.20	2.67	11.99	10.32	14.45	12.99	1.52	21.99	24.83
7/7/2025 1:07:10 PM	2.28	1.58	0.05	0.65	0.00	0.00	0.00	0.01	4.57	69.03	5.36	11.73	1211	1580	23	19	0	0	0	0	2833	125.92	5.09	2.52	10.93	9.28	12.79	10.67	1.53	21.96	24.79
7/7/2025 1:07:13 PM	2.06	1.90	0.74	0.13	0.00	0.00	0.00	0.04	4.83	69.24	5.36	11.79	1091	1899	332	4	0	0	0	0	3326	126.30	5.15	2.64	11.49	9.80	12.28	10.94	1.53	21.93	24.76
7/7/2025 1:07:16 PM	2.29	2.17	0.74	0.00	0.00	0.00	0.00	0.01	5.20	69.16	5.37	11.86	1213	2170	333	0	0	0	0	0	3716	126.16	5.01	2.98	12.66	9.79	12.51	11.04	1.53	21.89	24.76
7/7/2025 1:07:18 PM	2.43	2.48	0.99	0.00	0.00	0.00	0.00	0.00	5.90	69.65	5.37	11.95	1288	2483	444	0	0	0	0	0	4215	127.05	5.75	2.85	14.08	10.47	14.16	12.84	1.53	21.85	24.75
7/7/2025 1:07:22 PM	2.41	1.83	0.31	0.49	0.00	0.00	0.00	0.01	5.04	68.86	5.37	11.98	1276	1828	140	15	0	0	0	0	3258	125.60	5.40	2.67	11.84	10.00	13.35	11.55	1.53	21.82	24.68
7/7/2025 1:07:24 PM	2.41	2.31	0.95	0.00	0.00	0.00	0.00	0.00	5.68	69.03	5.38	11.99	1279	2312	429	0	0	0	0	0	4020	125.91	5.64	2.78	13.40	10.58	13.45	12.35	1.53	21.76	24.71
