Date/Time	Green Algae	Bluegreen	Diatoms	Cryptophyta	#5	#6	#7	Yellow substances	Total conc.	Transmission	Depth	Temp. Sample	Green Algae	Bluegreen	Diatoms	Cryptophyta	#5	#6	#7	Yellow substances	Total cell count	Trans. 700 nm	LED 3 [525 nm]	LED 4 [570 nm]	LED 5 [610 nm]	LED 6 [370 nm]	LED 7 [590 nm]	LED 8 [470 nm]	Pressure	Temp. LEDs	Temp. Sensor
date	µg/l	µg/l	µg/l	µg/l	µg/l	µg/l	µg/l	r.u.	µg/l	%	m	°C	cells/ml	cells/ml	cells/ml	cells/ml	cells/ml	cells/ml	cells/ml	r.u.	cells/ml	digits	digits	digits	digits	digits	digits	digits	bar	°C	°C
6/11/2025 12:07:49 PM	1.17	0.84	0.56	0.00	0.00	0.00	0.00	0.16	2.58	80.53	0.00	25.69	620	844	254	0	0	0	0	0	1717	146.88	3.42	2.76	7.47	7.82	6.23	7.39	1.00	23.79	24.07
6/11/2025 12:07:52 PM	0.34	0.91	1.32	0.00	0.00	0.00	0.00	0.16	2.57	80.51	0.12	25.71	178	911	595	0	0	0	0	0	1685	146.84	4.60	2.69	7.18	7.73	7.19	7.70	1.01	23.86	24.09
6/11/2025 12:07:55 PM	1.11	0.79	0.00	0.01	0.00	0.00	0.00	0.37	1.91	79.87	0.21	25.68	586	795	0	0	0	0	0	0	1381	145.69	2.64	0.37	5.42	9.07	7.54	6.41	1.02	23.88	24.10
6/11/2025 12:07:58 PM	0.42	0.57	0.12	0.60	0.00	0.00	0.00	0.34	1.72	80.23	0.35	25.55	225	567	55	18	0	0	0	0	866	146.34	4.06	1.80	5.86	8.64	7.92	6.67	1.03	23.93	24.09
6/11/2025 12:08:00 PM	0.17	0.69	0.24	0.62	0.00	0.00	0.00	0.41	1.72	80.42	0.43	25.34	88	693	110	18	0	0	0	0	909	146.68	4.54	0.71	5.84	9.41	9.02	6.86	1.04	23.96	24.12
6/11/2025 12:08:03 PM	0.00	0.52	0.35	0.53	0.00	0.00	0.00	0.43	1.39	80.64	0.44	25.22	0	518	156	16	0	0	0	0	690	147.09	4.80	1.78	5.57	9.34	7.14	6.22	1.04	23.98	24.22
6/11/2025 12:08:06 PM	0.00	0.66	1.57	0.00	0.00	0.00	0.00	0.13	2.24	80.61	0.48	25.17	0	663	708	0	0	0	0	0	1371	147.02	5.06	0.99	5.92	7.02	6.88	7.22	1.05	24.05	24.14
6/11/2025 12:08:09 PM	0.56	1.19	0.92	0.00	0.00	0.00	0.00	0.36	2.68	80.32	0.46	25.21	296	1194	415	0	0	0	0	0	1906	146.50	4.58	1.47	7.67	10.25	8.74	8.29	1.05	24.09	24.20
6/11/2025 12:08:12 PM	0.73	0.65	0.00	0.72	0.00	0.00	0.00	0.22	2.10	80.74	0.50	25.26	385	652	0	22	0	0	0	0	1059	147.27	4.07	1.97	6.47	7.68	8.76	6.79	1.05	24.09	24.15
6/11/2025 12:08:14 PM	0.58	0.54	0.53	0.33	0.00	0.00	0.00	0.25	1.98	80.66	0.54	25.19	308	542	237	10	0	0	0	0	1096	147.11	3.99	1.53	5.60	7.99	7.31	7.07	1.05	24.13	24.22
6/11/2025 12:08:17 PM	0.01	0.78	1.29	0.00	0.00	0.00	0.00	0.34	2.09	80.68	0.65	25.10	8	783	580	0	0	0	0	0	1370	147.15	4.73	1.45	6.16	9.23	7.13	7.70	1.06	24.15	24.26
6/11/2025 12:08:20 PM	0.75	0.42	0.63	0.24	0.00	0.00	0.00	0.32	2.05	80.60	0.76	25.09	396	425	285	7	0	0	0	0	1113	147.02	4.13	1.67	5.35	9.39	6.76	8.22	1.07	24.22	24.31
6/11/2025 12:08:23 PM	0.57	0.45	0.76	0.34	0.00	0.00	0.00	0.26	2.12	79.89	0.92	25.04	301	452	342	10	0	0	0	0	1106	145.72	4.52	0.94	5.30	8.63	7.64	8.06	1.09	24.23	24.30
6/11/2025 12:08:25 PM	0.61	0.54	0.00	0.89	0.00	0.00	0.00	0.29	2.04	80.21	0.99	24.86	322	544	0	27	0	0	0	0	893	146.30	4.47	2.35	6.37	8.73	8.93	7.50	1.10	24.26	24.31
6/11/2025 12:08:28 PM	0.55	0.34	0.40	0.63	0.00	0.00	0.00	0.33	1.92	80.16	1.05	24.75	294	336	179	19	0	0	0	0	828	146.21	4.55	3.02	5.89	9.33	6.95	8.16	1.10	24.29	24.28
6/11/2025 12:08:31 PM	1.77	0.54	0.45	0.09	0.00	0.00	0.00	0.17	2.85	80.35	1.14	24.75	937	545	203	3	0	0	0	0	1688	146.56	3.66	0.68	5.74	8.94	7.64	9.22	1.11	24.34	24.33
6/11/2025 12:08:33 PM	1.30	0.56	0.51	0.11	0.00	0.00	0.00	0.12	2.47	80.22	1.20	24.69	687	558	228	3	0	0	0	0	1476	146.32	3.45	1.25	5.68	7.37	7.10	7.65	1.12	24.39	24.41
6/11/2025 12:08:37 PM	1.00	0.39	0.53	0.31	0.00	0.00	0.00	0.21	2.23	80.27	1.27	24.69	530	389	238	9	0	0	0	0	1166	146.41	3.99	1.55	5.39	8.34	7.00	8.11	1.12	24.38	24.39
6/11/2025 12:08:39 PM	0.21	0.57	1.29	0.07	0.00	0.00	0.00	0.27	2.14	80.29	1.30	24.82	113	567	581	2	0	0	0	0	1263	146.44	4.79	0.86	5.32	8.82	7.28	8.15	1.13	24.44	24.42
6/11/2025 12:08:42 PM	1.48	0.72	0.22	0.24	0.00	0.00	0.00	0.18	2.66	80.22	1.34	24.79	784	719	99	7	0	0	0	0	1609	146.31	3.56	1.51	6.48	8.40	7.98	8.07	1.13	24.45	24.44
6/11/2025 12:08:45 PM	1.35	0.49	0.00	0.40	0.00	0.00	0.00	0.26	2.24	80.13	1.37	24.68	717	492	0	12	0	0	0	0	1220	146.16	3.40	1.85	5.79	8.80	7.41	7.84	1.13	24.49	24.46
6/11/2025 12:08:47 PM	0.66	0.43	0.17	0.75	0.00	0.00	0.00	0.29	2.01	80.32	1.41	24.57	351	430	78	22	0	0	0	0	880	146.50	4.51	2.26	6.04	8.88	8.01	7.82	1.14	24.50	24.42
6/11/2025 12:08:50 PM	1.30	0.69	0.20	0.32	0.00	0.00	0.00	0.25	2.51	80.07	1.49	24.59	690	691	91	10	0	0	0	0	1481	146.05	3.80	1.39	6.35	9.11	8.16	8.21	1.15	24.55	24.50
6/11/2025 12:08:53 PM	1.04	0.13	0.00	0.90	0.00	0.00	0.00	0.24	2.07	80.06	1.54	24.55	553	128	0	27	0	0	0	0	709	146.02	4.40	2.47	5.45	8.71	7.61	8.51	1.15	24.58	24.49
6/11/2025 12:08:56 PM	1.02	0.35	0.18	0.65	0.00	0.00	0.00	0.21	2.21	80.24	1.57	24.55	541	355	83	19	0	0	0	0	999	146.36	4.21	2.29	5.89	8.37	7.55	8.11	1.15	24.60	24.49
6/11/2025 12:08:58 PM	1.44	0.22	0.00	0.76	0.00	0.00	0.00	0.23	2.41	79.79	1.59	24.55	762	219	0	23	0	0	0	0	1004	145.54	4.28	2.35	5.81	9.23	7.66	9.21	1.16	24.62	24.55
6/11/2025 12:09:01 PM	1.04	0.46	0.61	0.33	0.00	0.00	0.00	0.23	2.45	79.97	1.65	24.50	553	464	276	10	0	0	0	0	1303	145.87	4.36	1.36	5.72	9.04	7.62	8.83	1.16	24.65	24.54
6/11/2025 12:09:04 PM	0.60	0.46	0.62	0.23	0.00	0.00	0.00	0.35	1.92	80.13	1.69	24.46	318	462	281	7	0	0	0	0	1068	146.16	4.12	1.08	5.13	9.46	7.07	7.88	1.17	24.68	24.60
6/11/2025 12:09:07 PM	0.66	0.28	0.97	0.20	0.00	0.00	0.00	0.27	2.10	80.04	1.75	24.49	349	276	434	6	0	0	0	0	1065	145.98	4.46	1.36	4.84	9.07	6.46	8.69	1.17	24.70	24.62
6/11/2025 12:09:10 PM	1.51	0.48	0.16	0.28	0.00	0.00	0.00	0.21	2.44	80.24	1.80	24.50	800	479	73	9	0	0	0	0	1360	146.35	3.50	0.93	5.53	8.59	7.57	8.22	1.18	24.70	24.60
6/11/2025 12:09:12 PM	1.21	0.49	0.00	0.37	0.00	0.00	0.00	0.33	2.07	80.12	1.83	24.51	640	491	0	11	0	0	0	0	1142	146.13	3.01	3.41	5.86	9.44	6.77	7.80	1.18	24.74	24.60
6/11/2025 12:09:15 PM	1.48	0.59	0.28	0.24	0.00	0.00	0.00	0.26	2.59	79.93	1.95	24.49	782	592	124	7	0	0	0	0	1505	145.79	3.73	1.88	6.25	9.48	7.43	8.78	1.19	24.76	24.65
6/11/2025 12:09:18 PM	1.72	0.54	0.46	0.41	0.00	0.00	0.00	0.09	3.12	80.02	2.06	24.43	909	536	208	12	0	0	0	0	1665	145.95	4.36	1.92	6.67	8.52	8.21	9.75	1.20	24.80	24.65
6/11/2025 12:09:21 PM	0.69	0.59	1.26	0.00	0.00	0.00	0.00	0.24	2.54	80.01	2.18	24.40	363	588	568	0	0	0	0	0	1520	145.93	4.74	0.85	5.73	9.28	7.26	9.10	1.21	24.81	24.67
6/11/2025 12:09:24 PM	0.99	0.36	0.49	0.52	0.00	0.00	0.00	0.28	2.36	79.89	2.31	24.37	525	361	222	15	0	0	0	0	1125	145.72	4.64	1.97	5.80	9.67	7.57	9.21	1.23	24.84	24.71
6/11/2025 12:09:26 PM	1.63	0.15	0.07	0.77	0.00	0.00	0.00	0.24	2.62	79.88	2.42	24.37	865	146	34	23	0	0	0	0	1067	145.70	4.59	2.09	5.73	10.01	7.82	10.26	1.24	24.85	24.63
6/11/2025 12:09:29 PM	0.28	0.66	1.43	0.21	0.00	0.00	0.00	0.27	2.57	80.04	2.49	24.45	149	659	642	6	0	0	0	0	1455	145.98	5.56	1.48	6.26	9.70	8.09	9.44	1.24	24.91	24.73
6/11/2025 12:09:32 PM	1.60	0.05	0.00	0.99	0.00	0.00	0.00	0.23	2.65	79.94	2.52	24.37	850	53	0	30	0	0	0	0	933	145.82	4.97	1.83	5.58	10.09	8.57	10.65	1.25	24.90	24.71
6/11/2025 12:09:34 PM	1.70	0.74	1.04	0.00	0.00	0.00	0.00	0.12	3.49	79.92	2.57	24.33	902	745	470	0	0	0	0	0	2116	145.78	4.65	1.01	6.78	9.50	8.42	10.73	1.25	24.94	24.75
6/11/2025 12:09:37 PM	1.45	0.37	0.35	0.82	0.00	0.00	0.00	0.21	2.99	79.49	2.66	24.27	769	367	158	25	0	0	0	0	1319	144.98	5.39	1.43	6.41	10.13	9.38	10.80	1.26	24.95	24.76
6/11/2025 12:09:40 PM	1.01	0.50	1.43	0.19	0.00	0.00	0.00	0.18	3.13	79.91	2.72	24.19	535	499	642	6	0	0	0	0	1682	145.76	5.62	1.43	6.23	10.00	8.02	11.12	1.27	24.95	24.75
6/11/2025 12:09:42 PM	1.07	0.19	0.82	0.89	0.00	0.00	0.00	0.16	2.96	80.25	2.83	24.18	567	188	368	27	0	0	0	0	1149	146.37	6.10	2.37	6.32	9.81	8.67	11.32	1.28	24.98	24.81
6/11/2025 12:09:45 PM	1.25	0.33	0.87	0.74	0.00	0.00	0.00	0.20	3.20	80.00	2.87	24.16	665	334	390	22	0	0	0	0	1412	145.93	6.07	2.18	6.68	10.61	8.94	11.85	1.28	25.02	24.81
6/11/2025 12:09:48 PM	1.27	0.31	1.01	0.50	0.00	0.00	0.00	0.25	3.09	80.10	2.95	24.16	672	312	453	15	0	0	0	0	1452	146.10	5.78	1.77	6.17	11.11	8.26	11.90	1.29	25.01	24.79
6/11/2025 12:09:51 PM	1.21	0.63	1.03	0.37	0.00	0.00	0.00	0.26	3.25	80.28	3.00	24.18	639	632	466	11	0	0	0	0	1748	146.42	5.65	2.00	7.07	11.07	8.76	11.44	1.29	25.04	24.83
6/11/2025 12:09:53 PM	1.57	0.03	1.00	0.60	0.00	0.00	0.00	0.15	3.20	79.98	3.04	24.16	830	29	449	18	0	0	0	0	1327	145.87	5.79	1.98	5.67	10.40	7.69	12.45	1.30	25.04	24.83
6/11/2025 12:09:56 PM	1.14	0.46	1.61	0.30	0.00	0.00	0.00	0.26	3.51	79.75	3.10	24.20	606	463	723	9	0	0	0	0	1801	145.46	6.52	1.97	6.77	12.08	8.44	13.22	1.30	25.11	24.91
6/11/2025 12:09:59 PM	1.27	0.11	0.98	1.03	0.00	0.00	0.00	0.28	3.39	79.91	3.15	24.20	674	114	442	31	0	0	0	0	1261	145.75	7.14	3.07	6.90	12.54	9.08	13.94	1.31	25.09	24.87
6/11/2025 12:10:02 PM	1.62	0.37	1.30	0.70	0.00	0.00	0.00	0.18	3.99	79.75	3.24	24.18	859	368	586	21	0	0	0	0	1833	145.45	7.11	2.09	7.33	12.30	9.78	14.57	1.32	25.09	24.89
6/11/2025 12:10:05 PM	1.30	0.45	1.66	0.53	0.00	0.00	0.00	0.25	3.93	80.07	3.33	23.73	690	448	746	16	0	0	0	0	1899	146.05	7.34	2.59	7.52	13.04	9.23	14.77	1.33	25.13	24.94
6/11/2025 12:10:07 PM	0.98	0.56	1.62	0.53	0.00	0.00	0.00	0.36	3.69	79.64	3.34	23.18	520	564	731	16	0	0	0	0	1830	145.26	7.41	2.42	7.60	13.77	9.51	14.34	1.33	25.15	24.91
6/11/2025 12:10:10 PM	1.58	0.48	1.44	0.63	0.00	0.00	0.00	0.25	4.13	79.76	3.43	23.03	838	477	648	19	0	0	0	0	1982	145.49	7.36	2.63	7.86	13.45	9.75	15.23	1.34	25.18	24.97
6/11/2025 12:10:13 PM	1.34	0.66	1.90	0.40	0.00	0.00	0.00	0.30	4.30	79.85	3.54	22.62	708	659	857	12	0	0	0	0	2236	145.64	7.76	2.64	8.25	14.25	9.78	15.75	1.35	25.17	24.91
6/11/2025 12:10:16 PM	1.09	0.99	2.28	0.23	0.00	0.00	0.00	0.29	4.59	79.76	3.61	21.99	577	986	1025	7	0	0	0	0	2596	145.48	8.13	2.73	9.19	14.25	10.45	15.78	1.35	25.18	25.00
6/11/2025 12:10:18 PM	1.03	0.58	1.87	0.60	0.00	0.00	0.00	0.33	4.07	79.87	3.64	21.90	544	582	840	18	0	0	0	0	1983	145.68	8.12	2.34	7.98	14.19	10.23	15.50	1.36	25.20	24.99
6/11/2025 12:10:21 PM	1.58	0.46	1.10	0.86	0.00	0.00	0.00	0.37	4.00	79.64	3.77	21.82	837	459	494	26	0	0	0	0	1816	145.26	7.59	2.19	7.83	14.74	10.62	15.54	1.37	25.23	25.03
6/11/2025 12:10:24 PM	0.93	0.49	2.25	0.58	0.00	0.00	0.00	0.31	4.25	79.82	3.83	21.52	491	493	1015	17	0	0	0	0	2015	145.58	8.73	2.80	8.04	14.61	9.93	16.53	1.38	25.22	25.03
6/11/2025 12:10:27 PM	0.78	0.73	2.31	0.41	0.00	0.00	0.00	0.33	4.23	79.57	3.82	21.66	415	729	1039	12	0	0	0	0	2195	145.14	8.50	2.45	8.35	14.47	10.24	15.84	1.37	25.25	25.07
6/11/2025 12:10:30 PM	1.49	0.35	1.41	0.76	0.00	0.00	0.00	0.36	4.00	79.47	3.88	21.87	789	347	635	23	0	0	0	0	1793	144.95	7.74	2.89	7.69	14.77	9.64	15.97	1.38	25.26	25.08
6/11/2025 12:10:32 PM	1.45	0.58	1.52	0.79	0.00	0.00	0.00	0.29	4.33	79.47	3.95	21.87	768	580	682	24	0	0	0	0	2054	144.94	8.07	3.01	8.60	14.35	10.62	16.01	1.39	25.26	25.07
6/11/2025 12:10:35 PM	1.37	0.21	1.70	1.02	0.00	0.00	0.00	0.32	4.30	79.69	4.04	21.62	725	209	766	31	0	0	0	0	1731	145.35	8.94	2.47	7.67	15.20	10.70	17.43	1.40	25.26	25.10
6/11/2025 12:10:38 PM	1.78	0.35	2.46	0.87	0.00	0.00	0.00	0.25	5.47	79.38	4.10	21.27	945	353	1107	26	0	0	0	0	2431	144.79	10.28	3.27	9.10	16.88	11.37	20.83	1.40	25.27	25.12
6/11/2025 12:10:41 PM	1.47	0.64	2.92	0.72	0.00	0.00	0.00	0.25	5.76	79.74	4.14	21.26	779	645	1316	21	0	0	0	0	2761	145.44	10.83	3.58	10.03	17.12	11.89	21.12	1.41	25.28	25.10
6/11/2025 12:10:44 PM	1.26	0.78	2.91	0.82	0.00	0.00	0.00	0.28	5.78	79.50	4.21	20.94	668	781	1310	25	0	0	0	0	2784	145.01	11.17	3.92	10.65	17.45	12.51	21.07	1.41	25.30	25.12
6/11/2025 12:10:46 PM	1.13	0.49	2.40	0.88	0.00	0.00	0.00	0.37	4.90	79.26	4.24	20.62	599	493	1078	26	0	0	0	0	2197	144.57	10.21	2.86	8.91	17.06	11.62	19.38	1.42	25.29	25.13
6/11/2025 12:10:49 PM	1.31	0.33	2.30	0.89	0.00	0.00	0.00	0.36	4.83	79.64	4.29	20.87	693	330	1036	27	0	0	0	0	2086	145.27	9.96	3.24	8.57	16.97	10.87	19.48	1.42	25.29	25.13
6/11/2025 12:10:52 PM	1.47	0.29	2.42	0.87	0.00	0.00	0.00	0.29	5.06	79.50	4.36	20.62	781	293	1089	26	0	0	0	0	2189	145.00	10.08	2.94	8.51	16.51	11.03	19.89	1.43	25.30	25.15
6/11/2025 12:10:55 PM	1.83	0.54	2.13	0.89	0.00	0.00	0.00	0.31	5.39	79.41	4.46	20.10	969	535	959	27	0	0	0	0	2490	144.84	9.94	3.12	9.49	17.25	11.93	20.24	1.44	25.31	25.16
6/11/2025 12:10:57 PM	1.21	0.61	2.81	0.58	0.00	0.00	0.00	0.33	5.21	79.48	4.55	19.90	639	615	1264	17	0	0	0	0	2535	144.98	10.22	2.94	9.19	16.97	11.24	19.83	1.45	25.30	25.18
6/11/2025 12:11:00 PM	1.39	0.37	2.89	0.75	0.00	0.00	0.00	0.27	5.40	79.48	4.56	19.84	737	371	1300	22	0	0	0	0	2430	144.97	10.69	3.21	8.95	17.06	11.11	20.95	1.45	25.29	25.21
6/11/2025 12:11:03 PM	1.42	0.31	2.97	0.72	0.00	0.00	0.00	0.27	5.42	79.46	4.63	19.78	752	315	1336	21	0	0	0	0	2424	144.93	10.76	2.85	8.67	17.15	11.09	21.20	1.45	25.30	25.21
6/11/2025 12:11:05 PM	1.64	0.00	1.89	1.37	0.00	0.00	0.00	0.29	4.90	79.57	4.66	19.72	868	0	852	41	0	0	0	0	1761	145.13	10.29	3.48	8.25	16.57	11.38	20.18	1.46	25.32	25.26
6/11/2025 12:11:08 PM	1.58	0.59	3.00	0.50	0.00	0.00	0.00	0.24	5.67	79.58	4.75	19.86	836	587	1352	15	0	0	0	0	2789	145.15	10.41	3.05	9.42	16.98	11.23	20.95	1.47	25.29	25.23
6/11/2025 12:11:11 PM	1.13	0.39	2.82	1.01	0.00	0.00	0.00	0.35	5.36	79.34	4.85	19.59	599	393	1271	30	0	0	0	0	2293	144.71	11.38	3.47	9.37	18.04	11.97	21.41	1.48	25.31	25.20
6/11/2025 12:11:14 PM	1.40	0.28	3.01	0.93	0.00	0.00	0.00	0.31	5.62	79.43	4.93	19.76	741	282	1356	28	0	0	0	0	2407	144.87	11.53	3.38	9.17	18.30	11.67	22.42	1.48	25.30	25.23
6/11/2025 12:11:16 PM	1.36	0.28	3.49	0.95	0.00	0.00	0.00	0.28	6.08	79.30	5.01	19.59	719	279	1569	29	0	0	0	0	2596	144.64	12.52	3.50	9.58	18.95	12.20	24.02	1.49	25.31	25.24
6/11/2025 12:11:19 PM	1.25	0.21	3.76	1.26	0.00	0.00	0.00	0.36	6.49	79.36	5.10	19.42	664	211	1693	38	0	0	0	0	2607	144.76	14.09	4.24	10.34	21.30	13.18	26.55	1.50	25.29	25.29
6/11/2025 12:11:22 PM	0.98	0.40	4.51	0.86	0.00	0.00	0.00	0.39	6.75	79.20	5.24	19.23	519	405	2030	26	0	0	0	0	2979	144.45	14.56	3.92	10.55	22.11	13.00	27.36	1.51	25.28	25.26
6/11/2025 12:11:25 PM	1.23	0.21	4.08	1.30	0.00	0.00	0.00	0.43	6.82	78.97	5.36	18.61	654	210	1836	39	0	0	0	0	2739	144.05	15.03	4.24	10.68	23.09	13.76	28.39	1.52	25.27	25.26
6/11/2025 12:11:27 PM	1.06	0.28	5.02	0.90	0.00	0.00	0.00	0.38	7.26	79.04	5.41	18.49	561	283	2258	27	0	0	0	0	3129	144.18	15.74	3.35	10.48	23.34	13.69	29.67	1.53	25.25	25.24
6/11/2025 12:11:30 PM	1.67	0.07	4.15	1.42	0.00	0.00	0.00	0.39	7.31	79.21	5.51	18.68	886	71	1868	42	0	0	0	0	2868	144.49	15.59	4.21	10.80	23.88	14.19	30.23	1.54	25.25	25.24
6/11/2025 12:11:33 PM	1.45	0.10	4.22	1.33	0.00	0.00	0.00	0.41	7.09	79.02	5.63	18.61	767	95	1899	40	0	0	0	0	2801	144.13	15.41	4.43	10.69	23.64	13.70	29.60	1.55	25.26	25.31
6/11/2025 12:11:36 PM	0.22	0.63	5.17	0.89	0.00	0.00	0.00	0.50	6.91	79.03	5.84	18.79	119	627	2325	27	0	0	0	0	3098	144.14	16.05	4.07	11.38	23.69	14.09	28.42	1.57	25.23	25.28
6/11/2025 12:11:38 PM	0.82	0.44	4.69	1.16	0.00	0.00	0.00	0.46	7.09	79.09	5.99	18.27	432	435	2109	35	0	0	0	0	3012	144.25	15.91	4.43	11.41	23.91	14.25	29.18	1.59	25.24	25.28
6/11/2025 12:11:41 PM	0.17	0.54	4.81	0.93	0.00	0.00	0.00	0.56	6.45	79.06	6.12	17.90	88	544	2165	28	0	0	0	0	2825	144.21	15.44	4.15	10.89	23.57	13.50	27.39	1.60	25.23	25.28
6/11/2025 12:11:43 PM	0.34	0.34	4.76	1.02	0.00	0.00	0.00	0.53	6.47	79.01	6.21	17.59	182	339	2144	31	0	0	0	0	2695	144.11	15.52	3.78	10.32	23.53	13.40	27.87	1.61	25.20	25.26
6/11/2025 12:11:46 PM	0.00	0.48	4.95	0.97	0.00	0.00	0.00	0.55	6.41	78.95	6.30	17.58	0	482	2229	29	0	0	0	0	2740	144.01	15.72	4.29	10.79	23.43	13.36	27.45	1.62	25.20	25.36
6/11/2025 12:11:49 PM	0.31	0.66	5.20	0.74	0.00	0.00	0.00	0.53	6.91	78.92	6.46	17.09	165	660	2341	22	0	0	0	0	3187	143.95	15.76	4.32	11.40	24.00	13.54	28.45	1.63	25.19	25.31
6/11/2025 12:11:52 PM	0.04	0.50	4.77	1.11	0.00	0.00	0.00	0.53	6.41	79.07	6.58	16.61	19	495	2146	33	0	0	0	0	2693	144.22	15.68	4.72	11.10	23.17	13.59	27.26	1.65	25.17	25.31
6/11/2025 12:11:55 PM	0.07	0.39	4.77	1.09	0.00	0.00	0.00	0.53	6.33	78.76	6.68	16.35	36	391	2148	33	0	0	0	0	2608	143.65	15.61	4.29	10.60	23.13	13.40	27.30	1.65	25.13	25.29
6/11/2025 12:11:57 PM	0.04	0.48	4.69	0.96	0.00	0.00	0.00	0.55	6.17	78.83	6.75	16.08	22	477	2109	29	0	0	0	0	2637	143.78	15.11	4.16	10.52	22.76	13.11	26.47	1.66	25.12	25.31
6/11/2025 12:12:00 PM	0.03	0.45	4.40	1.13	0.00	0.00	0.00	0.57	6.00	79.09	6.87	15.78	14	450	1980	34	0	0	0	0	2479	144.26	14.98	4.30	10.53	22.68	13.30	26.03	1.67	25.12	25.37
6/11/2025 12:12:03 PM	0.09	0.45	3.99	1.24	0.00	0.00	0.00	0.55	5.78	78.77	7.00	15.73	50	451	1797	37	0	0	0	0	2335	143.68	14.48	4.14	10.41	21.93	13.47	24.99	1.69	25.10	25.32
6/11/2025 12:12:06 PM	0.00	0.17	2.33	1.90	0.00	0.00	0.00	0.56	4.40	79.06	7.17	15.31	0	170	1047	57	0	0	0	0	1274	144.21	13.28	4.40	9.51	19.17	12.76	20.13	1.70	25.06	25.32
6/11/2025 12:12:08 PM	0.00	0.37	2.30	1.74	0.00	0.00	0.00	0.56	4.41	79.05	7.24	15.14	0	371	1034	52	0	0	0	0	1458	144.19	12.74	4.37	9.83	18.78	12.88	19.50	1.71	25.03	25.28
6/11/2025 12:12:11 PM	0.00	0.48	1.80	1.69	0.00	0.00	0.00	0.60	3.97	79.20	7.38	14.74	0	477	809	51	0	0	0	0	1336	144.47	11.83	4.22	9.69	18.06	12.47	17.50	1.72	25.01	25.31
6/11/2025 12:12:14 PM	0.00	0.30	1.24	2.12	0.00	0.00	0.00	0.58	3.65	79.28	7.53	14.21	0	297	557	63	0	0	0	0	918	144.61	11.94	4.32	9.49	17.32	12.82	16.58	1.74	25.02	25.37
6/11/2025 12:12:17 PM	0.00	0.66	0.83	2.08	0.00	0.00	0.00	0.58	3.57	79.45	7.69	13.73	0	661	376	62	0	0	0	0	1099	144.91	11.26	4.42	10.37	16.52	13.45	14.87	1.75	24.94	25.34
6/11/2025 12:12:20 PM	0.00	0.30	0.74	2.10	0.00	0.00	0.00	0.53	3.14	79.36	7.81	13.59	0	297	333	63	0	0	0	0	693	144.76	10.99	4.06	9.02	15.46	12.15	14.08	1.77	24.94	25.32
6/11/2025 12:12:22 PM	0.00	0.35	0.76	2.05	0.00	0.00	0.00	0.56	3.16	79.24	7.92	13.51	0	346	340	62	0	0	0	0	748	144.53	10.86	4.24	9.16	15.80	12.11	14.22	1.78	24.90	25.34
6/11/2025 12:12:25 PM	0.00	0.24	0.59	1.89	0.00	0.00	0.00	0.56	2.72	79.33	8.06	13.09	0	241	267	57	0	0	0	0	565	144.70	9.68	3.88	8.17	14.80	11.13	13.03	1.79	24.89	25.32
6/11/2025 12:12:28 PM	0.00	0.32	0.84	1.61	0.00	0.00	0.00	0.50	2.77	79.12	8.20	13.03	0	324	378	48	0	0	0	0	750	144.32	9.45	3.38	7.98	14.07	10.69	12.53	1.80	24.87	25.32
6/11/2025 12:12:31 PM	0.00	0.35	0.68	1.49	0.00	0.00	0.00	0.52	2.52	79.18	8.36	11.99	0	353	305	45	0	0	0	0	703	144.42	8.53	3.26	7.61	13.56	10.28	11.68	1.82	24.83	25.29
6/11/2025 12:12:33 PM	0.00	0.28	0.69	1.37	0.00	0.00	0.00	0.51	2.34	79.31	8.50	11.47	0	283	311	41	0	0	0	0	635	144.66	7.97	3.12	7.08	13.05	9.65	11.25	1.83	24.80	25.26
6/11/2025 12:12:36 PM	0.00	0.43	0.86	1.15	0.00	0.00	0.00	0.50	2.44	79.22	8.58	11.16	0	431	387	34	0	0	0	0	852	144.49	7.51	3.13	7.24	12.98	9.56	11.26	1.84	24.74	25.29
6/11/2025 12:12:38 PM	0.00	0.69	0.80	1.06	0.00	0.00	0.00	0.49	2.55	79.32	8.64	11.34	0	687	362	32	0	0	0	0	1082	144.68	7.49	3.16	7.97	12.69	9.96	10.57	1.85	24.70	25.29
6/11/2025 12:12:41 PM	0.00	0.39	0.97	1.02	0.00	0.00	0.00	0.47	2.37	79.47	8.66	11.63	0	388	434	30	0	0	0	0	852	144.95	7.44	2.69	6.83	12.50	9.09	10.86	1.85	24.70	25.29
6/11/2025 12:12:44 PM	0.00	0.20	0.29	1.48	0.00	0.00	0.00	0.51	1.97	79.41	8.75	11.49	0	200	130	45	0	0	0	0	375	144.84	7.30	2.98	6.61	12.36	9.52	10.19	1.86	24.64	25.31
6/11/2025 12:12:47 PM	0.00	0.54	0.80	1.08	0.00	0.00	0.00	0.49	2.42	79.18	8.90	10.97	0	539	360	32	0	0	0	0	931	144.43	7.38	3.05	7.44	12.59	9.57	10.61	1.87	24.60	25.26
6/11/2025 12:12:50 PM	0.00	0.52	0.79	1.06	0.00	0.00	0.00	0.50	2.37	79.21	8.92	11.03	0	520	356	32	0	0	0	0	908	144.47	7.22	2.78	7.22	12.58	9.60	10.59	1.87	24.55	25.28
6/11/2025 12:12:52 PM	0.00	0.33	0.63	1.32	0.00	0.00	0.00	0.52	2.28	79.29	8.98	11.23	0	334	282	40	0	0	0	0	656	144.63	7.48	2.81	6.93	13.03	9.90	11.14	1.88	24.50	25.29
6/11/2025 12:12:55 PM	0.00	0.26	0.77	1.19	0.00	0.00	0.00	0.49	2.22	79.25	9.08	11.41	0	260	349	36	0	0	0	0	644	144.55	7.36	2.70	6.53	12.61	9.22	10.95	1.89	24.51	25.26
6/11/2025 12:12:58 PM	0.00	0.38	0.63	1.08	0.00	0.00	0.00	0.52	2.09	79.04	9.17	10.81	0	382	285	32	0	0	0	0	699	144.16	6.91	2.70	6.64	12.46	9.01	10.15	1.90	24.43	25.23
6/11/2025 12:13:01 PM	0.00	0.51	0.72	0.97	0.00	0.00	0.00	0.49	2.21	79.35	9.24	11.21	0	515	323	29	0	0	0	0	867	144.74	6.71	2.59	6.90	12.04	9.25	9.95	1.91	24.41	25.26
6/11/2025 12:13:03 PM	0.00	0.42	0.88	0.92	0.00	0.00	0.00	0.49	2.22	79.26	9.38	11.33	0	424	395	27	0	0	0	0	847	144.56	6.86	2.57	6.62	12.30	8.85	10.37	1.92	24.35	25.26
6/11/2025 12:13:06 PM	0.00	0.48	1.00	0.82	0.00	0.00	0.00	0.50	2.30	79.07	9.42	10.71	0	485	450	25	0	0	0	0	959	144.22	6.79	2.50	6.69	12.55	8.90	10.63	1.92	24.30	25.20
6/11/2025 12:13:08 PM	0.00	0.45	1.10	0.79	0.00	0.00	0.00	0.48	2.33	79.16	9.57	10.75	0	446	493	24	0	0	0	0	962	144.39	6.72	2.42	6.52	12.34	8.81	10.79	1.94	24.27	25.21
6/11/2025 12:13:11 PM	0.00	0.45	0.85	0.98	0.00	0.00	0.00	0.51	2.28	79.17	9.68	10.95	0	450	383	29	0	0	0	0	863	144.40	7.00	2.60	6.80	12.60	9.20	10.62	1.95	24.25	25.24
6/11/2025 12:13:14 PM	0.00	0.54	1.33	0.76	0.00	0.00	0.00	0.50	2.63	78.92	9.86	10.79	0	540	598	23	0	0	0	0	1161	143.95	7.21	2.63	7.04	13.15	9.21	11.75	1.97	24.17	25.21
6/11/2025 12:13:17 PM	0.00	0.48	1.27	0.75	0.00	0.00	0.00	0.49	2.50	79.11	9.98	10.44	0	478	571	23	0	0	0	0	1072	144.29	7.06	2.42	6.72	12.91	9.00	11.45	1.98	24.11	25.20
6/11/2025 12:13:20 PM	0.12	0.43	1.11	0.91	0.00	0.00	0.00	0.48	2.57	79.05	10.12	10.32	64	434	500	27	0	0	0	0	1025	144.18	7.13	2.53	6.83	12.93	9.37	11.72	1.99	24.09	25.12
6/11/2025 12:13:22 PM	0.00	0.56	1.39	0.71	0.00	0.00	0.00	0.49	2.66	79.09	10.24	10.27	0	564	623	21	0	0	0	0	1209	144.26	7.28	2.58	7.09	13.13	9.15	11.73	2.00	24.04	25.13
6/11/2025 12:13:25 PM	0.04	0.51	1.50	0.71	0.00	0.00	0.00	0.49	2.75	79.05	10.34	10.33	19	507	673	21	0	0	0	0	1220	144.19	7.39	2.61	6.99	13.45	9.13	12.33	2.01	24.01	25.12
6/11/2025 12:13:28 PM	0.05	0.57	1.18	0.74	0.00	0.00	0.00	0.50	2.53	79.04	10.42	10.38	25	567	532	22	0	0	0	0	1146	144.16	6.88	2.49	6.96	12.98	9.18	11.32	2.02	23.93	25.08
6/11/2025 12:13:31 PM	0.10	0.39	1.07	0.89	0.00	0.00	0.00	0.49	2.45	79.14	10.56	10.33	53	392	484	27	0	0	0	0	956	144.35	6.97	2.46	6.59	12.89	9.10	11.50	2.04	23.88	25.10
6/11/2025 12:13:33 PM	0.00	0.68	1.27	0.63	0.00	0.00	0.00	0.50	2.57	79.12	10.59	10.31	0	677	570	19	0	0	0	0	1266	144.32	6.90	2.49	7.20	12.91	9.12	11.04	2.04	23.83	25.07
6/11/2025 12:13:36 PM	0.00	0.62	1.21	0.86	0.00	0.00	0.00	0.49	2.69	79.07	10.65	10.41	0	616	544	26	0	0	0	0	1186	144.22	7.48	2.73	7.47	13.09	9.65	11.52	2.04	23.78	25.05
6/11/2025 12:13:39 PM	0.00	0.49	1.06	0.71	0.00	0.00	0.00	0.50	2.27	79.17	10.81	10.48	0	489	479	21	0	0	0	0	990	144.41	6.49	2.46	6.52	12.43	8.61	10.55	2.06	23.76	25.05
6/11/2025 12:13:42 PM	0.00	0.69	1.39	0.66	0.00	0.00	0.00	0.50	2.74	78.97	10.87	10.44	0	688	627	20	0	0	0	0	1335	144.05	7.26	2.68	7.47	13.24	9.36	11.65	2.07	23.69	25.03
6/11/2025 12:13:44 PM	0.00	0.57	1.12	0.65	0.00	0.00	0.00	0.52	2.34	78.98	10.94	10.61	0	573	505	19	0	0	0	0	1098	144.06	6.56	2.34	6.71	12.76	8.78	10.68	2.07	23.62	25.00
6/11/2025 12:13:47 PM	0.00	0.59	1.37	0.64	0.00	0.00	0.00	0.49	2.60	78.94	11.01	10.51	0	592	619	19	0	0	0	0	1230	143.98	6.96	2.45	6.97	12.92	9.04	11.45	2.08	23.57	24.94
6/11/2025 12:13:49 PM	0.00	0.51	0.96	0.77	0.00	0.00	0.00	0.51	2.24	78.88	11.11	10.76	0	507	432	23	0	0	0	0	962	143.87	6.47	2.55	6.64	12.43	8.76	10.41	2.09	23.54	24.89
6/11/2025 12:13:52 PM	0.00	0.69	1.29	0.50	0.00	0.00	0.00	0.51	2.48	79.09	11.16	10.70	0	691	580	15	0	0	0	0	1286	144.27	6.50	2.26	6.93	12.77	8.84	10.77	2.09	23.52	24.92
6/11/2025 12:13:55 PM	0.06	0.55	1.01	0.61	0.00	0.00	0.00	0.51	2.24	78.84	11.27	10.65	33	550	456	18	0	0	0	0	1057	143.80	6.15	2.39	6.52	12.36	8.45	10.25	2.10	23.44	24.92
6/11/2025 12:13:58 PM	0.08	0.68	0.93	0.57	0.00	0.00	0.00	0.50	2.25	79.02	11.38	10.33	41	679	418	17	0	0	0	0	1156	144.13	5.92	2.18	6.74	12.04	8.75	9.75	2.12	23.36	24.79
6/11/2025 12:14:01 PM	0.10	0.61	1.00	0.65	0.00	0.00	0.00	0.51	2.36	78.80	11.48	10.29	53	609	449	20	0	0	0	0	1130	143.72	6.31	2.30	6.78	12.57	8.92	10.50	2.12	23.33	24.81
6/11/2025 12:14:03 PM	0.00	0.64	1.09	0.50	0.00	0.00	0.00	0.51	2.23	79.14	11.65	10.17	2	639	492	15	0	0	0	0	1148	144.35	6.03	2.08	6.52	12.24	8.49	9.97	2.14	23.28	24.83
6/11/2025 12:14:06 PM	0.12	0.68	0.94	0.57	0.00	0.00	0.00	0.50	2.31	79.11	11.70	10.20	62	681	422	17	0	0	0	0	1182	144.29	5.97	2.18	6.79	12.16	8.82	9.93	2.15	23.24	24.78
6/11/2025 12:14:09 PM	0.16	0.50	0.74	0.71	0.00	0.00	0.00	0.50	2.12	78.96	11.87	10.12	87	498	335	21	0	0	0	0	941	144.03	5.88	2.26	6.34	12.01	8.53	9.83	2.16	23.17	24.76
6/11/2025 12:14:12 PM	0.17	0.49	0.77	0.76	0.00	0.00	0.00	0.52	2.19	79.17	11.91	10.12	88	488	346	23	0	0	0	0	945	144.41	6.11	2.35	6.46	12.40	8.71	10.22	2.17	23.12	24.73
6/11/2025 12:14:14 PM	0.27	0.55	0.83	0.54	0.00	0.00	0.00	0.51	2.19	78.88	12.06	10.12	144	551	371	16	0	0	0	0	1082	143.87	5.66	2.08	6.30	12.24	8.28	9.93	2.18	23.07	24.67
6/11/2025 12:14:17 PM	0.17	0.54	0.80	0.62	0.00	0.00	0.00	0.52	2.13	79.00	12.15	10.11	91	540	359	19	0	0	0	0	1008	144.09	5.80	2.11	6.32	12.21	8.46	9.85	2.19	23.01	24.73
6/11/2025 12:14:20 PM	0.13	0.58	0.77	0.60	0.00	0.00	0.00	0.52	2.08	79.03	12.28	10.13	68	579	346	18	0	0	0	0	1011	144.16	5.66	2.23	6.40	11.97	8.37	9.49	2.20	22.96	24.63
6/11/2025 12:14:23 PM	0.12	0.62	0.89	0.57	0.00	0.00	0.00	0.54	2.20	78.94	12.35	10.07	63	615	401	17	0	0	0	0	1096	143.98	5.90	2.33	6.60	12.52	8.47	10.00	2.21	22.89	24.59
6/11/2025 12:14:26 PM	0.21	0.59	0.61	0.60	0.00	0.00	0.00	0.51	2.02	78.95	12.51	10.06	113	595	277	18	0	0	0	0	1003	144.01	5.37	2.06	6.32	11.75	8.39	9.12	2.23	22.86	24.62
6/11/2025 12:14:28 PM	0.18	0.56	0.74	0.59	0.00	0.00	0.00	0.51	2.07	78.86	12.62	9.99	97	557	332	18	0	0	0	0	1004	143.85	5.59	2.11	6.28	11.95	8.32	9.49	2.24	22.78	24.59
6/11/2025 12:14:31 PM	0.18	0.66	0.70	0.49	0.00	0.00	0.00	0.54	2.02	79.01	12.78	9.95	94	656	314	15	0	0	0	0	1078	144.11	5.31	2.04	6.37	12.01	8.24	9.11	2.25	22.73	24.54
6/11/2025 12:14:34 PM	0.18	0.86	0.65	0.48	0.00	0.00	0.00	0.54	2.18	78.96	12.80	9.98	96	858	294	14	0	0	0	0	1263	144.01	5.35	2.16	7.06	12.12	8.86	9.01	2.25	22.72	24.54
6/11/2025 12:14:37 PM	0.07	0.59	0.73	0.54	0.00	0.00	0.00	0.54	1.93	78.86	12.82	10.09	37	590	328	16	0	0	0	0	972	143.83	5.44	2.04	6.19	11.99	8.18	9.11	2.26	22.63	24.49
6/11/2025 12:14:40 PM	0.29	0.53	0.58	0.53	0.00	0.00	0.00	0.52	1.92	78.87	12.92	10.12	152	525	262	16	0	0	0	0	955	143.85	5.11	2.04	5.99	11.72	7.88	9.01	2.27	22.57	24.44
6/11/2025 12:14:42 PM	0.17	0.54	0.58	0.61	0.00	0.00	0.00	0.54	1.90	78.93	13.05	10.01	92	544	260	18	0	0	0	0	915	143.96	5.32	2.08	6.13	11.91	8.17	9.05	2.28	22.52	24.46
6/11/2025 12:14:45 PM	0.25	0.55	0.60	0.63	0.00	0.00	0.00	0.54	2.04	78.90	13.06	10.03	135	550	271	19	0	0	0	0	975	143.91	5.49	2.24	6.33	12.28	8.32	9.53	2.28	22.47	24.44
6/11/2025 12:14:48 PM	0.30	0.55	0.36	0.69	0.00	0.00	0.00	0.55	1.91	79.06	13.12	10.17	162	550	161	21	0	0	0	0	894	144.21	5.19	2.19	6.27	12.01	8.37	8.99	2.29	22.46	24.41
6/11/2025 12:14:51 PM	0.26	0.69	0.61	0.46	0.00	0.00	0.00	0.53	2.03	78.82	13.28	10.13	139	691	275	14	0	0	0	0	1119	143.77	5.11	2.02	6.44	11.87	8.25	8.92	2.30	22.37	24.31
6/11/2025 12:14:53 PM	0.13	0.67	0.63	0.47	0.00	0.00	0.00	0.53	1.90	78.77	13.41	10.05	69	666	283	14	0	0	0	0	1032	143.68	5.07	2.03	6.28	11.62	8.08	8.58	2.31	22.32	24.30
6/11/2025 12:14:56 PM	0.37	0.65	0.65	0.44	0.00	0.00	0.00	0.52	2.12	78.61	13.54	10.01	194	652	295	13	0	0	0	0	1153	143.38	5.16	1.98	6.37	12.03	8.17	9.29	2.33	22.27	24.30
6/11/2025 12:14:59 PM	0.22	0.58	0.53	0.64	0.00	0.00	0.00	0.57	1.99	78.40	13.61	10.16	119	583	240	19	0	0	0	0	962	143.00	5.45	2.21	6.38	12.41	8.43	9.38	2.33	22.23	24.25
6/11/2025 12:15:01 PM	0.08	0.70	0.71	0.49	0.00	0.00	0.00	0.55	1.99	78.44	13.77	10.17	42	699	322	15	0	0	0	0	1077	143.07	5.36	2.07	6.48	12.04	8.35	8.97	2.35	22.20	24.22
6/11/2025 12:15:05 PM	0.17	0.65	0.61	0.48	0.00	0.00	0.00	0.54	1.91	78.57	13.81	10.16	89	650	274	14	0	0	0	0	1028	143.31	5.10	2.06	6.27	11.84	8.07	8.75	2.35	22.12	24.14
6/11/2025 12:15:07 PM	0.01	0.66	0.85	0.49	0.00	0.00	0.00	0.56	2.01	78.45	13.95	10.13	4	663	383	15	0	0	0	0	1066	143.08	5.60	2.24	6.47	12.37	8.23	9.37	2.37	22.07	24.15
6/11/2025 12:15:10 PM	0.35	0.61	0.48	0.57	0.00	0.00	0.00	0.54	2.01	78.50	14.07	10.05	186	609	214	17	0	0	0	0	1026	143.19	5.15	2.05	6.33	12.11	8.32	9.14	2.38	22.04	24.15
6/11/2025 12:15:13 PM	0.22	0.70	0.60	0.49	0.00	0.00	0.00	0.54	2.01	78.56	14.24	10.01	114	697	272	15	0	0	0	0	1097	143.30	5.15	2.09	6.49	11.89	8.29	8.87	2.39	22.01	24.12
6/11/2025 12:15:15 PM	0.12	0.67	0.65	0.46	0.00	0.00	0.00	0.56	1.90	78.51	14.31	9.94	62	673	293	14	0	0	0	0	1042	143.21	5.12	2.06	6.30	11.92	8.06	8.73	2.40	21.96	24.04
6/11/2025 12:15:18 PM	0.10	0.71	0.84	0.39	0.00	0.00	0.00	0.54	2.05	78.41	14.48	9.93	55	713	378	12	0	0	0	0	1157	143.03	5.34	2.02	6.44	12.07	8.15	9.12	2.42	21.89	24.02
6/11/2025 12:15:21 PM	0.23	0.69	0.64	0.42	0.00	0.00	0.00	0.54	1.98	78.43	14.57	9.92	120	691	290	13	0	0	0	0	1113	143.05	5.05	2.01	6.36	11.90	8.09	8.84	2.43	21.86	24.01
6/11/2025 12:15:24 PM	0.30	0.61	0.59	0.51	0.00	0.00	0.00	0.53	2.01	78.42	14.61	9.98	159	609	266	15	0	0	0	0	1049	143.04	5.16	2.00	6.25	11.96	8.16	9.11	2.43	21.81	23.97
6/11/2025 12:15:26 PM	0.25	0.63	0.65	0.47	0.00	0.00	0.00	0.53	2.00	78.51	14.63	10.02	132	631	294	14	0	0	0	0	1071	143.21	5.16	1.95	6.24	11.85	8.12	9.02	2.43	21.75	23.93
6/11/2025 12:15:29 PM	0.17	0.66	0.58	0.49	0.00	0.00	0.00	0.54	1.89	78.47	14.63	10.12	88	658	260	15	0	0	0	0	1021	143.12	5.03	2.11	6.29	11.66	8.05	8.58	2.43	21.72	23.96
6/11/2025 12:15:32 PM	0.06	0.69	0.69	0.44	0.00	0.00	0.00	0.56	1.88	78.24	14.66	10.25	30	693	310	13	0	0	0	0	1046	142.71	5.13	2.07	6.32	11.89	8.04	8.64	2.44	21.66	23.91
6/11/2025 12:15:35 PM	0.05	0.70	0.77	0.42	0.00	0.00	0.00	0.55	1.94	78.44	14.85	10.13	27	700	345	13	0	0	0	0	1085	143.07	5.23	2.00	6.34	11.93	8.11	8.81	2.45	21.61	23.85
6/11/2025 12:15:38 PM	0.19	0.61	0.66	0.54	0.00	0.00	0.00	0.54	2.00	78.41	14.93	9.97	100	613	296	16	0	0	0	0	1025	143.01	5.35	2.04	6.29	12.07	8.26	9.19	2.46	21.56	23.81
6/11/2025 12:15:40 PM	0.18	0.67	0.57	0.54	0.00	0.00	0.00	0.55	1.95	78.46	15.09	9.91	95	668	255	16	0	0	0	0	1034	143.12	5.19	2.03	6.40	11.93	8.35	8.83	2.48	21.51	23.78
6/11/2025 12:15:43 PM	0.19	0.67	0.56	0.48	0.00	0.00	0.00	0.55	1.89	78.66	15.21	9.94	102	667	250	14	0	0	0	0	1033	143.47	5.01	1.95	6.26	11.86	8.13	8.64	2.49	21.50	23.77
6/11/2025 12:15:46 PM	0.25	0.75	0.57	0.34	0.00	0.00	0.00	0.54	1.91	78.50	15.29	9.88	131	749	256	10	0	0	0	0	1146	143.18	4.70	1.97	6.35	11.60	7.91	8.30	2.50	21.42	23.69
6/11/2025 12:15:49 PM	0.05	0.78	0.77	0.36	0.00	0.00	0.00	0.54	1.96	78.45	15.31	9.93	24	779	347	11	0	0	0	0	1161	143.09	5.11	2.02	6.50	11.74	8.13	8.55	2.50	21.39	23.67
6/11/2025 12:15:52 PM	0.20	1.01	0.97	0.22	0.00	0.00	0.00	0.56	2.40	78.42	15.32	9.98	107	1011	435	7	0	0	0	0	1559	143.04	5.38	2.10	7.34	12.61	8.71	9.45	2.50	21.35	23.65
6/11/2025 12:15:54 PM	0.30	0.64	0.58	0.49	0.00	0.00	0.00	0.57	2.00	78.26	15.32	10.05	160	641	259	15	0	0	0	0	1075	142.75	5.16	1.96	6.30	12.41	8.21	9.23	2.50	21.30	23.64
6/11/2025 12:15:57 PM	0.16	0.89	0.81	0.30	0.00	0.00	0.00	0.55	2.16	78.48	15.33	10.13	85	886	366	9	0	0	0	0	1346	143.15	5.16	2.15	6.93	12.17	8.34	8.95	2.50	21.29	23.67
6/11/2025 12:16:00 PM	0.10	0.66	0.72	0.50	0.00	0.00	0.00	0.57	1.99	78.34	15.34	10.24	53	660	326	15	0	0	0	0	1055	142.90	5.43	2.11	6.41	12.36	8.28	9.24	2.50	21.21	23.59
6/11/2025 12:16:02 PM	0.10	0.82	0.84	0.34	0.00	0.00	0.00	0.57	2.09	78.41	15.34	10.35	52	815	377	10	0	0	0	0	1254	143.02	5.28	2.10	6.71	12.33	8.26	9.07	2.50	21.20	23.59
6/11/2025 12:16:05 PM	0.13	0.72	0.69	0.45	0.00	0.00	0.00	0.56	1.98	78.41	15.35	10.38	67	717	312	13	0	0	0	0	1110	143.03	5.24	2.08	6.48	12.18	8.23	8.96	2.50	21.15	23.49
6/11/2025 12:16:08 PM	0.06	0.80	0.68	0.43	0.00	0.00	0.00	0.57	1.97	78.45	15.35	10.45	33	798	307	13	0	0	0	0	1152	143.09	5.19	2.29	6.74	12.13	8.29	8.71	2.50	21.11	23.51
6/11/2025 12:16:10 PM	0.00	0.80	0.88	0.38	0.00	0.00	0.00	0.59	2.06	78.32	15.38	10.49	0	802	394	11	0	0	0	0	1207	142.86	5.50	2.03	6.69	12.55	8.40	9.18	2.51	21.11	23.46
6/11/2025 12:16:13 PM	0.17	0.70	0.73	0.42	0.00	0.00	0.00	0.57	2.01	78.33	15.45	10.20	90	698	327	12	0	0	0	0	1127	142.88	5.24	2.00	6.40	12.32	8.15	9.14	2.51	21.05	23.43
6/11/2025 12:16:16 PM	0.11	0.72	0.69	0.48	0.00	0.00	0.00	0.57	2.00	78.39	15.61	10.00	61	715	310	15	0	0	0	0	1100	142.98	5.35	2.05	6.52	12.32	8.40	9.09	2.53	21.00	23.38
6/11/2025 12:16:19 PM	0.18	0.67	0.61	0.47	0.00	0.00	0.00	0.56	1.92	78.34	15.73	9.95	93	668	272	14	0	0	0	0	1048	142.89	5.11	1.99	6.30	12.08	8.14	8.84	2.54	20.95	23.35
6/11/2025 12:16:21 PM	0.03	0.77	0.77	0.42	0.00	0.00	0.00	0.57	1.98	78.32	15.73	9.93	14	767	346	13	0	0	0	0	1140	142.85	5.31	2.11	6.60	12.20	8.29	8.89	2.54	20.91	23.33
6/11/2025 12:16:24 PM	0.17	0.67	0.59	0.40	0.00	0.00	0.00	0.56	1.84	78.24	15.79	10.02	93	671	264	12	0	0	0	0	1040	142.72	4.87	1.89	6.13	11.78	7.90	8.47	2.55	20.90	23.32
6/11/2025 12:16:27 PM	0.20	0.71	0.69	0.45	0.00	0.00	0.00	0.55	2.05	78.26	15.87	10.03	108	709	311	13	0	0	0	0	1141	142.74	5.24	2.02	6.49	12.17	8.28	9.11	2.55	20.84	23.24
6/11/2025 12:16:30 PM	0.07	0.81	0.81	0.41	0.00	0.00	0.00	0.57	2.09	78.25	15.94	9.95	35	811	363	12	0	0	0	0	1221	142.72	5.43	2.09	6.78	12.46	8.51	9.17	2.56	20.80	23.24
6/11/2025 12:16:33 PM	0.20	0.73	0.65	0.35	0.00	0.00	0.00	0.57	1.92	78.36	16.08	9.94	105	733	290	10	0	0	0	0	1139	142.92	4.91	1.83	6.28	12.06	8.00	8.65	2.58	20.78	23.22
6/11/2025 12:16:35 PM	0.01	0.81	0.78	0.35	0.00	0.00	0.00	0.59	1.96	78.25	16.19	9.88	7	815	351	10	0	0	0	0	1183	142.73	5.19	1.93	6.56	12.26	8.27	8.73	2.59	20.74	23.19
6/11/2025 12:16:38 PM	0.08	0.95	0.78	0.26	0.00	0.00	0.00	0.55	2.06	78.35	16.29	9.90	42	948	349	8	0	0	0	0	1346	142.91	4.95	2.05	6.93	11.83	8.32	8.37	2.60	20.71	23.17
6/11/2025 12:16:41 PM	0.14	0.77	0.69	0.33	0.00	0.00	0.00	0.57	1.94	78.27	16.40	9.91	77	768	311	10	0	0	0	0	1166	142.77	4.97	1.91	6.40	12.08	8.05	8.64	2.61	20.66	23.14
6/11/2025 12:16:44 PM	0.20	0.73	0.56	0.35	0.00	0.00	0.00	0.57	1.85	78.43	16.53	9.89	108	733	250	11	0	0	0	0	1102	143.06	4.73	1.94	6.26	11.84	7.88	8.33	2.62	20.63	23.11
6/11/2025 12:16:46 PM	0.23	0.72	0.54	0.37	0.00	0.00	0.00	0.58	1.85	78.42	16.62	9.88	122	715	244	11	0	0	0	0	1092	143.03	4.77	1.77	6.19	12.01	7.97	8.47	2.63	20.60	23.07
6/11/2025 12:16:49 PM	0.15	0.80	0.68	0.34	0.00	0.00	0.00	0.58	1.97	78.46	16.63	9.86	79	796	305	10	0	0	0	0	1191	143.12	5.00	1.94	6.52	12.20	8.16	8.69	2.63	20.56	23.01
6/11/2025 12:16:52 PM	0.10	0.88	0.80	0.22	0.00	0.00	0.00	0.58	2.00	78.37	16.70	9.87	52	881	361	7	0	0	0	0	1299	142.95	4.94	1.99	6.66	12.23	8.03	8.61	2.64	20.52	22.99
6/11/2025 12:16:55 PM	0.19	0.81	0.61	0.30	0.00	0.00	0.00	0.57	1.91	78.36	16.83	9.84	102	809	273	9	0	0	0	0	1193	142.93	4.74	1.95	6.47	11.93	7.98	8.34	2.65	20.48	22.98
6/11/2025 12:16:58 PM	0.20	0.71	0.53	0.37	0.00	0.00	0.00	0.59	1.81	78.47	16.92	9.86	104	712	240	11	0	0	0	0	1067	143.13	4.75	1.82	6.16	12.06	7.90	8.40	2.66	20.44	22.99
6/11/2025 12:17:00 PM	0.19	0.71	0.63	0.34	0.00	0.00	0.00	0.58	1.88	78.25	16.95	9.85	102	712	285	10	0	0	0	0	1109	142.74	4.87	1.85	6.19	12.21	7.87	8.67	2.66	20.41	22.88
6/11/2025 12:17:03 PM	0.29	0.64	0.41	0.48	0.00	0.00	0.00	0.59	1.82	78.33	16.95	9.89	156	636	183	14	0	0	0	0	990	142.88	4.82	1.84	6.09	12.20	8.03	8.63	2.66	20.38	22.90
6/11/2025 12:17:06 PM	0.29	0.73	0.58	0.33	0.00	0.00	0.00	0.57	1.93	78.39	17.00	9.93	152	734	261	10	0	0	0	0	1156	142.99	4.76	1.82	6.27	12.06	7.94	8.61	2.67	20.35	22.87
6/11/2025 12:17:09 PM	0.15	0.76	0.52	0.34	0.00	0.00	0.00	0.58	1.77	78.03	17.13	9.84	77	764	236	10	0	0	0	0	1087	142.32	4.63	1.83	6.24	11.74	7.90	8.02	2.68	20.32	22.85
6/11/2025 12:17:11 PM	0.03	0.94	0.87	0.18	0.00	0.00	0.00	0.59	2.02	78.23	17.13	9.88	18	940	393	5	0	0	0	0	1355	142.68	4.97	2.03	6.80	12.26	8.07	8.56	2.68	20.29	22.77
6/11/2025 12:17:14 PM	0.20	0.70	0.58	0.35	0.00	0.00	0.00	0.58	1.83	78.21	17.16	9.94	103	702	262	10	0	0	0	0	1078	142.65	4.78	1.89	6.16	12.06	7.79	8.49	2.68	20.25	22.74
6/11/2025 12:17:17 PM	0.33	0.66	0.52	0.40	0.00	0.00	0.00	0.58	1.91	78.20	17.16	9.98	176	659	233	12	0	0	0	0	1080	142.64	4.84	1.77	6.12	12.25	7.97	8.83	2.68	20.22	22.70
6/11/2025 12:17:20 PM	0.13	0.79	0.62	0.27	0.00	0.00	0.00	0.58	1.80	77.90	17.25	9.99	68	792	278	8	0	0	0	0	1145	142.09	4.63	1.87	6.27	11.84	7.77	8.10	2.69	20.20	22.70
6/11/2025 12:17:23 PM	0.13	0.75	0.58	0.33	0.00	0.00	0.00	0.59	1.80	77.87	17.29	10.00	69	751	262	10	0	0	0	0	1092	142.03	4.75	1.86	6.24	12.02	7.89	8.29	2.69	20.15	22.66
6/11/2025 12:17:25 PM	0.00	0.83	0.67	0.30	0.00	0.00	0.00	0.59	1.80	77.96	17.32	10.03	0	829	301	9	0	0	0	0	1139	142.20	4.83	1.91	6.43	11.88	7.99	8.08	2.70	20.12	22.64
6/11/2025 12:17:28 PM	0.16	0.78	0.49	0.34	0.00	0.00	0.00	0.59	1.77	78.01	17.38	10.06	84	778	222	10	0	0	0	0	1093	142.29	4.63	1.95	6.32	11.96	7.90	8.09	2.70	20.10	22.66
6/11/2025 12:17:31 PM	0.26	0.76	0.46	0.35	0.00	0.00	0.00	0.59	1.82	77.89	17.46	9.95	137	758	205	11	0	0	0	0	1110	142.08	4.59	1.94	6.31	12.01	7.90	8.24	2.71	20.09	22.59
6/11/2025 12:17:33 PM	0.14	0.78	0.68	0.27	0.00	0.00	0.00	0.59	1.88	77.74	17.52	9.85	77	780	307	8	0	0	0	0	1172	141.79	4.80	1.82	6.29	12.15	7.86	8.48	2.72	20.06	22.53
6/11/2025 12:17:37 PM	0.10	0.77	0.57	0.27	0.00	0.00	0.00	0.60	1.71	77.80	17.63	9.82	53	769	255	8	0	0	0	0	1086	141.90	4.54	1.82	6.13	11.89	7.66	7.95	2.73	19.99	22.53
6/11/2025 12:17:39 PM	0.20	0.77	0.55	0.30	0.00	0.00	0.00	0.59	1.83	77.93	17.71	9.82	106	771	248	9	0	0	0	0	1135	142.14	4.65	1.85	6.28	12.04	7.86	8.28	2.74	19.99	22.48
6/11/2025 12:17:42 PM	0.20	0.75	0.51	0.32	0.00	0.00	0.00	0.59	1.78	77.79	17.72	9.84	104	754	228	10	0	0	0	0	1095	141.88	4.59	1.86	6.22	11.92	7.81	8.14	2.74	19.95	22.46
6/11/2025 12:17:45 PM	0.19	0.79	0.63	0.36	0.00	0.00	0.00	0.61	1.97	77.87	17.73	9.88	99	793	282	11	0	0	0	0	1184	142.03	5.02	2.01	6.56	12.60	8.19	8.88	2.74	19.94	22.42
6/11/2025 12:17:47 PM	0.23	0.80	0.60	0.26	0.00	0.00	0.00	0.59	1.89	77.81	17.80	9.94	121	805	270	8	0	0	0	0	1203	141.92	4.65	1.83	6.36	12.11	7.88	8.38	2.74	19.90	22.38
6/11/2025 12:17:50 PM	0.09	0.78	0.62	0.30	0.00	0.00	0.00	0.59	1.79	77.74	17.90	9.93	48	779	278	9	0	0	0	0	1114	141.79	4.74	1.87	6.27	12.04	7.86	8.22	2.75	19.88	22.38
6/11/2025 12:17:53 PM	0.14	0.71	0.60	0.34	0.00	0.00	0.00	0.59	1.79	77.80	17.90	9.91	73	709	270	10	0	0	0	0	1063	141.91	4.80	1.83	6.12	12.10	7.82	8.43	2.75	19.85	22.34
6/11/2025 12:17:56 PM	0.01	0.88	0.79	0.19	0.00	0.00	0.00	0.59	1.88	77.72	17.94	9.88	7	881	355	6	0	0	0	0	1250	141.75	4.80	1.94	6.52	12.03	7.87	8.23	2.76	19.82	22.29
6/11/2025 12:17:58 PM	0.08	0.92	0.64	0.24	0.00	0.00	0.00	0.60	1.88	77.73	18.16	9.84	41	924	288	7	0	0	0	0	1260	141.78	4.69	1.99	6.70	12.04	8.07	8.07	2.78	19.78	22.25
6/11/2025 12:18:01 PM	0.18	0.78	0.58	0.32	0.00	0.00	0.00	0.60	1.86	77.80	18.31	9.79	95	782	260	9	0	0	0	0	1147	141.90	4.75	1.97	6.38	12.23	7.91	8.43	2.79	19.76	22.21
6/11/2025 12:18:04 PM	0.15	0.72	0.58	0.30	0.00	0.00	0.00	0.60	1.76	77.93	18.54	9.79	77	724	262	9	0	0	0	0	1073	142.14	4.68	1.79	6.08	12.13	7.72	8.30	2.82	19.74	22.22
6/11/2025 12:18:07 PM	0.18	0.77	0.67	0.28	0.00	0.00	0.00	0.60	1.90	77.87	18.67	9.78	96	767	300	8	0	0	0	0	1171	142.03	4.84	1.86	6.30	12.34	7.87	8.65	2.83	19.69	22.21
6/11/2025 12:18:10 PM	0.17	0.88	0.70	0.21	0.00	0.00	0.00	0.59	1.95	77.74	18.86	9.78	88	878	313	6	0	0	0	0	1286	141.80	4.72	1.85	6.55	12.13	7.97	8.38	2.85	19.68	22.16
6/11/2025 12:18:12 PM	0.19	0.80	0.69	0.19	0.00	0.00	0.00	0.59	1.86	77.76	18.93	9.78	99	795	310	6	0	0	0	0	1209	141.84	4.61	1.76	6.22	12.05	7.65	8.33	2.86	19.64	22.09
6/11/2025 12:18:15 PM	0.12	0.84	0.83	0.18	0.00	0.00	0.00	0.60	1.98	77.93	19.10	9.79	66	842	374	5	0	0	0	0	1287	142.14	4.91	1.90	6.47	12.50	7.82	8.78	2.87	19.64	22.14
6/11/2025 12:18:18 PM	0.02	0.85	0.71	0.17	0.00	0.00	0.00	0.60	1.75	77.87	19.25	9.72	12	848	319	5	0	0	0	0	1184	142.04	4.58	1.85	6.29	11.94	7.62	7.94	2.89	19.59	22.05
6/11/2025 12:18:21 PM	0.14	0.79	0.76	0.20	0.00	0.00	0.00	0.59	1.90	77.90	19.45	9.72	76	795	344	6	0	0	0	0	1221	142.08	4.79	1.81	6.28	12.23	7.73	8.56	2.91	19.58	22.03
6/11/2025 12:18:23 PM	0.17	0.82	0.84	0.19	0.00	0.00	0.00	0.60	2.02	77.59	19.62	9.75	90	820	377	6	0	0	0	0	1293	141.53	4.96	1.86	6.44	12.61	7.86	8.98	2.92	19.56	22.05
6/11/2025 12:18:26 PM	0.16	0.80	0.80	0.20	0.00	0.00	0.00	0.59	1.96	77.43	19.77	9.72	85	799	361	6	0	0	0	0	1250	141.23	4.89	1.79	6.33	12.41	7.81	8.79	2.94	19.53	21.93
6/11/2025 12:18:28 PM	0.16	0.76	0.69	0.29	0.00	0.00	0.00	0.61	1.90	77.29	19.95	9.71	87	761	310	9	0	0	0	0	1167	140.97	4.92	1.84	6.30	12.52	7.91	8.79	2.95	19.49	22.00
6/11/2025 12:18:31 PM	0.16	0.89	0.97	0.17	0.00	0.00	0.00	0.61	2.19	77.16	20.05	9.73	85	886	437	5	0	0	0	0	1412	140.74	5.26	1.93	6.76	13.04	8.15	9.49	2.96	19.49	21.93
6/11/2025 12:18:34 PM	0.23	0.86	1.03	0.21	0.00	0.00	0.00	0.61	2.33	76.79	20.22	9.74	121	858	465	6	0	0	0	0	1450	140.07	5.52	1.97	6.86	13.44	8.31	10.10	2.98	19.45	21.87
6/11/2025 12:18:37 PM	0.15	0.97	1.31	0.09	0.00	0.00	0.00	0.63	2.51	76.77	20.27	9.70	79	969	589	3	0	0	0	0	1641	140.02	5.83	2.04	7.20	14.01	8.43	10.65	2.99	19.43	21.85
6/11/2025 12:18:40 PM	0.22	0.87	1.06	0.17	0.00	0.00	0.00	0.60	2.32	76.74	20.44	9.67	118	869	476	5	0	0	0	0	1469	139.97	5.46	1.92	6.83	13.31	8.25	10.00	3.00	19.39	21.87
6/11/2025 12:18:42 PM	0.17	0.95	1.33	0.06	0.00	0.00	0.00	0.62	2.51	76.52	20.61	9.63	88	950	598	2	0	0	0	0	1638	139.57	5.77	1.90	7.07	13.84	8.36	10.59	3.02	19.40	21.81
6/11/2025 12:18:45 PM	0.28	0.90	1.39	0.16	0.00	0.00	0.00	0.64	2.74	76.09	20.74	9.61	150	900	627	5	0	0	0	0	1682	138.79	6.28	2.04	7.28	14.84	8.71	11.77	3.03	19.39	21.82
6/11/2025 12:18:48 PM	0.17	1.05	1.58	0.00	0.00	0.00	0.00	0.64	2.80	75.69	20.95	9.53	91	1050	709	0	0	0	0	0	1850	138.06	6.24	2.06	7.57	14.72	8.69	11.55	3.05	19.34	21.77
6/11/2025 12:18:51 PM	0.28	1.06	1.79	0.00	0.00	0.00	0.00	0.64	3.13	74.74	21.02	9.45	148	1065	803	0	0	0	0	0	2016	136.32	6.76	2.18	7.95	15.54	8.98	12.76	3.06	19.33	21.72
6/11/2025 12:18:53 PM	0.31	1.06	1.81	0.03	0.00	0.00	0.00	0.65	3.21	74.31	21.16	9.39	166	1061	814	1	0	0	0	0	2042	135.54	6.94	2.19	8.00	15.86	9.20	13.13	3.07	19.30	21.71
6/11/2025 12:18:56 PM	0.32	1.14	1.63	0.00	0.00	0.00	0.00	0.66	3.09	72.52	21.28	9.37	169	1140	734	0	0	0	0	0	2043	132.28	6.55	2.16	8.10	15.60	9.15	12.44	3.09	19.29	21.64
6/11/2025 12:18:59 PM	0.30	1.14	1.50	0.00	0.00	0.00	0.00	0.65	2.94	72.56	21.35	9.38	158	1144	676	0	0	0	0	0	1979	132.36	6.24	2.17	8.02	15.08	8.95	11.77	3.09	19.27	21.63
6/11/2025 12:19:02 PM	0.43	0.98	1.16	0.14	0.00	0.00	0.00	0.65	2.71	72.30	21.40	9.38	230	976	521	4	0	0	0	0	1732	131.88	5.89	2.07	7.45	14.77	8.78	11.36	3.10	19.23	21.61
6/11/2025 12:19:04 PM	0.27	1.14	1.53	0.02	0.00	0.00	0.00	0.67	2.96	72.34	21.48	9.48	143	1143	688	1	0	0	0	0	1975	131.95	6.36	2.20	8.00	15.33	9.09	11.96	3.10	19.19	21.60
6/11/2025 12:19:07 PM	0.31	1.08	1.32	0.00	0.00	0.00	0.00	0.65	2.71	72.40	21.49	9.48	164	1081	594	0	0	0	0	0	1839	132.05	5.82	2.02	7.63	14.65	8.58	11.09	3.11	19.18	21.53
6/11/2025 12:19:10 PM	0.32	1.09	1.40	0.03	0.00	0.00	0.00	0.66	2.85	72.59	21.65	9.33	171	1094	631	1	0	0	0	0	1897	132.40	6.11	2.13	7.78	14.99	8.91	11.60	3.12	19.15	21.52
6/11/2025 12:19:12 PM	0.50	1.26	1.33	0.00	0.00	0.00	0.00	0.67	3.09	69.68	21.80	9.12	266	1259	597	0	0	0	0	0	2122	127.11	6.11	2.17	8.49	15.48	9.30	11.90	3.14	19.16	21.53
6/11/2025 12:19:15 PM	1.05	1.67	1.22	0.00	0.00	0.00	0.00	0.64	3.94	55.46	21.89	9.06	555	1668	549	0	0	0	0	0	2772	101.18	6.43	2.43	10.48	16.50	10.82	13.20	3.14	19.11	21.48
6/11/2025 12:19:18 PM	1.00	1.61	1.16	0.00	0.00	0.00	0.00	0.65	3.78	59.26	21.90	9.11	532	1608	524	0	0	0	0	0	2664	108.10	6.24	2.40	10.20	16.21	10.49	12.81	3.15	19.08	21.42
6/11/2025 12:19:21 PM	0.91	1.48	1.22	0.00	0.00	0.00	0.00	0.66	3.60	62.19	22.06	9.15	480	1476	550	0	0	0	0	0	2506	113.44	6.23	2.32	9.55	16.16	10.20	12.77	3.16	19.07	21.45
6/11/2025 12:19:23 PM	1.37	1.84	1.16	0.00	0.00	0.00	0.00	0.66	4.37	53.01	22.26	9.09	725	1842	522	0	0	0	0	0	3089	96.70	6.64	2.61	11.44	17.47	11.48	14.16	3.18	19.06	21.40
6/11/2025 12:19:26 PM	1.59	2.01	1.12	0.00	0.00	0.00	0.00	0.64	4.72	49.95	22.39	9.06	845	2006	504	0	0	0	0	0	3355	91.13	6.75	2.74	12.25	17.78	12.08	14.65	3.19	19.04	21.40
6/11/2025 12:19:29 PM	2.62	2.29	1.42	0.00	0.00	0.00	0.00	0.62	6.33	43.68	22.71	9.05	1389	2294	639	0	0	0	0	0	4322	79.70	8.11	3.26	14.52	20.84	14.02	19.12	3.23	19.02	21.36
6/11/2025 12:19:32 PM	2.51	2.50	1.99	0.00	0.00	0.00	0.00	0.61	7.00	39.93	22.84	8.95	1331	2498	898	0	0	0	0	0	4727	72.86	9.42	3.58	15.77	22.10	15.11	21.08	3.24	18.98	21.27
6/11/2025 12:19:34 PM	2.31	2.40	1.48	0.00	0.00	0.00	0.00	0.63	6.20	42.20	22.89	8.96	1225	2404	668	0	0	0	0	0	4296	77.00	8.20	3.31	14.78	20.61	14.17	18.52	3.24	18.96	21.31
6/11/2025 12:19:37 PM	2.28	2.41	1.49	0.00	0.00	0.00	0.00	0.65	6.17	42.44	22.98	9.01	1208	2408	669	0	0	0	0	0	4285	77.44	8.24	3.23	14.87	20.76	14.08	18.52	3.25	18.95	21.31
6/11/2025 12:19:39 PM	2.20	2.35	1.53	0.00	0.00	0.00	0.00	0.63	6.08	42.13	23.05	9.01	1165	2353	688	0	0	0	0	0	4206	76.86	8.21	3.19	14.59	20.39	13.90	18.29	3.26	18.94	21.23
